CDF: 
1.900000000000000022e-01 3.200000000000000067e-01 7.399999999999999911e-01 1.000000000000000000e+00
1.799999999999999933e-01 6.999999999999999556e-01 8.199999999999999512e-01 1.000000000000000000e+00
2.899999999999999800e-01 7.800000000000000266e-01 8.499999999999999778e-01 1.000000000000000000e+00
sigma: 
1.262840000000000074e-01 2.059613213605931189e-03 1.876753596364604936e-03 2.059613213605931189e-03 1.097759999999999847e-01 4.018890727200236448e-03 1.876753596364604936e-03 4.018890727200236448e-03 1.046239999999999809e-01
1.262840000000000074e-01 7.746711606911743826e-03 6.282983173741813268e-03 7.746711606911743826e-03 1.097759999999999847e-01 7.637931430272268049e-03 6.282983173741813268e-03 7.637931430272268049e-03 1.046239999999999809e-01
1.262840000000000074e-01 1.139532750837502460e-02 1.247808496506762864e-02 1.139532750837502460e-02 1.097759999999999847e-01 1.319122270341437433e-02 1.247808496506762864e-02 1.319122270341437433e-02 1.046239999999999809e-01
1.262840000000000074e-01 1.974826850018467431e-02 1.685724514225998144e-02 1.974826850018467431e-02 1.097759999999999847e-01 1.666257891646858932e-02 1.685724514225998144e-02 1.666257891646858932e-02 1.046239999999999809e-01
1.262840000000000074e-01 2.188060671976259364e-02 2.055858970749598058e-02 2.188060671976259364e-02 1.097759999999999847e-01 2.306415445628882607e-02 2.055858970749598058e-02 2.306415445628882607e-02 1.046239999999999809e-01
1.262840000000000074e-01 3.176416274745324370e-02 2.942473128431851923e-02 3.176416274745324370e-02 1.097759999999999847e-01 3.033335492058427188e-02 2.942473128431851923e-02 3.033335492058427188e-02 1.046239999999999809e-01
1.262840000000000074e-01 3.637850169677868395e-02 3.266534898747260052e-02 3.637850169677868395e-02 1.097759999999999847e-01 3.206687853693327567e-02 3.266534898747260052e-02 3.206687853693327567e-02 1.046239999999999809e-01
1.262840000000000074e-01 4.246528745562236362e-02 3.742181264208990082e-02 4.246528745562236362e-02 1.097759999999999847e-01 3.763073608147222276e-02 3.742181264208990082e-02 3.763073608147222276e-02 1.046239999999999809e-01
1.262840000000000074e-01 4.371786877480188238e-02 4.507866031171637450e-02 4.371786877480188238e-02 1.097759999999999847e-01 4.242697944427718110e-02 4.507866031171637450e-02 4.242697944427718110e-02 1.046239999999999809e-01
1.262840000000000074e-01 5.023757421409726781e-02 4.966098514192431035e-02 5.023757421409726781e-02 1.097759999999999847e-01 4.951685189201188164e-02 4.966098514192431035e-02 4.951685189201188164e-02 1.046239999999999809e-01
1.262840000000000074e-01 5.815663179259830673e-02 5.335707688284418299e-02 5.815663179259830673e-02 1.097759999999999847e-01 5.462268448569339296e-02 5.335707688284418299e-02 5.462268448569339296e-02 1.046239999999999809e-01
1.262840000000000074e-01 6.423929674093860342e-02 5.535507734075848646e-02 6.423929674093860342e-02 1.097759999999999847e-01 6.175318401234448223e-02 5.535507734075848646e-02 6.175318401234448223e-02 1.046239999999999809e-01
1.262840000000000074e-01 6.642187762636442283e-02 6.194849009457829153e-02 6.642187762636442283e-02 1.097759999999999847e-01 6.637736160335414026e-02 6.194849009457829153e-02 6.637736160335414026e-02 1.046239999999999809e-01
1.262840000000000074e-01 7.181016044119589714e-02 6.999340873797736673e-02 7.181016044119589714e-02 1.097759999999999847e-01 7.272201116123086506e-02 6.999340873797736673e-02 7.272201116123086506e-02 1.046239999999999809e-01
1.262840000000000074e-01 8.042398605536327238e-02 7.168624428167104379e-02 8.042398605536327238e-02 1.097759999999999847e-01 7.662853365615274193e-02 7.168624428167104379e-02 7.662853365615274193e-02 1.046239999999999809e-01
1.262840000000000074e-01 8.370180408934468907e-02 7.725358881299601577e-02 8.370180408934468907e-02 1.097759999999999847e-01 7.967582171524767443e-02 7.725358881299601577e-02 7.967582171524767443e-02 1.046239999999999809e-01
1.262840000000000074e-01 8.878308284419876573e-02 8.442952354321092701e-02 8.878308284419876573e-02 1.097759999999999847e-01 8.771268934166555342e-02 8.442952354321092701e-02 8.771268934166555342e-02 1.046239999999999809e-01
1.262840000000000074e-01 9.517874567464745805e-02 8.836025982398776346e-02 9.517874567464745805e-02 1.097759999999999847e-01 9.019518512110140385e-02 8.836025982398776346e-02 9.019518512110140385e-02 1.046239999999999809e-01
1.262840000000000074e-01 9.823557102761190651e-02 9.504936165769632683e-02 9.823557102761190651e-02 1.097759999999999847e-01 9.659662706215563222e-02 9.504936165769632683e-02 9.659662706215563222e-02 1.046239999999999809e-01
1.262840000000000074e-01 1.032720000000000027e-01 9.549599999999999755e-02 1.032720000000000027e-01 1.097759999999999847e-01 9.956799999999998985e-02 9.549599999999999755e-02 9.956799999999998985e-02 1.046239999999999809e-01
c: 
2.416999999999999815e+00
2.677000000000000046e+00
2.302999999999999936e+00
