CDF: 
4.799999999999999822e-01 5.699999999999999512e-01 9.100000000000000311e-01 1.000000000000000000e+00
2.000000000000000111e-01 7.600000000000000089e-01 8.800000000000000044e-01 1.000000000000000000e+00
3.900000000000000133e-01 5.999999999999999778e-01 6.899999999999999467e-01 1.000000000000000000e+00
sigma: 
8.846400000000001485e-02 2.642457982904877680e-03 1.976430943052340586e-03 2.642457982904877680e-03 8.319999999999999618e-02 4.630155502517681494e-03 1.976430943052340586e-03 4.630155502517681494e-03 1.822560000000000291e-01
8.846400000000001485e-02 5.543943303023092690e-03 9.291212137510827460e-03 5.543943303023092690e-03 8.319999999999999618e-02 9.137046913595438247e-03 9.291212137510827460e-03 9.137046913595438247e-03 1.822560000000000291e-01
8.846400000000001485e-02 8.163973566427262449e-03 1.287892644795872107e-02 8.163973566427262449e-03 8.319999999999999618e-02 1.172053925132722843e-02 1.287892644795872107e-02 1.172053925132722843e-02 1.822560000000000291e-01
8.846400000000001485e-02 1.445003380086075200e-02 2.163033907687007124e-02 1.445003380086075200e-02 8.319999999999999618e-02 1.710056787270151923e-02 2.163033907687007124e-02 1.710056787270151923e-02 1.822560000000000291e-01
8.846400000000001485e-02 1.688953276896974429e-02 2.355467653281072965e-02 1.688953276896974429e-02 8.319999999999999618e-02 2.173344511487516895e-02 2.355467653281072965e-02 2.173344511487516895e-02 1.822560000000000291e-01
8.846400000000001485e-02 2.038340829234917134e-02 3.206788033435587632e-02 2.038340829234917134e-02 8.319999999999999618e-02 2.687966229663162412e-02 3.206788033435587632e-02 2.687966229663162412e-02 1.822560000000000291e-01
8.846400000000001485e-02 2.435799551146813208e-02 3.738433884902141874e-02 2.435799551146813208e-02 8.319999999999999618e-02 2.811234941872802623e-02 3.738433884902141874e-02 2.811234941872802623e-02 1.822560000000000291e-01
8.846400000000001485e-02 2.941212180544871754e-02 4.012799247966983979e-02 2.941212180544871754e-02 8.319999999999999618e-02 3.688937797896889303e-02 4.012799247966983979e-02 3.688937797896889303e-02 1.822560000000000291e-01
8.846400000000001485e-02 3.143566630326832118e-02 4.746912584169234867e-02 3.143566630326832118e-02 8.319999999999999618e-02 4.203812015002719032e-02 4.746912584169234867e-02 4.203812015002719032e-02 1.822560000000000291e-01
8.846400000000001485e-02 3.635129352503366912e-02 5.349008752750238765e-02 3.635129352503366912e-02 8.319999999999999618e-02 4.308408284331850108e-02 5.349008752750238765e-02 4.308408284331850108e-02 1.822560000000000291e-01
8.846400000000001485e-02 4.093062096301632036e-02 5.999881997618850688e-02 4.093062096301632036e-02 8.319999999999999618e-02 5.024230497131892265e-02 5.999881997618850688e-02 5.024230497131892265e-02 1.822560000000000291e-01
8.846400000000001485e-02 4.409085854112641811e-02 6.495668231165044326e-02 4.409085854112641811e-02 8.319999999999999618e-02 5.600997194118410155e-02 6.495668231165044326e-02 5.600997194118410155e-02 1.822560000000000291e-01
8.846400000000001485e-02 4.825139947698385556e-02 6.631537611423662937e-02 4.825139947698385556e-02 8.319999999999999618e-02 5.827929515454053494e-02 6.631537611423662937e-02 5.827929515454053494e-02 1.822560000000000291e-01
8.846400000000001485e-02 5.239784764816225043e-02 7.590439332713053155e-02 5.239784764816225043e-02 8.319999999999999618e-02 6.250334384518885233e-02 7.590439332713053155e-02 6.250334384518885233e-02 1.822560000000000291e-01
8.846400000000001485e-02 5.502084698903898091e-02 8.172024425753016130e-02 5.502084698903898091e-02 8.319999999999999618e-02 6.600132576773440340e-02 8.172024425753016130e-02 6.600132576773440340e-02 1.822560000000000291e-01
8.846400000000001485e-02 5.904224346786588612e-02 8.255399217032169390e-02 5.904224346786588612e-02 8.319999999999999618e-02 7.192590641862914302e-02 8.255399217032169390e-02 7.192590641862914302e-02 1.822560000000000291e-01
8.846400000000001485e-02 6.187605872365323223e-02 9.123418449714475187e-02 6.187605872365323223e-02 8.319999999999999618e-02 7.610614486353944885e-02 9.123418449714475187e-02 7.610614486353944885e-02 1.822560000000000291e-01
8.846400000000001485e-02 6.769183561610675470e-02 9.355282722818826502e-02 6.769183561610675470e-02 8.319999999999999618e-02 8.357686996573898686e-02 9.355282722818826502e-02 8.357686996573898686e-02 1.822560000000000291e-01
8.846400000000001485e-02 6.891388117516875078e-02 1.032687695139661299e-01 6.891388117516875078e-02 8.319999999999999618e-02 8.632364952540685921e-02 1.032687695139661299e-01 8.632364952540685921e-02 1.822560000000000291e-01
8.846400000000001485e-02 7.167999999999999372e-02 1.037280000000000146e-01 7.167999999999999372e-02 8.319999999999999618e-02 8.895999999999998353e-02 1.037280000000000146e-01 8.895999999999998353e-02 1.822560000000000291e-01
c: 
2.396999999999999797e+00
1.401999999999999913e+00
2.448999999999999844e+00
