CDF: 
2.999999999999999889e-01 4.199999999999999845e-01 5.899999999999999689e-01 1.000000000000000000e+00
1.199999999999999956e-01 1.700000000000000122e-01 8.299999999999999600e-01 1.000000000000000000e+00
2.700000000000000178e-01 2.899999999999999800e-01 3.900000000000000133e-01 1.000000000000000000e+00
sigma: 
2.027710000000000345e-01 1.649217269912355618e-03 2.087272995495570351e-03 1.649217269912355618e-03 9.077099999999999058e-02 5.188862910571788792e-04 2.087272995495570351e-03 5.188862910571788792e-04 2.070360000000000256e-01
2.027710000000000345e-01 4.599312513905827980e-03 9.890563293181095506e-03 4.599312513905827980e-03 9.077099999999999058e-02 7.406833652404073293e-03 9.890563293181095506e-03 7.406833652404073293e-03 2.070360000000000256e-01
2.027710000000000345e-01 1.233656816911664171e-02 2.442050736835360558e-02 1.233656816911664171e-02 9.077099999999999058e-02 1.135479236760133376e-02 2.442050736835360558e-02 1.135479236760133376e-02 2.070360000000000256e-01
2.027710000000000345e-01 1.540386592820095109e-02 3.180674603431684483e-02 1.540386592820095109e-02 9.077099999999999058e-02 1.450494146649799511e-02 3.180674603431684483e-02 1.450494146649799511e-02 2.070360000000000256e-01
2.027710000000000345e-01 2.155601751443971675e-02 4.280436012240616817e-02 2.155601751443971675e-02 9.077099999999999058e-02 1.725290975967141288e-02 4.280436012240616817e-02 1.725290975967141288e-02 2.070360000000000256e-01
2.027710000000000345e-01 2.493348448149379851e-02 4.607132622912060715e-02 2.493348448149379851e-02 9.077099999999999058e-02 2.173045686264126267e-02 4.607132622912060715e-02 2.173045686264126267e-02 2.070360000000000256e-01
2.027710000000000345e-01 2.783063648596165521e-02 5.499150971786564979e-02 2.783063648596165521e-02 9.077099999999999058e-02 2.650711135581293454e-02 5.499150971786564979e-02 2.650711135581293454e-02 2.070360000000000256e-01
2.027710000000000345e-01 3.491610380347085624e-02 6.699961465776940739e-02 3.491610380347085624e-02 9.077099999999999058e-02 2.977224631349445830e-02 6.699961465776940739e-02 2.977224631349445830e-02 2.070360000000000256e-01
2.027710000000000345e-01 3.783776827911922158e-02 7.242764917902590194e-02 3.783776827911922158e-02 9.077099999999999058e-02 3.286822919493519873e-02 7.242764917902590194e-02 3.286822919493519873e-02 2.070360000000000256e-01
2.027710000000000345e-01 4.077448288159811474e-02 7.754205683816964290e-02 4.077448288159811474e-02 9.077099999999999058e-02 3.610751598973015175e-02 7.754205683816964290e-02 3.610751598973015175e-02 2.070360000000000256e-01
2.027710000000000345e-01 4.864035436054164885e-02 9.042625783172025811e-02 4.864035436054164885e-02 9.077099999999999058e-02 3.843043875976452639e-02 9.042625783172025811e-02 3.843043875976452639e-02 2.070360000000000256e-01
2.027710000000000345e-01 4.928362162718939732e-02 1.019845547871470609e-01 4.928362162718939732e-02 9.077099999999999058e-02 4.260180907249988547e-02 1.019845547871470609e-01 4.260180907249988547e-02 2.070360000000000256e-01
2.027710000000000345e-01 5.756953377753869922e-02 1.076967092363842055e-01 5.756953377753869922e-02 9.077099999999999058e-02 4.915761999979349761e-02 1.076967092363842055e-01 4.915761999979349761e-02 2.070360000000000256e-01
2.027710000000000345e-01 6.166890471477176616e-02 1.121823664295018008e-01 6.166890471477176616e-02 9.077099999999999058e-02 5.161895463149769603e-02 1.121823664295018008e-01 5.161895463149769603e-02 2.070360000000000256e-01
2.027710000000000345e-01 6.345605390582319261e-02 1.243740378568728294e-01 6.345605390582319261e-02 9.077099999999999058e-02 5.506429264500468240e-02 1.243740378568728294e-01 5.506429264500468240e-02 2.070360000000000256e-01
2.027710000000000345e-01 6.853261719680514563e-02 1.355008337523014028e-01 6.853261719680514563e-02 9.077099999999999058e-02 5.735505194167769133e-02 1.355008337523014028e-01 5.735505194167769133e-02 2.070360000000000256e-01
2.027710000000000345e-01 7.174519834765327730e-02 1.391657521635595307e-01 7.174519834765327730e-02 9.077099999999999058e-02 6.239373413354377257e-02 1.391657521635595307e-01 6.239373413354377257e-02 2.070360000000000256e-01
2.027710000000000345e-01 7.728375121831308758e-02 1.487568193991543886e-01 7.728375121831308758e-02 9.077099999999999058e-02 6.748032816324900374e-02 1.487568193991543886e-01 6.748032816324900374e-02 2.070360000000000256e-01
2.027710000000000345e-01 8.066792509804190936e-02 1.622144473867161152e-01 8.066792509804190936e-02 9.077099999999999058e-02 7.045575521961326693e-02 1.622144473867161152e-01 7.045575521961326693e-02 2.070360000000000256e-01
2.027710000000000345e-01 8.447100000000000442e-02 1.630340000000000122e-01 8.447100000000000442e-02 9.077099999999999058e-02 7.213400000000000367e-02 1.630340000000000122e-01 7.213400000000000367e-02 2.070360000000000256e-01
c: 
1.159000000000000030e+00
1.548999999999999932e+00
1.116000000000000103e+00
