CDF: 
1.499999999999999944e-01 1.900000000000000022e-01 4.799999999999999822e-01 1.000000000000000000e+00
4.400000000000000022e-01 4.600000000000000200e-01 6.500000000000000222e-01 1.000000000000000000e+00
2.200000000000000011e-01 3.200000000000000067e-01 6.999999999999999556e-01 1.000000000000000000e+00
sigma: 
1.532640000000000113e-01 2.513916994193555760e-03 4.844780637924261946e-03 2.513916994193555760e-03 1.963000000000000300e-01 6.298852930039884265e-03 4.844780637924261946e-03 6.298852930039884265e-03 1.420160000000000033e-01
1.532640000000000113e-01 1.440738421095812127e-02 1.063075878402849200e-02 1.440738421095812127e-02 1.963000000000000300e-01 1.100961892776183663e-02 1.063075878402849200e-02 1.100961892776183663e-02 1.420160000000000033e-01
1.532640000000000113e-01 2.280934063820241192e-02 1.262150329574704931e-02 2.280934063820241192e-02 1.963000000000000300e-01 1.883263223675095410e-02 1.262150329574704931e-02 1.883263223675095410e-02 1.420160000000000033e-01
1.532640000000000113e-01 2.600826030011690534e-02 2.473072955441688037e-02 2.600826030011690534e-02 1.963000000000000300e-01 2.476455675819610319e-02 2.473072955441688037e-02 2.476455675819610319e-02 1.420160000000000033e-01
1.532640000000000113e-01 3.444123014021818752e-02 2.992052003703608853e-02 3.444123014021818752e-02 1.963000000000000300e-01 3.241769998370004624e-02 2.992052003703608853e-02 3.241769998370004624e-02 1.420160000000000033e-01
1.532640000000000113e-01 4.599543900539361518e-02 3.244536803316622198e-02 4.599543900539361518e-02 1.963000000000000300e-01 4.630236175748848881e-02 3.244536803316622198e-02 4.630236175748848881e-02 1.420160000000000033e-01
1.532640000000000113e-01 4.888552480466136496e-02 4.183968691974983278e-02 4.888552480466136496e-02 1.963000000000000300e-01 4.793347926668421743e-02 4.183968691974983278e-02 4.793347926668421743e-02 1.420160000000000033e-01
1.532640000000000113e-01 5.898750325373063041e-02 4.430597708802936491e-02 5.898750325373063041e-02 1.963000000000000300e-01 5.898949816386651196e-02 4.430597708802936491e-02 5.898949816386651196e-02 1.420160000000000033e-01
1.532640000000000113e-01 6.312284066904540192e-02 5.425264652387950387e-02 6.312284066904540192e-02 1.963000000000000300e-01 6.673269628868901127e-02 5.425264652387950387e-02 6.673269628868901127e-02 1.420160000000000033e-01
1.532640000000000113e-01 7.327507457300271032e-02 5.627048872682650915e-02 7.327507457300271032e-02 1.963000000000000300e-01 7.372591781546219969e-02 5.627048872682650915e-02 7.372591781546219969e-02 1.420160000000000033e-01
1.532640000000000113e-01 7.736294262362163054e-02 6.626037527631774282e-02 7.736294262362163054e-02 1.963000000000000300e-01 8.095779595961680175e-02 6.626037527631774282e-02 8.095779595961680175e-02 1.420160000000000033e-01
1.532640000000000113e-01 8.879209140173470460e-02 7.175755075060390176e-02 8.879209140173470460e-02 1.963000000000000300e-01 9.099495427762059607e-02 7.175755075060390176e-02 9.099495427762059607e-02 1.420160000000000033e-01
1.532640000000000113e-01 9.787927325345142926e-02 8.033834102528732146e-02 9.787927325345142926e-02 1.963000000000000300e-01 9.739043317094796259e-02 8.033834102528732146e-02 9.739043317094796259e-02 1.420160000000000033e-01
1.532640000000000113e-01 1.067328943804841113e-01 8.313035521146398821e-02 1.067328943804841113e-01 1.963000000000000300e-01 1.091404876393836793e-01 8.313035521146398821e-02 1.091404876393836793e-01 1.420160000000000033e-01
1.532640000000000113e-01 1.079938352238431487e-01 8.928301156082667223e-02 1.079938352238431487e-01 1.963000000000000300e-01 1.128351913232255171e-01 8.928301156082667223e-02 1.128351913232255171e-01 1.420160000000000033e-01
1.532640000000000113e-01 1.156478202345281314e-01 9.704617833391750159e-02 1.156478202345281314e-01 1.963000000000000300e-01 1.238878401832979176e-01 9.704617833391750159e-02 1.238878401832979176e-01 1.420160000000000033e-01
1.532640000000000113e-01 1.238502902983486947e-01 1.039102391275266574e-01 1.238502902983486947e-01 1.963000000000000300e-01 1.266852758167996973e-01 1.039102391275266574e-01 1.266852758167996973e-01 1.420160000000000033e-01
1.532640000000000113e-01 1.328001312591215455e-01 1.064332830755129466e-01 1.328001312591215455e-01 1.963000000000000300e-01 1.383574579394996062e-01 1.064332830755129466e-01 1.383574579394996062e-01 1.420160000000000033e-01
1.532640000000000113e-01 1.386758364377785602e-01 1.122455826245492699e-01 1.386758364377785602e-01 1.963000000000000300e-01 1.468871444909956581e-01 1.122455826245492699e-01 1.468871444909956581e-01 1.420160000000000033e-01
1.532640000000000113e-01 1.458800000000000097e-01 1.176320000000000005e-01 1.458800000000000097e-01 1.963000000000000300e-01 1.490400000000000058e-01 1.176320000000000005e-01 1.490400000000000058e-01 1.420160000000000033e-01
c: 
2.479999999999999982e+00
1.449000000000000066e+00
2.115000000000000213e+00
