CDF: 
1.199999999999999956e-01 6.899999999999999467e-01 8.199999999999999512e-01 1.000000000000000000e+00
4.600000000000000200e-01 6.999999999999999556e-01 7.399999999999999911e-01 1.000000000000000000e+00
2.200000000000000011e-01 8.100000000000000533e-01 8.399999999999999689e-01 1.000000000000000000e+00
sigma: 
1.212239999999999845e-01 3.954864113533959787e-03 2.017819850532314840e-03 3.954864113533959787e-03 1.783839999999999870e-01 2.631867034822198484e-03 2.017819850532314840e-03 2.631867034822198484e-03 1.166160000000000113e-01
1.212239999999999845e-01 1.295590687972464523e-02 1.065170382993454144e-02 1.295590687972464523e-02 1.783839999999999870e-01 8.358669436821532933e-03 1.065170382993454144e-02 8.358669436821532933e-03 1.166160000000000113e-01
1.212239999999999845e-01 1.452913330344630591e-02 1.511712096046139223e-02 1.452913330344630591e-02 1.783839999999999870e-01 1.506922381697224818e-02 1.511712096046139223e-02 1.506922381697224818e-02 1.166160000000000113e-01
1.212239999999999845e-01 2.221601636762800605e-02 2.329831078399027117e-02 2.221601636762800605e-02 1.783839999999999870e-01 2.217787347507090001e-02 2.329831078399027117e-02 2.217787347507090001e-02 1.166160000000000113e-01
1.212239999999999845e-01 2.980194577080782364e-02 2.460881292603609924e-02 2.980194577080782364e-02 1.783839999999999870e-01 2.412100661443192587e-02 2.460881292603609924e-02 2.412100661443192587e-02 1.166160000000000113e-01
1.212239999999999845e-01 3.858900867654553590e-02 3.462977621007592294e-02 3.858900867654553590e-02 1.783839999999999870e-01 3.427162869095396608e-02 3.462977621007592294e-02 3.427162869095396608e-02 1.166160000000000113e-01
1.212239999999999845e-01 4.121462254712420642e-02 3.908595270339940142e-02 4.121462254712420642e-02 1.783839999999999870e-01 3.801420497906141116e-02 3.908595270339940142e-02 3.801420497906141116e-02 1.166160000000000113e-01
1.212239999999999845e-01 4.734386850442725420e-02 4.520452753347046354e-02 4.734386850442725420e-02 1.783839999999999870e-01 4.436155373148761849e-02 4.520452753347046354e-02 4.436155373148761849e-02 1.166160000000000113e-01
1.212239999999999845e-01 5.639292622286395246e-02 5.297103241445303562e-02 5.639292622286395246e-02 1.783839999999999870e-01 5.091751083061223093e-02 5.297103241445303562e-02 5.091751083061223093e-02 1.166160000000000113e-01
1.212239999999999845e-01 6.681957414324997402e-02 5.533155995504882713e-02 6.681957414324997402e-02 1.783839999999999870e-01 5.587277832903815578e-02 5.533155995504882713e-02 5.587277832903815578e-02 1.166160000000000113e-01
1.212239999999999845e-01 6.824249623348209448e-02 6.386797645086746134e-02 6.824249623348209448e-02 1.783839999999999870e-01 6.032524880141135193e-02 6.386797645086746134e-02 6.032524880141135193e-02 1.166160000000000113e-01
1.212239999999999845e-01 7.580197446507308534e-02 6.967194390115780123e-02 7.580197446507308534e-02 1.783839999999999870e-01 6.847850551985668055e-02 6.967194390115780123e-02 6.847850551985668055e-02 1.166160000000000113e-01
1.212239999999999845e-01 8.626468657169786280e-02 7.566837552274637002e-02 8.626468657169786280e-02 1.783839999999999870e-01 7.640286542817381621e-02 7.566837552274637002e-02 7.640286542817381621e-02 1.166160000000000113e-01
1.212239999999999845e-01 9.292271899833152993e-02 7.896828701691277486e-02 9.292271899833152993e-02 1.783839999999999870e-01 8.035829458217941257e-02 7.896828701691277486e-02 8.035829458217941257e-02 1.166160000000000113e-01
1.212239999999999845e-01 1.010084410415327399e-01 8.373915600697767747e-02 1.010084410415327399e-01 1.783839999999999870e-01 8.651710805386550462e-02 8.373915600697767747e-02 8.651710805386550462e-02 1.166160000000000113e-01
1.212239999999999845e-01 1.074607765055526215e-01 9.421928648616870183e-02 1.074607765055526215e-01 1.783839999999999870e-01 9.208509684075202872e-02 9.421928648616870183e-02 9.208509684075202872e-02 1.166160000000000113e-01
1.212239999999999845e-01 1.104536398493859151e-01 9.997315917938147389e-02 1.104536398493859151e-01 1.783839999999999870e-01 9.553556981038448248e-02 9.997315917938147389e-02 9.553556981038448248e-02 1.166160000000000113e-01
1.212239999999999845e-01 1.181745261856820134e-01 1.036366521941405605e-01 1.181745261856820134e-01 1.783839999999999870e-01 1.035049864877365111e-01 1.036366521941405605e-01 1.035049864877365111e-01 1.166160000000000113e-01
1.212239999999999845e-01 1.252598288859122222e-01 1.079487898849408600e-01 1.252598288859122222e-01 1.783839999999999870e-01 1.118682732663804219e-01 1.079487898849408600e-01 1.118682732663804219e-01 1.166160000000000113e-01
1.212239999999999845e-01 1.285039999999999794e-01 1.122720000000000107e-01 1.285039999999999794e-01 1.783839999999999870e-01 1.121119999999999894e-01 1.122720000000000107e-01 1.121119999999999894e-01 1.166160000000000113e-01
c: 
2.564999999999999947e+00
2.498000000000000220e+00
2.435999999999999943e+00
