CDF: 
5.999999999999999778e-01 8.499999999999999778e-01 9.200000000000000400e-01 1.000000000000000000e+00
5.899999999999999689e-01 6.099999999999999867e-01 7.700000000000000178e-01 1.000000000000000000e+00
2.899999999999999800e-01 3.099999999999999978e-01 7.600000000000000089e-01 1.000000000000000000e+00
sigma: 
7.623600000000001209e-02 2.562995720536728576e-03 1.686173009807326838e-03 2.562995720536728576e-03 1.675959999999999950e-01 1.502486334819694682e-03 1.686173009807326838e-03 1.502486334819694682e-03 1.330240000000000034e-01
7.623600000000001209e-02 8.298940052335371589e-03 5.304932975109867034e-03 8.298940052335371589e-03 1.675959999999999950e-01 1.200748162771590917e-02 5.304932975109867034e-03 1.200748162771590917e-02 1.330240000000000034e-01
7.623600000000001209e-02 1.107644979102674621e-02 9.924757137052838893e-03 1.107644979102674621e-02 1.675959999999999950e-01 1.709184833213086077e-02 9.924757137052838893e-03 1.709184833213086077e-02 1.330240000000000034e-01
7.623600000000001209e-02 1.827464902192517740e-02 1.171345263563848549e-02 1.827464902192517740e-02 1.675959999999999950e-01 2.762284404838278792e-02 1.171345263563848549e-02 2.762284404838278792e-02 1.330240000000000034e-01
7.623600000000001209e-02 1.899895046457461892e-02 1.556296623417840162e-02 1.899895046457461892e-02 1.675959999999999950e-01 3.308001157190228886e-02 1.556296623417840162e-02 3.308001157190228886e-02 1.330240000000000034e-01
7.623600000000001209e-02 2.620580431416028380e-02 2.113205090370930475e-02 2.620580431416028380e-02 1.675959999999999950e-01 3.931460046807774139e-02 2.113205090370930475e-02 3.931460046807774139e-02 1.330240000000000034e-01
7.623600000000001209e-02 3.070252612342205117e-02 2.281644421336738449e-02 3.070252612342205117e-02 1.675959999999999950e-01 4.689830721216699944e-02 2.281644421336738449e-02 4.689830721216699944e-02 1.330240000000000034e-01
7.623600000000001209e-02 3.418919193114094285e-02 2.733345348933501756e-02 3.418919193114094285e-02 1.675959999999999950e-01 5.192974153567882223e-02 2.733345348933501756e-02 5.192974153567882223e-02 1.330240000000000034e-01
7.623600000000001209e-02 4.165442051008491631e-02 3.342272876429584066e-02 4.165442051008491631e-02 1.675959999999999950e-01 5.916696972295421020e-02 3.342272876429584066e-02 5.916696972295421020e-02 1.330240000000000034e-01
7.623600000000001209e-02 4.490597348151056240e-02 3.609838288646285281e-02 4.490597348151056240e-02 1.675959999999999950e-01 6.660901448281386639e-02 3.609838288646285281e-02 6.660901448281386639e-02 1.330240000000000034e-01
7.623600000000001209e-02 4.810099181850970712e-02 3.867822931730401786e-02 4.810099181850970712e-02 1.675959999999999950e-01 7.211110131033418580e-02 3.867822931730401786e-02 7.211110131033418580e-02 1.330240000000000034e-01
7.623600000000001209e-02 5.379320660118624975e-02 4.276628486281516817e-02 5.379320660118624975e-02 1.675959999999999950e-01 7.973101775149278592e-02 4.276628486281516817e-02 7.973101775149278592e-02 1.330240000000000034e-01
7.623600000000001209e-02 6.021825439049792450e-02 4.564068706044129703e-02 6.021825439049792450e-02 1.675959999999999950e-01 9.092610720645025180e-02 4.564068706044129703e-02 9.092610720645025180e-02 1.330240000000000034e-01
7.623600000000001209e-02 6.489366173566968321e-02 5.032101424743929546e-02 6.489366173566968321e-02 1.675959999999999950e-01 9.493592877584043632e-02 5.032101424743929546e-02 9.493592877584043632e-02 1.330240000000000034e-01
7.623600000000001209e-02 6.811170370689706433e-02 5.384092286964391183e-02 6.811170370689706433e-02 1.675959999999999950e-01 9.935957046592246156e-02 5.384092286964391183e-02 9.935957046592246156e-02 1.330240000000000034e-01
7.623600000000001209e-02 7.573069429605457092e-02 6.003433299921048100e-02 7.573069429605457092e-02 1.675959999999999950e-01 1.055483551721350804e-01 6.003433299921048100e-02 1.055483551721350804e-01 1.330240000000000034e-01
7.623600000000001209e-02 7.946234960074766152e-02 6.352540812051515884e-02 7.946234960074766152e-02 1.675959999999999950e-01 1.150394997618212206e-01 6.352540812051515884e-02 1.150394997618212206e-01 1.330240000000000034e-01
7.623600000000001209e-02 8.456194439728478840e-02 6.662379606640730922e-02 8.456194439728478840e-02 1.675959999999999950e-01 1.253569512025357324e-01 6.662379606640730922e-02 1.253569512025357324e-01 1.330240000000000034e-01
7.623600000000001209e-02 8.559401551784460993e-02 6.994664701332814483e-02 8.559401551784460993e-02 1.675959999999999950e-01 1.330347696665708790e-01 6.994664701332814483e-02 1.330347696665708790e-01 1.330240000000000034e-01
7.623600000000001209e-02 9.011600000000000166e-02 7.180800000000001071e-02 9.011600000000000166e-02 1.675959999999999950e-01 1.332479999999999776e-01 7.180800000000001071e-02 1.332479999999999776e-01 1.330240000000000034e-01
c: 
2.515000000000000124e+00
2.619000000000000217e+00
1.979999999999999982e+00
