CDF: 
3.099999999999999978e-01 3.900000000000000133e-01 9.200000000000000400e-01 1.000000000000000000e+00
1.799999999999999933e-01 2.999999999999999889e-01 8.299999999999999600e-01 1.000000000000000000e+00
4.400000000000000022e-01 5.200000000000000178e-01 8.900000000000000133e-01 1.000000000000000000e+00
sigma: 
6.749099999999999544e-02 2.258991658890872542e-03 6.196891024593826486e-04 2.258991658890872542e-03 1.026190000000000019e-01 2.821234593398054373e-03 6.196891024593826486e-04 2.821234593398054373e-03 9.165900000000000436e-02
6.749099999999999544e-02 5.049741218941136006e-03 5.947945634613820316e-03 5.049741218941136006e-03 1.026190000000000019e-01 7.469025402293023343e-03 5.947945634613820316e-03 7.469025402293023343e-03 9.165900000000000436e-02
6.749099999999999544e-02 7.713140797383826776e-03 1.011833137260551713e-02 7.713140797383826776e-03 1.026190000000000019e-01 8.489514687430870996e-03 1.011833137260551713e-02 8.489514687430870996e-03 9.165900000000000436e-02
6.749099999999999544e-02 1.269692204970614136e-02 1.359787327707081585e-02 1.269692204970614136e-02 1.026190000000000019e-01 1.393732334068263808e-02 1.359787327707081585e-02 1.393732334068263808e-02 9.165900000000000436e-02
6.749099999999999544e-02 1.437415210098423775e-02 1.541475441595514979e-02 1.437415210098423775e-02 1.026190000000000019e-01 1.947290794722204496e-02 1.541475441595514979e-02 1.947290794722204496e-02 9.165900000000000436e-02
6.749099999999999544e-02 2.038203473475144745e-02 1.981876463016270934e-02 2.038203473475144745e-02 1.026190000000000019e-01 2.437385005879598096e-02 1.981876463016270934e-02 2.437385005879598096e-02 9.165900000000000436e-02
6.749099999999999544e-02 2.311749076118252075e-02 2.339077002584832518e-02 2.311749076118252075e-02 1.026190000000000019e-01 2.619341970790644430e-02 2.339077002584832518e-02 2.619341970790644430e-02 9.165900000000000436e-02
6.749099999999999544e-02 2.604380415556509232e-02 2.654231058636185442e-02 2.604380415556509232e-02 1.026190000000000019e-01 3.302096454874065695e-02 2.654231058636185442e-02 3.302096454874065695e-02 9.165900000000000436e-02
6.749099999999999544e-02 2.785771524948104164e-02 2.958925472014436314e-02 2.785771524948104164e-02 1.026190000000000019e-01 3.654123358945079308e-02 2.958925472014436314e-02 3.654123358945079308e-02 9.165900000000000436e-02
6.749099999999999544e-02 3.343557938525489742e-02 3.583640130823832065e-02 3.343557938525489742e-02 1.026190000000000019e-01 3.988822592468565381e-02 3.583640130823832065e-02 3.988822592468565381e-02 9.165900000000000436e-02
6.749099999999999544e-02 3.666488745058936460e-02 3.772341277571829299e-02 3.666488745058936460e-02 1.026190000000000019e-01 4.295015448237132077e-02 3.772341277571829299e-02 4.295015448237132077e-02 9.165900000000000436e-02
6.749099999999999544e-02 3.774169191588546551e-02 4.299942546116844455e-02 3.774169191588546551e-02 1.026190000000000019e-01 5.053394146803465159e-02 4.299942546116844455e-02 5.053394146803465159e-02 9.165900000000000436e-02
6.749099999999999544e-02 4.288214860771651094e-02 4.530981395405130757e-02 4.288214860771651094e-02 1.026190000000000019e-01 5.204193398884356808e-02 4.530981395405130757e-02 5.204193398884356808e-02 9.165900000000000436e-02
6.749099999999999544e-02 4.465026557242599697e-02 4.862773665442578913e-02 4.465026557242599697e-02 1.026190000000000019e-01 5.699598011534479786e-02 4.862773665442578913e-02 5.699598011534479786e-02 9.165900000000000436e-02
6.749099999999999544e-02 4.888386328073809906e-02 5.025448719627173544e-02 4.888386328073809906e-02 1.026190000000000019e-01 5.916936951300046099e-02 5.025448719627173544e-02 5.916936951300046099e-02 9.165900000000000436e-02
6.749099999999999544e-02 5.281537900482709963e-02 5.416956189262479154e-02 5.281537900482709963e-02 1.026190000000000019e-01 6.397832441111893365e-02 5.416956189262479154e-02 6.397832441111893365e-02 9.165900000000000436e-02
6.749099999999999544e-02 5.737400037087303506e-02 5.786634132291779142e-02 5.737400037087303506e-02 1.026190000000000019e-01 6.791557110983857670e-02 5.786634132291779142e-02 6.791557110983857670e-02 9.165900000000000436e-02
6.749099999999999544e-02 6.056825252360854839e-02 6.140039469230618163e-02 6.056825252360854839e-02 1.026190000000000019e-01 7.298276590320959545e-02 6.140039469230618163e-02 7.298276590320959545e-02 9.165900000000000436e-02
6.749099999999999544e-02 6.410086761810063205e-02 6.719946017657919823e-02 6.410086761810063205e-02 1.026190000000000019e-01 7.834847912385758950e-02 6.719946017657919823e-02 7.834847912385758950e-02 9.165900000000000436e-02
6.749099999999999544e-02 6.477299999999999724e-02 6.813700000000000312e-02 6.477299999999999724e-02 1.026190000000000019e-01 8.021100000000000452e-02 6.813700000000000312e-02 8.021100000000000452e-02 9.165900000000000436e-02
c: 
2.605999999999999872e+00
2.632000000000000117e+00
1.721000000000000085e+00
