CDF: 
1.600000000000000033e-01 5.500000000000000444e-01 9.399999999999999467e-01 1.000000000000000000e+00
2.300000000000000100e-01 4.500000000000000111e-01 8.000000000000000444e-01 1.000000000000000000e+00
3.499999999999999778e-01 4.000000000000000222e-01 4.600000000000000200e-01 1.000000000000000000e+00
sigma: 
5.156399999999999179e-02 1.087822379398922009e-03 8.546714113737905990e-04 1.087822379398922009e-03 1.173440000000000177e-01 6.238522026937896175e-03 8.546714113737905990e-04 6.238522026937896175e-03 2.221239999999999881e-01
5.156399999999999179e-02 5.720311146482197524e-03 5.887392810682449094e-03 5.720311146482197524e-03 1.173440000000000177e-01 7.664217350423186206e-03 5.887392810682449094e-03 7.664217350423186206e-03 2.221239999999999881e-01
5.156399999999999179e-02 6.669702664335419584e-03 1.105935225932561973e-02 6.669702664335419584e-03 1.173440000000000177e-01 1.515270598761827951e-02 1.105935225932561973e-02 1.515270598761827951e-02 2.221239999999999881e-01
5.156399999999999179e-02 1.057379926270191582e-02 1.259906362548591022e-02 1.057379926270191582e-02 1.173440000000000177e-01 1.962809047493280570e-02 1.259906362548591022e-02 1.962809047493280570e-02 2.221239999999999881e-01
5.156399999999999179e-02 1.273464569187892498e-02 1.636133520742917916e-02 1.273464569187892498e-02 1.173440000000000177e-01 3.068202694245094481e-02 1.636133520742917916e-02 3.068202694245094481e-02 2.221239999999999881e-01
5.156399999999999179e-02 1.780862506437731058e-02 1.963216139076334396e-02 1.780862506437731058e-02 1.173440000000000177e-01 3.817345676126485121e-02 1.963216139076334396e-02 3.817345676126485121e-02 2.221239999999999881e-01
5.156399999999999179e-02 2.072162651983479320e-02 2.566623199585241905e-02 2.072162651983479320e-02 1.173440000000000177e-01 4.467988442911970115e-02 2.566623199585241905e-02 4.467988442911970115e-02 2.221239999999999881e-01
5.156399999999999179e-02 2.359106432895841793e-02 2.823933272027228172e-02 2.359106432895841793e-02 1.173440000000000177e-01 4.945368622681733245e-02 2.823933272027228172e-02 4.945368622681733245e-02 2.221239999999999881e-01
5.156399999999999179e-02 2.770311005314962660e-02 3.371412332857175176e-02 2.770311005314962660e-02 1.173440000000000177e-01 5.291069390351032381e-02 3.371412332857175176e-02 5.291069390351032381e-02 2.221239999999999881e-01
5.156399999999999179e-02 3.117409411063680816e-02 3.425447299704668241e-02 3.117409411063680816e-02 1.173440000000000177e-01 6.369923198342000714e-02 3.425447299704668241e-02 6.369923198342000714e-02 2.221239999999999881e-01
5.156399999999999179e-02 3.379659857254681959e-02 4.006835470661538473e-02 3.379659857254681959e-02 1.173440000000000177e-01 6.980017853643565029e-02 4.006835470661538473e-02 6.980017853643565029e-02 2.221239999999999881e-01
5.156399999999999179e-02 3.600650722141331139e-02 4.394017844584612725e-02 3.600650722141331139e-02 1.173440000000000177e-01 7.135072226880546931e-02 4.394017844584612725e-02 7.135072226880546931e-02 2.221239999999999881e-01
5.156399999999999179e-02 3.930735972443910597e-02 4.617327453334518772e-02 3.930735972443910597e-02 1.173440000000000177e-01 7.902482788384466994e-02 4.617327453334518772e-02 7.902482788384466994e-02 2.221239999999999881e-01
5.156399999999999179e-02 4.264912880805293155e-02 5.067110034239333954e-02 4.264912880805293155e-02 1.173440000000000177e-01 9.041633747546717892e-02 5.067110034239333954e-02 9.041633747546717892e-02 2.221239999999999881e-01
5.156399999999999179e-02 4.530180884276263642e-02 5.477019187482201623e-02 4.530180884276263642e-02 1.173440000000000177e-01 9.547933619512706527e-02 5.477019187482201623e-02 9.547933619512706527e-02 2.221239999999999881e-01
5.156399999999999179e-02 4.826148318061523890e-02 5.912809125249997994e-02 4.826148318061523890e-02 1.173440000000000177e-01 1.003832834357788750e-01 5.912809125249997994e-02 1.003832834357788750e-01 2.221239999999999881e-01
5.156399999999999179e-02 5.096568509699403449e-02 6.205429021315369414e-02 5.096568509699403449e-02 1.173440000000000177e-01 1.081732053223573853e-01 6.205429021315369414e-02 1.081732053223573853e-01 2.221239999999999881e-01
5.156399999999999179e-02 5.612362508516582915e-02 6.726509326835061753e-02 5.612362508516582915e-02 1.173440000000000177e-01 1.152416251391186058e-01 6.726509326835061753e-02 1.152416251391186058e-01 2.221239999999999881e-01
5.156399999999999179e-02 5.794447250824875939e-02 6.979378368253594256e-02 5.794447250824875939e-02 1.173440000000000177e-01 1.189089171988647470e-01 6.979378368253594256e-02 1.189089171988647470e-01 2.221239999999999881e-01
5.156399999999999179e-02 5.990399999999999892e-02 7.204399999999999693e-02 5.990399999999999892e-02 1.173440000000000177e-01 1.231840000000000157e-01 7.204399999999999693e-02 1.231840000000000157e-01 2.221239999999999881e-01
c: 
1.197999999999999954e+00
1.578000000000000069e+00
1.169999999999999929e+00
