CDF: 
2.300000000000000100e-01 3.099999999999999978e-01 5.600000000000000533e-01 1.000000000000000000e+00
2.999999999999999889e-01 5.500000000000000444e-01 6.500000000000000222e-01 1.000000000000000000e+00
1.000000000000000056e-01 5.699999999999999512e-01 6.099999999999999867e-01 1.000000000000000000e+00
sigma: 
1.897709999999999952e-01 6.171407737866414084e-03 2.015989559898289895e-05 6.171407737866414084e-03 1.974749999999999839e-01 9.297652886932560382e-03 2.015989559898289895e-05 9.297652886932560382e-03 1.966989999999999572e-01
1.897709999999999952e-01 1.501096713537054990e-02 1.196295275187928345e-02 1.501096713537054990e-02 1.974749999999999839e-01 1.303890615117110109e-02 1.196295275187928345e-02 1.303890615117110109e-02 1.966989999999999572e-01
1.897709999999999952e-01 2.710517224290118557e-02 2.454446835729228588e-02 2.710517224290118557e-02 1.974749999999999839e-01 2.204938995123118320e-02 2.454446835729228588e-02 2.204938995123118320e-02 1.966989999999999572e-01
1.897709999999999952e-01 3.117825844401704224e-02 3.308585574619227893e-02 3.117825844401704224e-02 1.974749999999999839e-01 3.254192138822198377e-02 3.308585574619227893e-02 3.254192138822198377e-02 1.966989999999999572e-01
1.897709999999999952e-01 4.366918317150135509e-02 4.418583839921960688e-02 4.366918317150135509e-02 1.974749999999999839e-01 4.342124434420056855e-02 4.418583839921960688e-02 4.342124434420056855e-02 1.966989999999999572e-01
1.897709999999999952e-01 4.988989786523552461e-02 5.192513079559356315e-02 4.988989786523552461e-02 1.974749999999999839e-01 5.295055801050035926e-02 5.192513079559356315e-02 5.295055801050035926e-02 1.966989999999999572e-01
1.897709999999999952e-01 5.777537141617269945e-02 6.010730913709368822e-02 5.777537141617269945e-02 1.974749999999999839e-01 6.678693905774540918e-02 6.010730913709368822e-02 6.678693905774540918e-02 1.966989999999999572e-01
1.897709999999999952e-01 7.148912390435434305e-02 7.295058170192335323e-02 7.148912390435434305e-02 1.974749999999999839e-01 7.312585840924445968e-02 7.295058170192335323e-02 7.312585840924445968e-02 1.966989999999999572e-01
1.897709999999999952e-01 7.908560928009994440e-02 7.734589688901477578e-02 7.908560928009994440e-02 1.974749999999999839e-01 8.757648947010623908e-02 7.734589688901477578e-02 8.757648947010623908e-02 1.966989999999999572e-01
1.897709999999999952e-01 9.090884384766778625e-02 9.121794212653654144e-02 9.090884384766778625e-02 1.974749999999999839e-01 9.209702972123325060e-02 9.121794212653654144e-02 9.209702972123325060e-02 1.966989999999999572e-01
1.897709999999999952e-01 9.203992871875496529e-02 1.002390917341335619e-01 9.203992871875496529e-02 1.974749999999999839e-01 1.056748516416778777e-01 1.002390917341335619e-01 1.056748516416778777e-01 1.966989999999999572e-01
1.897709999999999952e-01 1.093349992788630598e-01 1.050729304373848594e-01 1.093349992788630598e-01 1.974749999999999839e-01 1.088096071107028801e-01 1.050729304373848594e-01 1.088096071107028801e-01 1.966989999999999572e-01
1.897709999999999952e-01 1.160041157401234535e-01 1.177378857515872512e-01 1.160041157401234535e-01 1.974749999999999839e-01 1.204442241881318737e-01 1.177378857515872512e-01 1.204442241881318737e-01 1.966989999999999572e-01
1.897709999999999952e-01 1.256601375305028967e-01 1.211729308471144462e-01 1.256601375305028967e-01 1.974749999999999839e-01 1.320206239575172913e-01 1.211729308471144462e-01 1.320206239575172913e-01 1.966989999999999572e-01
1.897709999999999952e-01 1.289797645111408764e-01 1.349589367859063416e-01 1.289797645111408764e-01 1.974749999999999839e-01 1.466208488742536953e-01 1.349589367859063416e-01 1.466208488742536953e-01 1.966989999999999572e-01
1.897709999999999952e-01 1.425759309329798774e-01 1.438113523125948978e-01 1.425759309329798774e-01 1.974749999999999839e-01 1.562210951098850775e-01 1.438113523125948978e-01 1.562210951098850775e-01 1.966989999999999572e-01
1.897709999999999952e-01 1.479725702639397289e-01 1.566213413817980071e-01 1.479725702639397289e-01 1.974749999999999839e-01 1.662742955498627551e-01 1.566213413817980071e-01 1.662742955498627551e-01 1.966989999999999572e-01
1.897709999999999952e-01 1.592129598099437382e-01 1.616507026662357127e-01 1.592129598099437382e-01 1.974749999999999839e-01 1.752047015411500042e-01 1.616507026662357127e-01 1.752047015411500042e-01 1.966989999999999572e-01
1.897709999999999952e-01 1.655038864972739332e-01 1.713329119514600540e-01 1.655038864972739332e-01 1.974749999999999839e-01 1.822604604128584826e-01 1.713329119514600540e-01 1.822604604128584826e-01 1.966989999999999572e-01
1.897709999999999952e-01 1.733849999999999836e-01 1.764729999999999910e-01 1.733849999999999836e-01 1.974749999999999839e-01 1.868549999999999656e-01 1.764729999999999910e-01 1.868549999999999656e-01 1.966989999999999572e-01
c: 
1.556999999999999940e+00
1.455999999999999961e+00
1.594000000000000083e+00
