CDF: 
2.300000000000000100e-01 2.899999999999999800e-01 5.899999999999999689e-01 1.000000000000000000e+00
1.600000000000000033e-01 3.499999999999999778e-01 5.999999999999999778e-01 1.000000000000000000e+00
3.099999999999999978e-01 4.600000000000000200e-01 6.099999999999999867e-01 1.000000000000000000e+00
sigma: 
1.666360000000000063e-01 2.417297141042338941e-03 3.506976001126681404e-03 2.417297141042338941e-03 1.581560000000000188e-01 7.821042841797916367e-03 3.506976001126681404e-03 7.821042841797916367e-03 1.895999999999999908e-01
1.666360000000000063e-01 9.806585698946110666e-03 9.469527290431994579e-03 9.806585698946110666e-03 1.581560000000000188e-01 1.531197641450393089e-02 9.469527290431994579e-03 1.531197641450393089e-02 1.895999999999999908e-01
1.666360000000000063e-01 2.483506045856482408e-02 2.076284878633655531e-02 2.483506045856482408e-02 1.581560000000000188e-01 2.602161884638934733e-02 2.076284878633655531e-02 2.602161884638934733e-02 1.895999999999999908e-01
1.666360000000000063e-01 2.825228960814464910e-02 3.349930918487203924e-02 2.825228960814464910e-02 1.581560000000000188e-01 3.412451493077447995e-02 3.349930918487203924e-02 3.412451493077447995e-02 1.895999999999999908e-01
1.666360000000000063e-01 3.498902172569000324e-02 4.418638255565886935e-02 3.498902172569000324e-02 1.581560000000000188e-01 4.370109629070976359e-02 4.418638255565886935e-02 4.370109629070976359e-02 1.895999999999999908e-01
1.666360000000000063e-01 4.415303925864148826e-02 5.093250254283136075e-02 4.415303925864148826e-02 1.581560000000000188e-01 4.883460873136644814e-02 5.093250254283136075e-02 4.883460873136644814e-02 1.895999999999999908e-01
1.666360000000000063e-01 5.609707047028691246e-02 5.540891418737355772e-02 5.609707047028691246e-02 1.581560000000000188e-01 5.835012281423836850e-02 5.540891418737355772e-02 5.835012281423836850e-02 1.895999999999999908e-01
1.666360000000000063e-01 6.562694559540960260e-02 7.059658721337634668e-02 6.562694559540960260e-02 1.581560000000000188e-01 6.261960818858637590e-02 7.059658721337634668e-02 6.261960818858637590e-02 1.895999999999999908e-01
1.666360000000000063e-01 6.884714196417203447e-02 7.553973717934374388e-02 6.884714196417203447e-02 1.581560000000000188e-01 7.245980634900572870e-02 7.553973717934374388e-02 7.245980634900572870e-02 1.895999999999999908e-01
1.666360000000000063e-01 7.798038389783430724e-02 8.858617953415925950e-02 7.798038389783430724e-02 1.581560000000000188e-01 8.217707038150816323e-02 8.858617953415925950e-02 8.217707038150816323e-02 1.895999999999999908e-01
1.666360000000000063e-01 8.783778392113374134e-02 9.677483838882115774e-02 8.783778392113374134e-02 1.581560000000000188e-01 8.932198755318561390e-02 9.677483838882115774e-02 8.932198755318561390e-02 1.895999999999999908e-01
1.666360000000000063e-01 9.502588208513065848e-02 1.012318106610265861e-01 9.502588208513065848e-02 1.581560000000000188e-01 1.001690645094498039e-01 1.012318106610265861e-01 1.001690645094498039e-01 1.895999999999999908e-01
1.666360000000000063e-01 1.021426314892423803e-01 1.155759219063645094e-01 1.021426314892423803e-01 1.581560000000000188e-01 1.089711571624922271e-01 1.155759219063645094e-01 1.089711571624922271e-01 1.895999999999999908e-01
1.666360000000000063e-01 1.118819679308803716e-01 1.172948698842720822e-01 1.118819679308803716e-01 1.581560000000000188e-01 1.218801054110354443e-01 1.172948698842720822e-01 1.218801054110354443e-01 1.895999999999999908e-01
1.666360000000000063e-01 1.175710211088019375e-01 1.264711736332106984e-01 1.175710211088019375e-01 1.581560000000000188e-01 1.311822934685184516e-01 1.264711736332106984e-01 1.311822934685184516e-01 1.895999999999999908e-01
1.666360000000000063e-01 1.252870873594882917e-01 1.410789248589897071e-01 1.252870873594882917e-01 1.581560000000000188e-01 1.347258135741128404e-01 1.410789248589897071e-01 1.347258135741128404e-01 1.895999999999999908e-01
1.666360000000000063e-01 1.350661810026987097e-01 1.519784689297454527e-01 1.350661810026987097e-01 1.581560000000000188e-01 1.450779977972505574e-01 1.519784689297454527e-01 1.450779977972505574e-01 1.895999999999999908e-01
1.666360000000000063e-01 1.476861765258854486e-01 1.537986881074991374e-01 1.476861765258854486e-01 1.581560000000000188e-01 1.587841853355617394e-01 1.537986881074991374e-01 1.587841853355617394e-01 1.895999999999999908e-01
1.666360000000000063e-01 1.513570649381522359e-01 1.694502652928585595e-01 1.513570649381522359e-01 1.581560000000000188e-01 1.642850725667822920e-01 1.694502652928585595e-01 1.642850725667822920e-01 1.895999999999999908e-01
1.666360000000000063e-01 1.580040000000000333e-01 1.706400000000000139e-01 1.580040000000000333e-01 1.581560000000000188e-01 1.685600000000000154e-01 1.706400000000000139e-01 1.685600000000000154e-01 1.895999999999999908e-01
c: 
2.645000000000000018e+00
1.772999999999999909e+00
2.690999999999999837e+00
