CDF: 
8.999999999999999667e-02 5.300000000000000266e-01 5.999999999999999778e-01 1.000000000000000000e+00
5.000000000000000278e-02 1.300000000000000044e-01 6.199999999999999956e-01 1.000000000000000000e+00
7.000000000000000666e-02 2.399999999999999911e-01 5.100000000000000089e-01 1.000000000000000000e+00
sigma: 
1.625440000000000218e-01 5.903217608717207382e-03 6.722833676565717620e-03 5.903217608717207382e-03 1.111359999999999848e-01 1.895013836654318225e-04 6.722833676565717620e-03 1.895013836654318225e-04 1.405759999999999788e-01
1.625440000000000218e-01 1.022896025843749238e-02 1.133591938538554278e-02 1.022896025843749238e-02 1.111359999999999848e-01 1.037763485001182498e-02 1.133591938538554278e-02 1.037763485001182498e-02 1.405759999999999788e-01
1.625440000000000218e-01 1.423642525897759331e-02 1.924578677247697212e-02 1.423642525897759331e-02 1.111359999999999848e-01 1.151697658168109734e-02 1.924578677247697212e-02 1.151697658168109734e-02 1.405759999999999788e-01
1.625440000000000218e-01 2.657194615338224347e-02 2.802561884191704517e-02 2.657194615338224347e-02 1.111359999999999848e-01 1.881104570090542938e-02 2.802561884191704517e-02 1.881104570090542938e-02 1.405759999999999788e-01
1.625440000000000218e-01 2.719797873238456037e-02 3.136510167531363080e-02 2.719797873238456037e-02 1.111359999999999848e-01 2.519277178770130965e-02 3.136510167531363080e-02 2.519277178770130965e-02 1.405759999999999788e-01
1.625440000000000218e-01 3.579616595120541783e-02 4.063856481795956321e-02 3.579616595120541783e-02 1.111359999999999848e-01 3.133130812149260286e-02 4.063856481795956321e-02 3.133130812149260286e-02 1.405759999999999788e-01
1.625440000000000218e-01 4.112489293333871504e-02 4.754489216671820007e-02 4.112489293333871504e-02 1.111359999999999848e-01 3.789929015944040747e-02 4.754489216671820007e-02 3.789929015944040747e-02 1.405759999999999788e-01
1.625440000000000218e-01 5.233001480217316231e-02 5.166205522802731764e-02 5.233001480217316231e-02 1.111359999999999848e-01 4.240416345455386149e-02 5.166205522802731764e-02 4.240416345455386149e-02 1.405759999999999788e-01
1.625440000000000218e-01 5.572010000695246101e-02 5.746840998031726988e-02 5.572010000695246101e-02 1.111359999999999848e-01 4.508705393151869745e-02 5.746840998031726988e-02 4.508705393151869745e-02 1.405759999999999788e-01
1.625440000000000218e-01 6.699647024352728408e-02 6.544748399502672842e-02 6.699647024352728408e-02 1.111359999999999848e-01 5.296119505682149453e-02 6.544748399502672842e-02 5.296119505682149453e-02 1.405759999999999788e-01
1.625440000000000218e-01 6.822760242475377213e-02 7.433496971669023567e-02 6.822760242475377213e-02 1.111359999999999848e-01 5.939490534946050004e-02 7.433496971669023567e-02 5.939490534946050004e-02 1.405759999999999788e-01
1.625440000000000218e-01 7.809428619141581263e-02 8.394043902214759489e-02 7.809428619141581263e-02 1.111359999999999848e-01 6.333047345996398181e-02 8.394043902214759489e-02 6.333047345996398181e-02 1.405759999999999788e-01
1.625440000000000218e-01 8.475134195693737049e-02 9.094433412369820613e-02 8.475134195693737049e-02 1.111359999999999848e-01 6.982554079633261634e-02 9.094433412369820613e-02 6.982554079633261634e-02 1.405759999999999788e-01
1.625440000000000218e-01 9.239365056864126680e-02 9.401500592939614209e-02 9.239365056864126680e-02 1.111359999999999848e-01 7.422750739608822979e-02 9.401500592939614209e-02 7.422750739608822979e-02 1.405759999999999788e-01
1.625440000000000218e-01 9.455436401691171000e-02 9.870160312790199342e-02 9.455436401691171000e-02 1.111359999999999848e-01 7.728160520908430864e-02 9.870160312790199342e-02 7.728160520908430864e-02 1.405759999999999788e-01
1.625440000000000218e-01 1.019162689890847628e-01 1.075860143570767785e-01 1.019162689890847628e-01 1.111359999999999848e-01 8.374596075850712640e-02 1.075860143570767785e-01 8.374596075850712640e-02 1.405759999999999788e-01
1.625440000000000218e-01 1.105912423518586735e-01 1.161573572172660551e-01 1.105912423518586735e-01 1.111359999999999848e-01 9.131813689376003240e-02 1.161573572172660551e-01 9.131813689376003240e-02 1.405759999999999788e-01
1.625440000000000218e-01 1.141547159596196931e-01 1.214476963045015151e-01 1.141547159596196931e-01 1.111359999999999848e-01 9.667802177407905373e-02 1.214476963045015151e-01 9.667802177407905373e-02 1.405759999999999788e-01
1.625440000000000218e-01 1.239007143736956945e-01 1.266325646674809902e-01 1.239007143736956945e-01 1.111359999999999848e-01 1.020886995330237274e-01 1.266325646674809902e-01 1.020886995330237274e-01 1.405759999999999788e-01
1.625440000000000218e-01 1.273279999999999967e-01 1.334879999999999955e-01 1.273279999999999967e-01 1.111359999999999848e-01 1.042560000000000014e-01 1.334879999999999955e-01 1.042560000000000014e-01 1.405759999999999788e-01
c: 
1.983999999999999986e+00
2.355999999999999872e+00
1.544999999999999929e+00
