CDF: 
3.599999999999999867e-01 5.600000000000000533e-01 6.800000000000000488e-01 1.000000000000000000e+00
1.900000000000000022e-01 4.899999999999999911e-01 6.899999999999999467e-01 1.000000000000000000e+00
4.600000000000000200e-01 5.400000000000000355e-01 9.200000000000000400e-01 1.000000000000000000e+00
sigma: 
1.914240000000000108e-01 8.165751397440079717e-03 2.421311304922092126e-03 8.165751397440079717e-03 1.710000000000000131e-01 3.370959663498446484e-03 2.421311304922092126e-03 3.370959663498446484e-03 7.419599999999998419e-02
1.914240000000000108e-01 1.658347473239753928e-02 6.893231015359730512e-03 1.658347473239753928e-02 1.710000000000000131e-01 4.595595361324296933e-03 6.893231015359730512e-03 4.595595361324296933e-03 7.419599999999998419e-02
1.914240000000000108e-01 2.525226134191222924e-02 9.470094415929952020e-03 2.525226134191222924e-02 1.710000000000000131e-01 1.281071630999037515e-02 9.470094415929952020e-03 1.281071630999037515e-02 7.419599999999998419e-02
1.914240000000000108e-01 3.053344906920310575e-02 1.511645762307060534e-02 3.053344906920310575e-02 1.710000000000000131e-01 1.606859201991671371e-02 1.511645762307060534e-02 1.606859201991671371e-02 7.419599999999998419e-02
1.914240000000000108e-01 4.232834775766584207e-02 2.142046751903999360e-02 4.232834775766584207e-02 1.710000000000000131e-01 1.896127022320845748e-02 2.142046751903999360e-02 1.896127022320845748e-02 7.419599999999998419e-02
1.914240000000000108e-01 5.524455253485957562e-02 2.580396732165398180e-02 5.524455253485957562e-02 1.710000000000000131e-01 2.200204369049368544e-02 2.580396732165398180e-02 2.200204369049368544e-02 7.419599999999998419e-02
1.914240000000000108e-01 5.823808436509925884e-02 2.955809570050723853e-02 5.823808436509925884e-02 1.710000000000000131e-01 2.918513724270332954e-02 2.955809570050723853e-02 2.918513724270332954e-02 7.419599999999998419e-02
1.914240000000000108e-01 7.349865468956708059e-02 3.565246802802406884e-02 7.349865468956708059e-02 1.710000000000000131e-01 3.319596096546763297e-02 3.565246802802406884e-02 3.319596096546763297e-02 7.419599999999998419e-02
1.914240000000000108e-01 8.055828680913527939e-02 3.878976431271631553e-02 8.055828680913527939e-02 1.710000000000000131e-01 3.706315051486501477e-02 3.878976431271631553e-02 3.706315051486501477e-02 7.419599999999998419e-02
1.914240000000000108e-01 8.803722800496639744e-02 4.352718246980187555e-02 8.803722800496639744e-02 1.710000000000000131e-01 3.979143515440355244e-02 4.352718246980187555e-02 3.979143515440355244e-02 7.419599999999998419e-02
1.914240000000000108e-01 1.021807470188399319e-01 4.871228257417887370e-02 1.021807470188399319e-01 1.710000000000000131e-01 4.481693670384207656e-02 4.871228257417887370e-02 4.481693670384207656e-02 7.419599999999998419e-02
1.914240000000000108e-01 1.089056451441951789e-01 5.442463366910855332e-02 1.089056451441951789e-01 1.710000000000000131e-01 5.211918689676666577e-02 5.442463366910855332e-02 5.211918689676666577e-02 7.419599999999998419e-02
1.914240000000000108e-01 1.125376391735468246e-01 5.827238438243528829e-02 1.125376391735468246e-01 1.710000000000000131e-01 5.487450030559141989e-02 5.827238438243528829e-02 5.487450030559141989e-02 7.419599999999998419e-02
1.914240000000000108e-01 1.246552416556155340e-01 6.337156352565498363e-02 1.246552416556155340e-01 1.710000000000000131e-01 6.100463431487811172e-02 6.337156352565498363e-02 6.100463431487811172e-02 7.419599999999998419e-02
1.914240000000000108e-01 1.385528092787908505e-01 6.920045301653780789e-02 1.385528092787908505e-01 1.710000000000000131e-01 6.497297339899958668e-02 6.920045301653780789e-02 6.497297339899958668e-02 7.419599999999998419e-02
1.914240000000000108e-01 1.418298684070191662e-01 7.155663553000472799e-02 1.418298684070191662e-01 1.710000000000000131e-01 6.931237196204799444e-02 7.155663553000472799e-02 6.931237196204799444e-02 7.419599999999998419e-02
1.914240000000000108e-01 1.579155005206373530e-01 7.884202601364924401e-02 1.579155005206373530e-01 1.710000000000000131e-01 7.429532905494570794e-02 7.884202601364924401e-02 7.429532905494570794e-02 7.419599999999998419e-02
1.914240000000000108e-01 1.652123839597781918e-01 8.244341546146309596e-02 1.652123839597781918e-01 1.710000000000000131e-01 7.886740656849014486e-02 8.244341546146309596e-02 7.886740656849014486e-02 7.419599999999998419e-02
1.914240000000000108e-01 1.747193351493053215e-01 8.652641761179490076e-02 1.747193351493053215e-01 1.710000000000000131e-01 7.911494407315913802e-02 8.652641761179490076e-02 7.911494407315913802e-02 7.419599999999998419e-02
1.914240000000000108e-01 1.768000000000000405e-01 8.824799999999999311e-02 1.768000000000000405e-01 1.710000000000000131e-01 8.350000000000001865e-02 8.824799999999999311e-02 8.350000000000001865e-02 7.419599999999998419e-02
c: 
1.032999999999999918e+00
2.337000000000000188e+00
1.370999999999999996e+00
