CDF: 
3.699999999999999956e-01 4.799999999999999822e-01 9.100000000000000311e-01 1.000000000000000000e+00
1.499999999999999944e-01 2.700000000000000178e-01 7.600000000000000089e-01 1.000000000000000000e+00
2.500000000000000000e-01 5.799999999999999600e-01 9.399999999999999467e-01 1.000000000000000000e+00
sigma: 
8.254400000000000626e-02 1.333999681877131140e-03 5.849882882761016020e-04 1.333999681877131140e-03 1.115999999999999909e-01 5.576634646243169022e-04 5.849882882761016020e-04 5.576634646243169022e-04 5.790000000000000008e-02
8.254400000000000626e-02 5.366881115803876466e-03 3.628132671100089187e-03 5.366881115803876466e-03 1.115999999999999909e-01 5.763812690782537176e-03 3.628132671100089187e-03 5.763812690782537176e-03 5.790000000000000008e-02
8.254400000000000626e-02 9.516264016387948263e-03 8.336870331586528765e-03 9.516264016387948263e-03 1.115999999999999909e-01 8.742567012312072935e-03 8.336870331586528765e-03 8.742567012312072935e-03 5.790000000000000008e-02
8.254400000000000626e-02 1.264423537865661147e-02 9.693887839905534001e-03 1.264423537865661147e-02 1.115999999999999909e-01 1.064695604320479300e-02 9.693887839905534001e-03 1.064695604320479300e-02 5.790000000000000008e-02
8.254400000000000626e-02 1.861656643822411430e-02 1.294970379254494972e-02 1.861656643822411430e-02 1.115999999999999909e-01 1.355643424643852846e-02 1.294970379254494972e-02 1.355643424643852846e-02 5.790000000000000008e-02
8.254400000000000626e-02 2.210689782440286577e-02 1.671171440710956385e-02 2.210689782440286577e-02 1.115999999999999909e-01 1.931707566710880869e-02 1.671171440710956385e-02 1.931707566710880869e-02 5.790000000000000008e-02
8.254400000000000626e-02 2.321511240983994626e-02 2.092565169582590381e-02 2.321511240983994626e-02 1.115999999999999909e-01 2.030377414097753533e-02 2.092565169582590381e-02 2.030377414097753533e-02 5.790000000000000008e-02
8.254400000000000626e-02 2.715940069154816963e-02 2.531585222507100330e-02 2.715940069154816963e-02 1.115999999999999909e-01 2.551916482747394049e-02 2.531585222507100330e-02 2.551916482747394049e-02 5.790000000000000008e-02
8.254400000000000626e-02 3.302999759208530284e-02 2.691692099021394946e-02 3.302999759208530284e-02 1.115999999999999909e-01 2.707045620067163177e-02 2.691692099021394946e-02 2.707045620067163177e-02 5.790000000000000008e-02
8.254400000000000626e-02 3.526241463987297986e-02 2.879794982196198783e-02 3.526241463987297986e-02 1.115999999999999909e-01 3.011020411545786354e-02 2.879794982196198783e-02 3.011020411545786354e-02 5.790000000000000008e-02
8.254400000000000626e-02 3.866946789826644637e-02 3.428945231694834062e-02 3.866946789826644637e-02 1.115999999999999909e-01 3.502296456056885887e-02 3.428945231694834062e-02 3.502296456056885887e-02 5.790000000000000008e-02
8.254400000000000626e-02 4.575340537393011997e-02 3.547211729737244357e-02 4.575340537393011997e-02 1.115999999999999909e-01 3.924222907021902157e-02 3.547211729737244357e-02 3.924222907021902157e-02 5.790000000000000008e-02
8.254400000000000626e-02 4.891391826713208102e-02 3.851443959389747040e-02 4.891391826713208102e-02 1.115999999999999909e-01 4.082561363632496165e-02 3.851443959389747040e-02 4.082561363632496165e-02 5.790000000000000008e-02
8.254400000000000626e-02 5.243137950563325073e-02 4.424551274753347335e-02 5.243137950563325073e-02 1.115999999999999909e-01 4.549130166405812581e-02 4.424551274753347335e-02 4.549130166405812581e-02 5.790000000000000008e-02
8.254400000000000626e-02 5.456189400734452744e-02 4.556553139221957566e-02 5.456189400734452744e-02 1.115999999999999909e-01 4.840357744233811377e-02 4.556553139221957566e-02 4.840357744233811377e-02 5.790000000000000008e-02
8.254400000000000626e-02 6.010705078373200505e-02 4.900507735347772731e-02 6.010705078373200505e-02 1.115999999999999909e-01 5.205704186662401395e-02 4.900507735347772731e-02 5.205704186662401395e-02 5.790000000000000008e-02
8.254400000000000626e-02 6.383868271034677522e-02 5.243480195445387321e-02 6.383868271034677522e-02 1.115999999999999909e-01 5.400689261003984581e-02 5.243480195445387321e-02 5.400689261003984581e-02 5.790000000000000008e-02
8.254400000000000626e-02 6.692123872903381343e-02 5.679680438007227161e-02 6.692123872903381343e-02 1.115999999999999909e-01 5.600475833550629112e-02 5.679680438007227161e-02 5.600475833550629112e-02 5.790000000000000008e-02
8.254400000000000626e-02 7.185372745639333203e-02 5.937383333874735047e-02 7.185372745639333203e-02 1.115999999999999909e-01 6.135758137321371125e-02 5.937383333874735047e-02 6.135758137321371125e-02 5.790000000000000008e-02
8.254400000000000626e-02 7.295999999999999708e-02 6.052000000000000435e-02 7.295999999999999708e-02 1.115999999999999909e-01 6.219999999999999835e-02 6.052000000000000435e-02 6.219999999999999835e-02 5.790000000000000008e-02
c: 
1.348999999999999977e+00
2.875000000000000000e+00
1.479999999999999982e+00
