CDF: 
3.499999999999999778e-01 3.800000000000000044e-01 7.399999999999999911e-01 1.000000000000000000e+00
2.800000000000000266e-01 5.400000000000000355e-01 7.099999999999999645e-01 1.000000000000000000e+00
4.299999999999999933e-01 6.199999999999999956e-01 7.800000000000000266e-01 1.000000000000000000e+00
sigma: 
1.507000000000000284e-01 3.009689770424137534e-03 1.691092196889660768e-03 3.009689770424137534e-03 1.595000000000000306e-01 4.832319951664869155e-03 1.691092196889660768e-03 4.832319951664869155e-03 1.495159999999999823e-01
1.507000000000000284e-01 1.143161650906579334e-02 9.313718297092262594e-03 1.143161650906579334e-02 1.595000000000000306e-01 1.250400710004319522e-02 9.313718297092262594e-03 1.250400710004319522e-02 1.495159999999999823e-01
1.507000000000000284e-01 2.149729022184483640e-02 1.827284944504558792e-02 2.149729022184483640e-02 1.595000000000000306e-01 1.795386849381003583e-02 1.827284944504558792e-02 1.795386849381003583e-02 1.495159999999999823e-01
1.507000000000000284e-01 2.527006320545927345e-02 2.795406201292147466e-02 2.527006320545927345e-02 1.595000000000000306e-01 2.519484804165451550e-02 2.795406201292147466e-02 2.519484804165451550e-02 1.495159999999999823e-01
1.507000000000000284e-01 3.501087747500986752e-02 3.639292537630577085e-02 3.501087747500986752e-02 1.595000000000000306e-01 3.425000309380586694e-02 3.639292537630577085e-02 3.425000309380586694e-02 1.495159999999999823e-01
1.507000000000000284e-01 4.237701983198680078e-02 3.999080777070261605e-02 4.237701983198680078e-02 1.595000000000000306e-01 3.795950229758038308e-02 3.999080777070261605e-02 3.795950229758038308e-02 1.495159999999999823e-01
1.507000000000000284e-01 5.204643239076797712e-02 4.485661036533261647e-02 5.204643239076797712e-02 1.595000000000000306e-01 4.859005415781432469e-02 4.485661036533261647e-02 4.859005415781432469e-02 1.495159999999999823e-01
1.507000000000000284e-01 5.721360836492727503e-02 5.671474088323952278e-02 5.721360836492727503e-02 1.595000000000000306e-01 5.537025966266212462e-02 5.671474088323952278e-02 5.537025966266212462e-02 1.495159999999999823e-01
1.507000000000000284e-01 6.737192776984859965e-02 6.099510821082534257e-02 6.737192776984859965e-02 1.595000000000000306e-01 6.252256211829354537e-02 6.099510821082534257e-02 6.252256211829354537e-02 1.495159999999999823e-01
1.507000000000000284e-01 7.420259578918733667e-02 6.835791399942287017e-02 7.420259578918733667e-02 1.595000000000000306e-01 6.905813334437882478e-02 6.835791399942287017e-02 6.905813334437882478e-02 1.495159999999999823e-01
1.507000000000000284e-01 7.662678791464463957e-02 7.436014829073658849e-02 7.662678791464463957e-02 1.595000000000000306e-01 7.709963262540195372e-02 7.436014829073658849e-02 7.709963262540195372e-02 1.495159999999999823e-01
1.507000000000000284e-01 8.628339598330631022e-02 8.626236058824758579e-02 8.628339598330631022e-02 1.595000000000000306e-01 8.232847525654550525e-02 8.626236058824758579e-02 8.232847525654550525e-02 1.495159999999999823e-01
1.507000000000000284e-01 9.562890532300673263e-02 9.271769484200302613e-02 9.562890532300673263e-02 1.595000000000000306e-01 9.152509551902639207e-02 9.271769484200302613e-02 9.152509551902639207e-02 1.495159999999999823e-01
1.507000000000000284e-01 1.035568792783019137e-01 9.730289458750471243e-02 1.035568792783019137e-01 1.595000000000000306e-01 1.036351050099787591e-01 9.730289458750471243e-02 1.036351050099787591e-01 1.495159999999999823e-01
1.507000000000000284e-01 1.118280997410723843e-01 1.074390033026374341e-01 1.118280997410723843e-01 1.595000000000000306e-01 1.063701587926280528e-01 1.074390033026374341e-01 1.063701587926280528e-01 1.495159999999999823e-01
1.507000000000000284e-01 1.194600848583677738e-01 1.093369432842185018e-01 1.194600848583677738e-01 1.595000000000000306e-01 1.136144178725854020e-01 1.093369432842185018e-01 1.136144178725854020e-01 1.495159999999999823e-01
1.507000000000000284e-01 1.296605443990341278e-01 1.169129448320204850e-01 1.296605443990341278e-01 1.595000000000000306e-01 1.255809924802392952e-01 1.169129448320204850e-01 1.255809924802392952e-01 1.495159999999999823e-01
1.507000000000000284e-01 1.359630715580179283e-01 1.262207432124641260e-01 1.359630715580179283e-01 1.595000000000000306e-01 1.318334520192267767e-01 1.262207432124641260e-01 1.318334520192267767e-01 1.495159999999999823e-01
1.507000000000000284e-01 1.444979346692237265e-01 1.351630589223897783e-01 1.444979346692237265e-01 1.595000000000000306e-01 1.407172547844608435e-01 1.351630589223897783e-01 1.407172547844608435e-01 1.495159999999999823e-01
1.507000000000000284e-01 1.451000000000000345e-01 1.383800000000000030e-01 1.451000000000000345e-01 1.595000000000000306e-01 1.411800000000000277e-01 1.383800000000000030e-01 1.411800000000000277e-01 1.495159999999999823e-01
c: 
1.330999999999999961e+00
1.324999999999999956e+00
1.788000000000000034e+00
