CDF: 
1.600000000000000033e-01 8.199999999999999512e-01 9.000000000000000222e-01 1.000000000000000000e+00
1.499999999999999944e-01 2.899999999999999800e-01 9.100000000000000311e-01 1.000000000000000000e+00
1.799999999999999933e-01 2.200000000000000011e-01 9.300000000000000488e-01 1.000000000000000000e+00
sigma: 
7.770000000000001905e-02 1.324142721496328551e-03 1.575804915552881649e-03 1.324142721496328551e-03 6.309999999999998943e-02 7.033375099933487180e-04 1.575804915552881866e-03 7.033375099933487180e-04 5.193100000000000493e-02
7.770000000000001905e-02 4.517656849534826269e-03 4.965718505126265510e-03 4.517656849534826269e-03 6.309999999999998943e-02 2.886942282235451136e-03 4.965718505126266377e-03 2.886942282235451136e-03 5.193100000000000493e-02
7.770000000000001905e-02 8.137778363456436848e-03 5.940857214507291179e-03 8.137778363456436848e-03 6.309999999999998943e-02 6.085251647310418663e-03 5.940857214507292046e-03 6.085251647310418663e-03 5.193100000000000493e-02
7.770000000000001905e-02 9.985827859847903887e-03 1.004383886761375626e-02 9.985827859847903887e-03 6.309999999999998943e-02 1.056112439469122748e-02 1.004383886761375799e-02 1.056112439469122748e-02 5.193100000000000493e-02
7.770000000000001905e-02 1.385865489630231685e-02 1.092837837707982471e-02 1.385865489630231685e-02 6.309999999999998943e-02 1.088166627131976691e-02 1.092837837707982471e-02 1.088166627131976691e-02 5.193100000000000493e-02
7.770000000000001905e-02 1.698822258793316817e-02 1.579634687261428916e-02 1.698822258793316817e-02 6.309999999999998943e-02 1.581936774925476324e-02 1.579634687261428916e-02 1.581936774925476324e-02 5.193100000000000493e-02
7.770000000000001905e-02 2.096481469402230666e-02 1.707324663337082132e-02 2.096481469402230666e-02 6.309999999999998943e-02 1.697428972645009110e-02 1.707324663337082479e-02 1.697428972645009110e-02 5.193100000000000493e-02
7.770000000000001905e-02 2.490964103181210476e-02 2.060494653849459165e-02 2.490964103181210476e-02 6.309999999999998943e-02 2.027293984016231149e-02 2.060494653849459165e-02 2.027293984016231149e-02 5.193100000000000493e-02
7.770000000000001905e-02 2.623981304316330004e-02 2.152755929189601597e-02 2.623981304316330004e-02 6.309999999999998943e-02 2.156781989464627916e-02 2.152755929189601944e-02 2.156781989464627916e-02 5.193100000000000493e-02
7.770000000000001905e-02 3.121628027791023899e-02 2.546462408069999003e-02 3.121628027791023899e-02 6.309999999999998943e-02 2.508805736798916386e-02 2.546462408069999350e-02 2.508805736798916386e-02 5.193100000000000493e-02
7.770000000000001905e-02 3.479877581906622164e-02 2.739952296271578810e-02 3.479877581906622164e-02 6.309999999999998943e-02 2.703561455974621414e-02 2.739952296271579157e-02 2.703561455974621414e-02 5.193100000000000493e-02
7.770000000000001905e-02 3.697830487062808702e-02 2.901370267032147426e-02 3.697830487062808702e-02 6.309999999999998943e-02 3.027765527642011303e-02 2.901370267032147773e-02 3.027765527642011303e-02 5.193100000000000493e-02
7.770000000000001905e-02 4.227961543779994863e-02 3.313179938691186016e-02 4.227961543779994863e-02 6.309999999999998943e-02 3.400510336949642137e-02 3.313179938691186710e-02 3.400510336949642137e-02 5.193100000000000493e-02
7.770000000000001905e-02 4.477072756874117543e-02 3.426964670920688155e-02 4.477072756874117543e-02 6.309999999999998943e-02 3.727400299632623731e-02 3.426964670920688155e-02 3.727400299632623731e-02 5.193100000000000493e-02
7.770000000000001905e-02 4.687216059031084486e-02 3.869084003282121514e-02 4.687216059031084486e-02 6.309999999999998943e-02 3.891591617043145546e-02 3.869084003282122208e-02 3.891591617043145546e-02 5.193100000000000493e-02
7.770000000000001905e-02 4.923807841817039871e-02 4.166703487895976471e-02 4.923807841817039871e-02 6.309999999999998943e-02 4.206196763686517043e-02 4.166703487895977165e-02 4.206196763686517043e-02 5.193100000000000493e-02
7.770000000000001905e-02 5.357875408866195899e-02 4.231739495986229505e-02 5.357875408866195899e-02 6.309999999999998943e-02 4.492002762849541669e-02 4.231739495986230198e-02 4.492002762849541669e-02 5.193100000000000493e-02
7.770000000000001905e-02 5.651990106559537375e-02 4.726926117385479853e-02 5.651990106559537375e-02 6.309999999999998943e-02 4.813086313129392307e-02 4.726926117385480547e-02 4.813086313129392307e-02 5.193100000000000493e-02
7.770000000000001905e-02 6.096036632274517281e-02 4.931519638183288340e-02 6.096036632274517281e-02 6.309999999999998943e-02 5.090278393000245011e-02 4.931519638183289034e-02 5.090278393000245011e-02 5.193100000000000493e-02
7.770000000000001905e-02 6.230000000000000121e-02 5.007000000000000339e-02 6.230000000000000121e-02 6.309999999999998943e-02 5.107000000000000428e-02 5.007000000000001033e-02 5.107000000000000428e-02 5.193100000000000493e-02
c: 
1.653999999999999915e+00
1.622999999999999998e+00
1.064000000000000057e+00
