CDF: 
2.800000000000000266e-01 5.899999999999999689e-01 9.399999999999999467e-01 1.000000000000000000e+00
1.600000000000000033e-01 6.999999999999999556e-01 8.499999999999999778e-01 1.000000000000000000e+00
1.499999999999999944e-01 6.199999999999999956e-01 9.000000000000000222e-01 1.000000000000000000e+00
sigma: 
5.975600000000000356e-02 1.858592258344107665e-03 1.564215285751216836e-03 1.858592258344107665e-03 9.447599999999999054e-02 2.275218434746395426e-03 1.564215285751217053e-03 2.275218434746395426e-03 6.996399999999998454e-02
5.975600000000000356e-02 3.423365011648243396e-03 5.077391200662257319e-03 3.423365011648243396e-03 9.447599999999999054e-02 4.674858480092122792e-03 5.077391200662257319e-03 4.674858480092122792e-03 6.996399999999998454e-02
5.975600000000000356e-02 6.959531097034241456e-03 8.184810348742046354e-03 6.959531097034241456e-03 9.447599999999999054e-02 9.657968719532648155e-03 8.184810348742046354e-03 9.657968719532648155e-03 6.996399999999998454e-02
5.975600000000000356e-02 1.044284666195265804e-02 1.045364631380632341e-02 1.044284666195265804e-02 9.447599999999999054e-02 1.342253553239210369e-02 1.045364631380632514e-02 1.342253553239210369e-02 6.996399999999998454e-02
5.975600000000000356e-02 1.498042305253029748e-02 1.177794537695682660e-02 1.498042305253029748e-02 9.447599999999999054e-02 1.704013147983933149e-02 1.177794537695682833e-02 1.704013147983933149e-02 6.996399999999998454e-02
5.975600000000000356e-02 1.711459746162634354e-02 1.675489174590992503e-02 1.711459746162634354e-02 9.447599999999999054e-02 2.139627101718723570e-02 1.675489174590992503e-02 2.139627101718723570e-02 6.996399999999998454e-02
5.975600000000000356e-02 1.884297512738828881e-02 1.815807265568524301e-02 1.884297512738828881e-02 9.447599999999999054e-02 2.303055787456784187e-02 1.815807265568524648e-02 2.303055787456784187e-02 6.996399999999998454e-02
5.975600000000000356e-02 2.359149885715284070e-02 2.049122067234989547e-02 2.359149885715284070e-02 9.447599999999999054e-02 2.667355963859372597e-02 2.049122067234989894e-02 2.667355963859372597e-02 6.996399999999998454e-02
5.975600000000000356e-02 2.443496953719694054e-02 2.341674499340165236e-02 2.443496953719694054e-02 9.447599999999999054e-02 3.118720068702940731e-02 2.341674499340165583e-02 3.118720068702940731e-02 6.996399999999998454e-02
5.975600000000000356e-02 2.742462080284496090e-02 2.884046599216053691e-02 2.742462080284496090e-02 9.447599999999999054e-02 3.492791793750948948e-02 2.884046599216054038e-02 3.492791793750948948e-02 6.996399999999998454e-02
5.975600000000000356e-02 3.064233641007343620e-02 2.983065291865961977e-02 3.064233641007343620e-02 9.447599999999999054e-02 4.040976702767911516e-02 2.983065291865962324e-02 4.040976702767911516e-02 6.996399999999998454e-02
5.975600000000000356e-02 3.390486713311844508e-02 3.434965762034250525e-02 3.390486713311844508e-02 9.447599999999999054e-02 4.307352281267735200e-02 3.434965762034251219e-02 4.307352281267735200e-02 6.996399999999998454e-02
5.975600000000000356e-02 3.685799409402165661e-02 3.570624498810594932e-02 3.685799409402165661e-02 9.447599999999999054e-02 4.867301749236823544e-02 3.570624498810595626e-02 4.867301749236823544e-02 6.996399999999998454e-02
5.975600000000000356e-02 4.056570369265092429e-02 3.857388069296112387e-02 4.056570369265092429e-02 9.447599999999999054e-02 4.996630503793042521e-02 3.857388069296112387e-02 4.996630503793042521e-02 6.996399999999998454e-02
5.975600000000000356e-02 4.434856690419590464e-02 4.151580832146108818e-02 4.434856690419590464e-02 9.447599999999999054e-02 5.416964883652836127e-02 4.151580832146109512e-02 5.416964883652836127e-02 6.996399999999998454e-02
5.975600000000000356e-02 4.849661494675471668e-02 4.428798801837673799e-02 4.849661494675471668e-02 9.447599999999999054e-02 5.787058976403685467e-02 4.428798801837674493e-02 5.787058976403685467e-02 6.996399999999998454e-02
5.975600000000000356e-02 5.155678624519294956e-02 4.910827712500992481e-02 5.155678624519294956e-02 9.447599999999999054e-02 6.277991909963147321e-02 4.910827712500993175e-02 6.277991909963147321e-02 6.996399999999998454e-02
5.975600000000000356e-02 5.396748570245777504e-02 4.969121508242230201e-02 5.396748570245777504e-02 9.447599999999999054e-02 6.750118490345330402e-02 4.969121508242230895e-02 6.750118490345330402e-02 6.996399999999998454e-02
5.975600000000000356e-02 5.522142660049529639e-02 5.380171059605056566e-02 5.522142660049529639e-02 9.447599999999999054e-02 7.097215993751992968e-02 5.380171059605057260e-02 7.097215993751992968e-02 6.996399999999998454e-02
5.975600000000000356e-02 5.788399999999999795e-02 5.542799999999999810e-02 5.788399999999999795e-02 9.447599999999999054e-02 7.149199999999999999e-02 5.542800000000000504e-02 7.149199999999999999e-02 6.996399999999998454e-02
c: 
2.765000000000000124e+00
1.245000000000000107e+00
1.824000000000000066e+00
