CDF: 
1.300000000000000044e-01 2.500000000000000000e-01 8.100000000000000533e-01 1.000000000000000000e+00
6.199999999999999956e-01 7.500000000000000000e-01 7.700000000000000178e-01 1.000000000000000000e+00
2.800000000000000266e-01 5.000000000000000000e-01 5.899999999999999689e-01 1.000000000000000000e+00
sigma: 
9.255599999999999938e-02 2.454732455491181933e-03 1.711222174109407971e-03 2.454732455491181933e-03 1.687040000000000206e-01 1.648388545797294710e-03 1.711222174109407971e-03 1.648388545797294710e-03 1.930999999999999661e-01
9.255599999999999938e-02 5.626738122811258611e-03 6.756807326135815493e-03 5.626738122811258611e-03 1.687040000000000206e-01 1.251151351119094216e-02 6.756807326135815493e-03 1.251151351119094216e-02 1.930999999999999661e-01
9.255599999999999938e-02 1.204337438799802512e-02 1.056463781931196375e-02 1.204337438799802512e-02 1.687040000000000206e-01 2.050886318405320541e-02 1.056463781931196375e-02 2.050886318405320541e-02 1.930999999999999661e-01
9.255599999999999938e-02 2.138550963715623449e-02 1.844134432549849462e-02 2.138550963715623449e-02 1.687040000000000206e-01 2.632079247868285288e-02 1.844134432549849462e-02 2.632079247868285288e-02 1.930999999999999661e-01
9.255599999999999938e-02 2.403255493633262019e-02 2.028599160443095642e-02 2.403255493633262019e-02 1.687040000000000206e-01 3.425048028320566706e-02 2.028599160443095642e-02 3.425048028320566706e-02 1.930999999999999661e-01
9.255599999999999938e-02 2.807990139185469192e-02 2.924197794062587119e-02 2.807990139185469192e-02 1.687040000000000206e-01 4.246650008944820309e-02 2.924197794062587119e-02 4.246650008944820309e-02 1.930999999999999661e-01
9.255599999999999938e-02 3.817070725087481214e-02 3.312423453255369105e-02 3.817070725087481214e-02 1.687040000000000206e-01 4.579116716479402632e-02 3.312423453255369105e-02 4.579116716479402632e-02 1.930999999999999661e-01
9.255599999999999938e-02 4.024177182361014099e-02 3.711273720310031415e-02 4.024177182361014099e-02 1.687040000000000206e-01 5.407188430472663343e-02 3.711273720310031415e-02 5.407188430472663343e-02 1.930999999999999661e-01
9.255599999999999938e-02 4.570353038266664752e-02 4.252587341114269504e-02 4.570353038266664752e-02 1.687040000000000206e-01 5.970028308120271798e-02 4.252587341114269504e-02 5.970028308120271798e-02 1.930999999999999661e-01
9.255599999999999938e-02 5.296828961495220894e-02 4.555541337653661038e-02 5.296828961495220894e-02 1.687040000000000206e-01 6.535669135646032801e-02 4.555541337653661038e-02 6.535669135646032801e-02 1.930999999999999661e-01
9.255599999999999938e-02 5.646086180972249152e-02 5.322532305852909623e-02 5.646086180972249152e-02 1.687040000000000206e-01 7.333800550240410221e-02 5.322532305852909623e-02 7.333800550240410221e-02 1.930999999999999661e-01
9.255599999999999938e-02 6.193308632252258333e-02 5.718292106281340492e-02 6.193308632252258333e-02 1.687040000000000206e-01 8.086949186627336028e-02 5.718292106281340492e-02 8.086949186627336028e-02 1.930999999999999661e-01
9.255599999999999938e-02 6.740017704843388746e-02 6.164747141157574800e-02 6.740017704843388746e-02 1.687040000000000206e-01 8.566482461547836325e-02 6.164747141157574800e-02 8.566482461547836325e-02 1.930999999999999661e-01
9.255599999999999938e-02 7.635691669175255492e-02 6.876830030551298045e-02 7.635691669175255492e-02 1.687040000000000206e-01 9.682839774652250708e-02 6.876830030551298045e-02 9.682839774652250708e-02 1.930999999999999661e-01
9.255599999999999938e-02 7.698730304490483678e-02 7.448382938479766735e-02 7.698730304490483678e-02 1.687040000000000206e-01 1.027731368157541597e-01 7.448382938479766735e-02 1.027731368157541597e-01 1.930999999999999661e-01
9.255599999999999938e-02 8.423382414412608488e-02 7.779923295901186586e-02 8.423382414412608488e-02 1.687040000000000206e-01 1.070658783176971773e-01 7.779923295901186586e-02 1.070658783176971773e-01 1.930999999999999661e-01
9.255599999999999938e-02 8.994546385278011369e-02 8.322458889015593719e-02 8.994546385278011369e-02 1.687040000000000206e-01 1.148281021953283659e-01 8.322458889015593719e-02 1.148281021953283659e-01 1.930999999999999661e-01
9.255599999999999938e-02 9.783540076515591377e-02 8.865053897999319865e-02 9.783540076515591377e-02 1.687040000000000206e-01 1.270503772042216040e-01 8.865053897999319865e-02 1.270503772042216040e-01 1.930999999999999661e-01
9.255599999999999938e-02 1.030465635643521144e-01 9.243855119558762323e-02 1.030465635643521144e-01 1.687040000000000206e-01 1.316116604173457327e-01 9.243855119558762323e-02 1.316116604173457327e-01 1.930999999999999661e-01
9.255599999999999938e-02 1.039680000000000049e-01 9.537999999999997869e-02 1.039680000000000049e-01 1.687040000000000206e-01 1.346399999999999819e-01 9.537999999999997869e-02 1.346399999999999819e-01 1.930999999999999661e-01
c: 
1.042000000000000037e+00
2.956999999999999851e+00
2.482000000000000206e+00
