CDF: 
5.000000000000000278e-02 6.500000000000000222e-01 6.600000000000000311e-01 1.000000000000000000e+00
1.700000000000000122e-01 3.400000000000000244e-01 4.199999999999999845e-01 1.000000000000000000e+00
3.699999999999999956e-01 3.800000000000000044e-01 5.300000000000000266e-01 1.000000000000000000e+00
sigma: 
1.844910000000000161e-01 5.374604985465989901e-03 7.557409769163764973e-03 5.374604985465990768e-03 2.032589999999999675e-01 1.463966095327264884e-03 7.557409769163764973e-03 1.463966095327264884e-03 2.173440000000000094e-01
1.844910000000000161e-01 8.674020304351263977e-03 1.340145135480714025e-02 8.674020304351263977e-03 2.032589999999999675e-01 1.610139174776066898e-02 1.340145135480714025e-02 1.610139174776066898e-02 2.173440000000000094e-01
1.844910000000000161e-01 1.440738138375536118e-02 2.135521770444353748e-02 1.440738138375536291e-02 2.032589999999999675e-01 2.717499215344099106e-02 2.135521770444353748e-02 2.717499215344099106e-02 2.173440000000000094e-01
1.844910000000000161e-01 2.239021891145922052e-02 2.719954497490526327e-02 2.239021891145922399e-02 2.032589999999999675e-01 3.529561803177497237e-02 2.719954497490526327e-02 3.529561803177497237e-02 2.173440000000000094e-01
1.844910000000000161e-01 2.966468326414966120e-02 3.827480990518627307e-02 2.966468326414966467e-02 2.032589999999999675e-01 4.196231741633425771e-02 3.827480990518627307e-02 4.196231741633425771e-02 2.173440000000000094e-01
1.844910000000000161e-01 3.197014225514161617e-02 4.059983109922475630e-02 3.197014225514161617e-02 2.032589999999999675e-01 5.868064849533201344e-02 4.059983109922475630e-02 5.868064849533201344e-02 2.173440000000000094e-01
1.844910000000000161e-01 4.066456356443819836e-02 5.134790327645354091e-02 4.066456356443820530e-02 2.032589999999999675e-01 6.099073783838889623e-02 5.134790327645354091e-02 6.099073783838889623e-02 2.173440000000000094e-01
1.844910000000000161e-01 4.651522337575645510e-02 6.086934399957858594e-02 4.651522337575646204e-02 2.032589999999999675e-01 7.664762519644056915e-02 6.086934399957858594e-02 7.664762519644056915e-02 2.173440000000000094e-01
1.844910000000000161e-01 5.285651194121931268e-02 6.547213521557791738e-02 5.285651194121931962e-02 2.032589999999999675e-01 8.688706229211139165e-02 6.547213521557791738e-02 8.688706229211139165e-02 2.173440000000000094e-01
1.844910000000000161e-01 5.706021945668920958e-02 7.724210265731858149e-02 5.706021945668921652e-02 2.032589999999999675e-01 9.689030796126101019e-02 7.724210265731858149e-02 9.689030796126101019e-02 2.173440000000000094e-01
1.844910000000000161e-01 6.366683065465759961e-02 8.714672590747460368e-02 6.366683065465761349e-02 2.032589999999999675e-01 1.042959465611876385e-01 8.714672590747460368e-02 1.042959465611876385e-01 2.173440000000000094e-01
1.844910000000000161e-01 7.318762870324638237e-02 9.307206083246041817e-02 7.318762870324638237e-02 2.032589999999999675e-01 1.161854738250605729e-01 9.307206083246041817e-02 1.161854738250605729e-01 2.173440000000000094e-01
1.844910000000000161e-01 8.012061786669429087e-02 9.748519854076950764e-02 8.012061786669430474e-02 2.032589999999999675e-01 1.215849389783853068e-01 9.748519854076950764e-02 1.215849389783853068e-01 2.173440000000000094e-01
1.844910000000000161e-01 8.300498336302067348e-02 1.114116930904751196e-01 8.300498336302067348e-02 2.032589999999999675e-01 1.372042097019811890e-01 1.114116930904751196e-01 1.372042097019811890e-01 2.173440000000000094e-01
1.844910000000000161e-01 9.261536129055301936e-02 1.127985516603176586e-01 9.261536129055303324e-02 2.032589999999999675e-01 1.390724460081539937e-01 1.127985516603176586e-01 1.390724460081539937e-01 2.173440000000000094e-01
1.844910000000000161e-01 1.008787057974758344e-01 1.221102385113481403e-01 1.008787057974758483e-01 2.032589999999999675e-01 1.504657213651913739e-01 1.221102385113481403e-01 1.504657213651913739e-01 2.173440000000000094e-01
1.844910000000000161e-01 1.014199637675063242e-01 1.350639573658249937e-01 1.014199637675063381e-01 2.032589999999999675e-01 1.600439442426734860e-01 1.350639573658249937e-01 1.600439442426734860e-01 2.173440000000000094e-01
1.844910000000000161e-01 1.125714433123156388e-01 1.411009413390371947e-01 1.125714433123156527e-01 2.032589999999999675e-01 1.701770748750009721e-01 1.411009413390371947e-01 1.701770748750009721e-01 2.173440000000000094e-01
1.844910000000000161e-01 1.153460743790169912e-01 1.509509304975084898e-01 1.153460743790170051e-01 2.032589999999999675e-01 1.823858796236667301e-01 1.509509304975084898e-01 1.823858796236667301e-01 2.173440000000000094e-01
1.844910000000000161e-01 1.198369999999999991e-01 1.516520000000000090e-01 1.198370000000000130e-01 2.032589999999999675e-01 1.864640000000000186e-01 1.516520000000000090e-01 1.864640000000000186e-01 2.173440000000000094e-01
c: 
1.590999999999999970e+00
1.796999999999999931e+00
2.041999999999999815e+00
