CDF: 
6.199999999999999956e-01 7.800000000000000266e-01 8.299999999999999600e-01 1.000000000000000000e+00
1.700000000000000122e-01 5.100000000000000089e-01 6.600000000000000311e-01 1.000000000000000000e+00
4.899999999999999911e-01 6.999999999999999556e-01 9.200000000000000400e-01 1.000000000000000000e+00
sigma: 
1.351160000000000139e-01 5.616899505681276217e-03 3.705777707859209992e-03 5.616899505681276217e-03 1.585759999999999947e-01 2.004278748407625765e-03 3.705777707859209992e-03 2.004278748407625765e-03 7.949999999999998734e-02
1.351160000000000139e-01 6.047295286774779545e-03 6.161951279388747961e-03 6.047295286774779545e-03 1.585759999999999947e-01 5.467399223322315892e-03 6.161951279388747961e-03 5.467399223322315892e-03 7.949999999999998734e-02
1.351160000000000139e-01 1.197835871899050053e-02 1.308539576418423639e-02 1.197835871899050053e-02 1.585759999999999947e-01 1.328337781095535741e-02 1.308539576418423639e-02 1.328337781095535741e-02 7.949999999999998734e-02
1.351160000000000139e-01 2.276073063656948448e-02 1.464326185437807813e-02 2.276073063656948448e-02 1.585759999999999947e-01 1.682286497973634748e-02 1.464326185437807813e-02 1.682286497973634748e-02 7.949999999999998734e-02
1.351160000000000139e-01 2.606309533285491517e-02 2.185775780438291641e-02 2.606309533285491517e-02 1.585759999999999947e-01 2.141847681691240804e-02 2.185775780438291641e-02 2.141847681691240804e-02 7.949999999999998734e-02
1.351160000000000139e-01 3.373541524721436480e-02 2.607699869335505100e-02 3.373541524721436480e-02 1.585759999999999947e-01 2.495496291048529894e-02 2.607699869335505100e-02 2.495496291048529894e-02 7.949999999999998734e-02
1.351160000000000139e-01 3.988109043198884152e-02 3.085480687672997185e-02 3.988109043198884152e-02 1.585759999999999947e-01 3.198363016498382422e-02 3.085480687672997185e-02 3.198363016498382422e-02 7.949999999999998734e-02
1.351160000000000139e-01 4.684050221921958607e-02 3.600593498773003304e-02 4.684050221921958607e-02 1.585759999999999947e-01 3.543344932609061165e-02 3.600593498773003304e-02 3.543344932609061165e-02 7.949999999999998734e-02
1.351160000000000139e-01 4.936662476609193079e-02 3.902250254679318769e-02 4.936662476609193079e-02 1.585759999999999947e-01 4.138761742402326943e-02 3.902250254679318769e-02 4.138761742402326943e-02 7.949999999999998734e-02
1.351160000000000139e-01 5.900518789577963857e-02 4.135293589161045946e-02 5.900518789577963857e-02 1.585759999999999947e-01 4.728130736172233423e-02 4.135293589161045946e-02 4.728130736172233423e-02 7.949999999999998734e-02
1.351160000000000139e-01 6.185022162882423263e-02 4.649104480209326207e-02 6.185022162882423263e-02 1.585759999999999947e-01 4.995985635478675246e-02 4.649104480209326207e-02 4.995985635478675246e-02 7.949999999999998734e-02
1.351160000000000139e-01 6.890127190595531081e-02 5.429928515582809617e-02 6.890127190595531081e-02 1.585759999999999947e-01 5.611817681236466737e-02 5.429928515582809617e-02 5.611817681236466737e-02 7.949999999999998734e-02
1.351160000000000139e-01 7.640148711864309938e-02 5.807295935582864471e-02 7.640148711864309938e-02 1.585759999999999947e-01 6.112485760307824478e-02 5.807295935582864471e-02 6.112485760307824478e-02 7.949999999999998734e-02
1.351160000000000139e-01 8.299380729951957858e-02 6.214529448896848052e-02 8.299380729951957858e-02 1.585759999999999947e-01 6.482872680742134130e-02 6.214529448896848052e-02 6.482872680742134130e-02 7.949999999999998734e-02
1.351160000000000139e-01 8.799021322827561831e-02 6.473653866516890232e-02 8.799021322827561831e-02 1.585759999999999947e-01 6.670627225223682566e-02 6.473653866516890232e-02 6.670627225223682566e-02 7.949999999999998734e-02
1.351160000000000139e-01 9.351984752696472503e-02 7.235721934726190019e-02 9.351984752696472503e-02 1.585759999999999947e-01 7.426500067016202078e-02 7.235721934726190019e-02 7.426500067016202078e-02 7.949999999999998734e-02
1.351160000000000139e-01 9.941516277651477052e-02 7.573725925987728758e-02 9.941516277651477052e-02 1.585759999999999947e-01 7.984684691310264815e-02 7.573725925987728758e-02 7.984684691310264815e-02 7.949999999999998734e-02
1.351160000000000139e-01 1.045004392956235678e-01 7.888720058627639309e-02 1.045004392956235678e-01 1.585759999999999947e-01 8.175053301997696475e-02 7.888720058627639309e-02 8.175053301997696475e-02 7.949999999999998734e-02
1.351160000000000139e-01 1.093363602747104701e-01 8.335419256119369624e-02 1.093363602747104701e-01 1.585759999999999947e-01 8.594554103311678739e-02 8.335419256119369624e-02 8.594554103311678739e-02 7.949999999999998734e-02
1.351160000000000139e-01 1.133040000000000158e-01 8.698000000000000176e-02 1.133040000000000158e-01 1.585759999999999947e-01 9.052000000000001712e-02 8.698000000000000176e-02 9.052000000000001712e-02 7.949999999999998734e-02
c: 
2.669999999999999929e+00
1.999000000000000110e+00
2.371999999999999886e+00
