CDF: 
6.899999999999999467e-01 8.100000000000000533e-01 8.299999999999999600e-01 1.000000000000000000e+00
2.999999999999999889e-01 4.199999999999999845e-01 4.299999999999999933e-01 1.000000000000000000e+00
4.899999999999999911e-01 6.999999999999999556e-01 7.900000000000000355e-01 1.000000000000000000e+00
sigma: 
1.376560000000000283e-01 4.024025502971593712e-03 3.026464300529937718e-03 4.024025502971593712e-03 2.298749999999999405e-01 3.967064312013445643e-03 3.026464300529937718e-03 3.967064312013445643e-03 1.536360000000000225e-01
1.376560000000000283e-01 4.573304128546697850e-03 7.550979967251029469e-03 4.573304128546697850e-03 2.298749999999999405e-01 6.728759742163437432e-03 7.550979967251029469e-03 6.728759742163437432e-03 1.536360000000000225e-01
1.376560000000000283e-01 1.094675415099586636e-02 1.987607126193464968e-02 1.094675415099586636e-02 2.298749999999999405e-01 1.661776291314743734e-02 1.987607126193464968e-02 1.661776291314743734e-02 1.536360000000000225e-01
1.376560000000000283e-01 1.448153081486818101e-02 2.240417664026537678e-02 1.448153081486818101e-02 2.298749999999999405e-01 1.705615609619141188e-02 2.240417664026537678e-02 1.705615609619141188e-02 1.536360000000000225e-01
1.376560000000000283e-01 1.903384780279841412e-02 3.216030801365522135e-02 1.903384780279841412e-02 2.298749999999999405e-01 2.423506070674406529e-02 3.216030801365522135e-02 2.423506070674406529e-02 1.536360000000000225e-01
1.376560000000000283e-01 2.357840827600776734e-02 3.651978015985593573e-02 2.357840827600776734e-02 2.298749999999999405e-01 2.900393688792464453e-02 3.651978015985593573e-02 2.900393688792464453e-02 1.536360000000000225e-01
1.376560000000000283e-01 2.752253808275941308e-02 4.684264288446884222e-02 2.752253808275941308e-02 2.298749999999999405e-01 3.701137798157757425e-02 4.684264288446884222e-02 3.701137798157757425e-02 1.536360000000000225e-01
1.376560000000000283e-01 3.079198301593310400e-02 5.498932793538235247e-02 3.079198301593310400e-02 2.298749999999999405e-01 3.952899062582240081e-02 5.498932793538235247e-02 3.952899062582240081e-02 1.536360000000000225e-01
1.376560000000000283e-01 3.524676204007671371e-02 6.058332407230323374e-02 3.524676204007671371e-02 2.298749999999999405e-01 4.689781061256165229e-02 6.058332407230323374e-02 4.689781061256165229e-02 1.536360000000000225e-01
1.376560000000000283e-01 3.801075381961383642e-02 6.529798817568920055e-02 3.801075381961383642e-02 2.298749999999999405e-01 5.563592586063470513e-02 6.529798817568920055e-02 5.563592586063470513e-02 1.536360000000000225e-01
1.376560000000000283e-01 4.226766538284240649e-02 7.318897241213792593e-02 4.226766538284240649e-02 2.298749999999999405e-01 6.058047571910941259e-02 7.318897241213792593e-02 6.058047571910941259e-02 1.536360000000000225e-01
1.376560000000000283e-01 4.632554984634044276e-02 7.752415696449545257e-02 4.632554984634044276e-02 2.298749999999999405e-01 6.253538599770484818e-02 7.752415696449545257e-02 6.253538599770484818e-02 1.536360000000000225e-01
1.376560000000000283e-01 5.155190249072580388e-02 8.986788107900917089e-02 5.155190249072580388e-02 2.298749999999999405e-01 7.153097104291405994e-02 8.986788107900917089e-02 7.153097104291405994e-02 1.536360000000000225e-01
1.376560000000000283e-01 5.344315520453209872e-02 9.449083743247972678e-02 5.344315520453209872e-02 2.298749999999999405e-01 7.603225890742623672e-02 9.449083743247972678e-02 7.603225890742623672e-02 1.536360000000000225e-01
1.376560000000000283e-01 5.931820286618821880e-02 9.799800379993627020e-02 5.931820286618821880e-02 2.298749999999999405e-01 8.024158294773099664e-02 9.799800379993627020e-02 8.024158294773099664e-02 1.536360000000000225e-01
1.376560000000000283e-01 6.568431941522420714e-02 1.044989972469188982e-01 6.568431941522420714e-02 2.298749999999999405e-01 8.595845042712077499e-02 1.044989972469188982e-01 8.595845042712077499e-02 1.536360000000000225e-01
1.376560000000000283e-01 6.829847752067243205e-02 1.161287459505329495e-01 6.829847752067243205e-02 2.298749999999999405e-01 9.325835319922975986e-02 1.161287459505329495e-01 9.325835319922975986e-02 1.536360000000000225e-01
1.376560000000000283e-01 7.090788567541364551e-02 1.244593845717810593e-01 7.090788567541364551e-02 2.298749999999999405e-01 9.791203118926231075e-02 1.244593845717810593e-01 9.791203118926231075e-02 1.536360000000000225e-01
1.376560000000000283e-01 7.443333167576354770e-02 1.279494528693559674e-01 7.443333167576354770e-02 2.298749999999999405e-01 1.038019383445071692e-01 1.279494528693559674e-01 1.038019383445071692e-01 1.536360000000000225e-01
1.376560000000000283e-01 7.802000000000000601e-02 1.322960000000000247e-01 7.802000000000000601e-02 2.298749999999999405e-01 1.070699999999999985e-01 1.322960000000000247e-01 1.070699999999999985e-01 1.536360000000000225e-01
c: 
1.207000000000000073e+00
1.679000000000000048e+00
2.363999999999999879e+00
