CDF: 
3.499999999999999778e-01 8.100000000000000533e-01 8.299999999999999600e-01 1.000000000000000000e+00
4.000000000000000222e-01 5.899999999999999689e-01 6.600000000000000311e-01 1.000000000000000000e+00
4.899999999999999911e-01 7.600000000000000089e-01 7.800000000000000266e-01 1.000000000000000000e+00
sigma: 
1.187000000000000000e-01 1.330245721300754233e-03 2.938579135981193510e-03 1.330245721300754233e-03 1.939640000000000253e-01 6.252006481064741918e-03 2.938579135981193510e-03 6.252006481064741918e-03 1.544760000000000022e-01
1.187000000000000000e-01 7.283078055218075893e-03 1.155272515716783237e-02 7.283078055218075893e-03 1.939640000000000253e-01 8.050195959765292855e-03 1.155272515716783237e-02 8.050195959765292855e-03 1.544760000000000022e-01
1.187000000000000000e-01 1.596829257092520840e-02 1.787065642656671116e-02 1.596829257092520840e-02 1.939640000000000253e-01 1.666446250683845456e-02 1.787065642656671116e-02 1.666446250683845456e-02 1.544760000000000022e-01
1.187000000000000000e-01 1.768081317342126355e-02 2.069966906593228087e-02 1.768081317342126355e-02 1.939640000000000253e-01 2.274338757748598297e-02 2.069966906593228087e-02 2.274338757748598297e-02 1.544760000000000022e-01
1.187000000000000000e-01 2.923948840478399550e-02 2.936177420919034234e-02 2.923948840478399550e-02 1.939640000000000253e-01 3.684157300291916043e-02 2.936177420919034234e-02 3.684157300291916043e-02 1.544760000000000022e-01
1.187000000000000000e-01 3.192024703525232071e-02 3.500266879482839821e-02 3.192024703525232071e-02 1.939640000000000253e-01 4.393807217585411068e-02 3.500266879482839821e-02 4.393807217585411068e-02 1.544760000000000022e-01
1.187000000000000000e-01 3.662783919754984685e-02 4.073472988436546705e-02 3.662783919754984685e-02 1.939640000000000253e-01 4.555920467453685591e-02 4.073472988436546705e-02 4.555920467453685591e-02 1.544760000000000022e-01
1.187000000000000000e-01 4.476873432343109888e-02 4.550044330166570783e-02 4.476873432343109888e-02 1.939640000000000253e-01 5.444264398775189306e-02 4.550044330166570783e-02 5.444264398775189306e-02 1.544760000000000022e-01
1.187000000000000000e-01 5.043404906533974219e-02 5.646369206631234733e-02 5.043404906533974219e-02 1.939640000000000253e-01 6.552076476384428860e-02 5.646369206631234733e-02 6.552076476384428860e-02 1.544760000000000022e-01
1.187000000000000000e-01 5.375070155902846730e-02 5.746647251687600488e-02 5.375070155902846730e-02 1.939640000000000253e-01 7.363084849615196548e-02 5.746647251687600488e-02 7.363084849615196548e-02 1.544760000000000022e-01
1.187000000000000000e-01 5.920049221446860993e-02 6.679868803624915141e-02 5.920049221446860993e-02 1.939640000000000253e-01 7.821484412037194023e-02 6.679868803624915141e-02 7.821484412037194023e-02 1.544760000000000022e-01
1.187000000000000000e-01 6.569038865891686785e-02 7.171624297044909557e-02 6.569038865891686785e-02 1.939640000000000253e-01 8.412759414547886505e-02 7.171624297044909557e-02 8.412759414547886505e-02 1.544760000000000022e-01
1.187000000000000000e-01 7.292570418568204704e-02 8.109055479064754268e-02 7.292570418568204704e-02 1.939640000000000253e-01 9.511430853650765238e-02 8.109055479064754268e-02 9.511430853650765238e-02 1.544760000000000022e-01
1.187000000000000000e-01 7.714605775483396322e-02 8.851385651400131560e-02 7.714605775483396322e-02 1.939640000000000253e-01 1.023947531413190171e-01 8.851385651400131560e-02 1.023947531413190171e-01 1.544760000000000022e-01
1.187000000000000000e-01 8.799350270045656897e-02 8.956865622685983297e-02 8.799350270045656897e-02 1.939640000000000253e-01 1.099059251516632668e-01 8.956865622685983297e-02 1.099059251516632668e-01 1.544760000000000022e-01
1.187000000000000000e-01 8.855709806834542730e-02 9.574366783077001286e-02 8.855709806834542730e-02 1.939640000000000253e-01 1.177487626799042647e-01 9.574366783077001286e-02 1.177487626799042647e-01 1.544760000000000022e-01
1.187000000000000000e-01 9.957382301068516683e-02 1.061999868578654277e-01 9.957382301068516683e-02 1.939640000000000253e-01 1.225958337903617634e-01 1.061999868578654277e-01 1.225958337903617634e-01 1.544760000000000022e-01
1.187000000000000000e-01 1.049771905777875797e-01 1.103670290500333023e-01 1.049771905777875797e-01 1.939640000000000253e-01 1.314514203846615104e-01 1.103670290500333023e-01 1.314514203846615104e-01 1.544760000000000022e-01
1.187000000000000000e-01 1.108590706303053536e-01 1.156371421627389456e-01 1.108590706303053536e-01 1.939640000000000253e-01 1.427317825104458537e-01 1.156371421627389456e-01 1.427317825104458537e-01 1.544760000000000022e-01
1.187000000000000000e-01 1.115800000000000125e-01 1.202600000000000058e-01 1.115800000000000125e-01 1.939640000000000253e-01 1.431080000000000130e-01 1.202600000000000058e-01 1.431080000000000130e-01 1.544760000000000022e-01
c: 
1.937999999999999945e+00
2.762000000000000011e+00
1.048000000000000043e+00
