CDF: 
2.200000000000000011e-01 4.600000000000000200e-01 5.600000000000000533e-01 1.000000000000000000e+00
2.800000000000000266e-01 5.400000000000000355e-01 8.499999999999999778e-01 1.000000000000000000e+00
3.499999999999999778e-01 3.900000000000000133e-01 8.900000000000000133e-01 1.000000000000000000e+00
sigma: 
1.868159999999999821e-01 3.206450786983824040e-03 1.191082627672292605e-03 3.206450786983824040e-03 1.037240000000000106e-01 1.794721157865466349e-03 1.191082627672292605e-03 1.794721157865466349e-03 9.047600000000000087e-02
1.868159999999999821e-01 1.098296244737007217e-02 7.071497665297898742e-03 1.098296244737007217e-02 1.037240000000000106e-01 5.389238822622669824e-03 7.071497665297898742e-03 5.389238822622669824e-03 9.047600000000000087e-02
1.868159999999999821e-01 1.393528728139145807e-02 1.433226888694236721e-02 1.393528728139145807e-02 1.037240000000000106e-01 1.100258844325532892e-02 1.433226888694236721e-02 1.100258844325532892e-02 9.047600000000000087e-02
1.868159999999999821e-01 2.026968738795681749e-02 1.835440105255419993e-02 2.026968738795681749e-02 1.037240000000000106e-01 1.456764852930109155e-02 1.835440105255419993e-02 1.456764852930109155e-02 9.047600000000000087e-02
1.868159999999999821e-01 2.618062221449719493e-02 2.092956125253476671e-02 2.618062221449719493e-02 1.037240000000000106e-01 2.014469285634489654e-02 2.092956125253476671e-02 2.014469285634489654e-02 9.047600000000000087e-02
1.868159999999999821e-01 3.211060945540453182e-02 2.907590229239921317e-02 3.211060945540453182e-02 1.037240000000000106e-01 2.274752860073961033e-02 2.907590229239921317e-02 2.274752860073961033e-02 9.047600000000000087e-02
1.868159999999999821e-01 3.802582538024067843e-02 3.575995805947171369e-02 3.802582538024067843e-02 1.037240000000000106e-01 3.094135678445003937e-02 3.575995805947171369e-02 3.094135678445003937e-02 9.047600000000000087e-02
1.868159999999999821e-01 4.624952011965447612e-02 3.999953760349391624e-02 4.624952011965447612e-02 1.037240000000000106e-01 3.416286495965449588e-02 3.999953760349391624e-02 3.416286495965449588e-02 9.047600000000000087e-02
1.868159999999999821e-01 4.739120316710997149e-02 4.428089654019282811e-02 4.739120316710997149e-02 1.037240000000000106e-01 3.661927951942502840e-02 4.428089654019282811e-02 3.661927951942502840e-02 9.047600000000000087e-02
1.868159999999999821e-01 5.669710269196497066e-02 5.014228915447045687e-02 5.669710269196497066e-02 1.037240000000000106e-01 4.139380958356612267e-02 5.014228915447045687e-02 4.139380958356612267e-02 9.047600000000000087e-02
1.868159999999999821e-01 6.384043296203839590e-02 5.253092041952260594e-02 6.384043296203839590e-02 1.037240000000000106e-01 4.659207683916212483e-02 5.253092041952260594e-02 4.659207683916212483e-02 9.047600000000000087e-02
1.868159999999999821e-01 6.472945921003241121e-02 5.786428036370673544e-02 6.472945921003241121e-02 1.037240000000000106e-01 5.079745147530599636e-02 5.786428036370673544e-02 5.079745147530599636e-02 9.047600000000000087e-02
1.868159999999999821e-01 7.272656447831933602e-02 6.654200262688782230e-02 7.272656447831933602e-02 1.037240000000000106e-01 5.690148066979178881e-02 6.654200262688782230e-02 5.690148066979178881e-02 9.047600000000000087e-02
1.868159999999999821e-01 7.822666784095741455e-02 6.917195759719295400e-02 7.822666784095741455e-02 1.037240000000000106e-01 6.017084928426175150e-02 6.917195759719295400e-02 6.017084928426175150e-02 9.047600000000000087e-02
1.868159999999999821e-01 8.578882705541641951e-02 7.296007662329270782e-02 8.578882705541641951e-02 1.037240000000000106e-01 6.410743276379568534e-02 7.296007662329270782e-02 6.410743276379568534e-02 9.047600000000000087e-02
1.868159999999999821e-01 9.145661032005662772e-02 8.145871200079843333e-02 9.145661032005662772e-02 1.037240000000000106e-01 7.201026466579898977e-02 8.145871200079843333e-02 7.201026466579898977e-02 9.047600000000000087e-02
1.868159999999999821e-01 9.893679754505932400e-02 8.566585847238157581e-02 9.893679754505932400e-02 1.037240000000000106e-01 7.342913029319844687e-02 8.566585847238157581e-02 7.342913029319844687e-02 9.047600000000000087e-02
1.868159999999999821e-01 9.910232554916358072e-02 8.742291863577489330e-02 9.910232554916358072e-02 1.037240000000000106e-01 7.875626261960592955e-02 8.742291863577489330e-02 7.875626261960592955e-02 9.047600000000000087e-02
1.868159999999999821e-01 1.070503498619115590e-01 9.606281645370173816e-02 1.070503498619115590e-01 1.037240000000000106e-01 8.314980916181022308e-02 9.606281645370173816e-02 8.314980916181022308e-02 9.047600000000000087e-02
1.868159999999999821e-01 1.106720000000000204e-01 9.729599999999999360e-02 1.106720000000000204e-01 1.037240000000000106e-01 8.553199999999999692e-02 9.729599999999999360e-02 8.553199999999999692e-02 9.047600000000000087e-02
c: 
1.641999999999999904e+00
2.517999999999999794e+00
2.871999999999999886e+00
