CDF: 
2.600000000000000089e-01 4.699999999999999734e-01 8.900000000000000133e-01 1.000000000000000000e+00
2.800000000000000266e-01 7.199999999999999734e-01 9.100000000000000311e-01 1.000000000000000000e+00
2.000000000000000111e-01 2.200000000000000011e-01 5.600000000000000533e-01 1.000000000000000000e+00
sigma: 
8.385099999999998110e-02 1.452258354704980122e-03 4.371512722013800450e-03 1.452258354704980122e-03 7.501899999999998847e-02 3.736023222891978845e-04 4.371512722013800450e-03 3.736023222891978845e-04 1.748640000000000194e-01
8.385099999999998110e-02 5.789894349939725925e-03 8.714035012416956535e-03 5.789894349939725925e-03 7.501899999999998847e-02 4.782496839688898937e-03 8.714035012416956535e-03 4.782496839688898937e-03 1.748640000000000194e-01
8.385099999999998110e-02 8.135849190975721901e-03 1.261374851822819922e-02 8.135849190975721901e-03 7.501899999999998847e-02 1.007979088164312996e-02 1.261374851822819922e-02 1.007979088164312996e-02 1.748640000000000194e-01
8.385099999999998110e-02 1.283369124773000962e-02 1.407523025858030755e-02 1.283369124773000962e-02 7.501899999999998847e-02 1.083698549401430553e-02 1.407523025858030755e-02 1.083698549401430553e-02 1.748640000000000194e-01
8.385099999999998110e-02 1.632532348296575689e-02 2.161996827898330156e-02 1.632532348296575689e-02 7.501899999999998847e-02 1.756488824404742882e-02 2.161996827898330156e-02 1.756488824404742882e-02 1.748640000000000194e-01
8.385099999999998110e-02 2.148696070528408053e-02 2.338420312946196816e-02 2.148696070528408053e-02 7.501899999999998847e-02 2.048582906765400100e-02 2.338420312946196816e-02 2.048582906765400100e-02 1.748640000000000194e-01
8.385099999999998110e-02 2.414367331120598550e-02 2.989432619059145466e-02 2.414367331120598550e-02 7.501899999999998847e-02 2.299114324161610420e-02 2.989432619059145466e-02 2.299114324161610420e-02 1.748640000000000194e-01
8.385099999999998110e-02 2.878131032730156524e-02 3.445441561926845808e-02 2.878131032730156524e-02 7.501899999999998847e-02 2.682581490450083178e-02 3.445441561926845808e-02 2.682581490450083178e-02 1.748640000000000194e-01
8.385099999999998110e-02 3.317776769506082524e-02 3.784514333913645279e-02 3.317776769506082524e-02 7.501899999999998847e-02 2.889124341529714438e-02 3.784514333913645279e-02 2.889124341529714438e-02 1.748640000000000194e-01
8.385099999999998110e-02 3.588003166709474029e-02 4.007380319429534182e-02 3.588003166709474029e-02 7.501899999999998847e-02 3.473103816736462096e-02 4.007380319429534182e-02 3.473103816736462096e-02 1.748640000000000194e-01
8.385099999999998110e-02 4.131381199675093069e-02 4.472336945865360014e-02 4.131381199675093069e-02 7.501899999999998847e-02 3.795671927299780479e-02 4.472336945865360014e-02 3.795671927299780479e-02 1.748640000000000194e-01
8.385099999999998110e-02 4.478620276960755542e-02 5.116537510061767297e-02 4.478620276960755542e-02 7.501899999999998847e-02 3.927835094534243982e-02 5.116537510061767297e-02 3.927835094534243982e-02 1.748640000000000194e-01
8.385099999999998110e-02 4.891116849551283008e-02 5.526477415762477002e-02 4.891116849551283008e-02 7.501899999999998847e-02 4.539074162807692214e-02 5.526477415762477002e-02 4.539074162807692214e-02 1.748640000000000194e-01
8.385099999999998110e-02 5.141280134464749907e-02 6.060784039596141259e-02 5.141280134464749907e-02 7.501899999999998847e-02 4.796099011939729956e-02 6.060784039596141259e-02 4.796099011939729956e-02 1.748640000000000194e-01
8.385099999999998110e-02 5.617955644780434077e-02 6.588030949097299638e-02 5.617955644780434077e-02 7.501899999999998847e-02 5.302458430497555136e-02 6.588030949097299638e-02 5.302458430497555136e-02 1.748640000000000194e-01
8.385099999999998110e-02 5.855313757377157008e-02 6.978618131200693686e-02 5.855313757377157008e-02 7.501899999999998847e-02 5.580411310450713452e-02 6.978618131200693686e-02 5.580411310450713452e-02 1.748640000000000194e-01
8.385099999999998110e-02 6.064940476425601662e-02 7.137280773969809089e-02 6.064940476425601662e-02 7.501899999999998847e-02 5.936198405068600359e-02 7.137280773969809089e-02 5.936198405068600359e-02 1.748640000000000194e-01
8.385099999999998110e-02 6.647317145574550834e-02 7.832330404378909372e-02 6.647317145574550834e-02 7.501899999999998847e-02 6.341917066035725192e-02 7.832330404378909372e-02 6.341917066035725192e-02 1.748640000000000194e-01
8.385099999999998110e-02 6.960757123571946481e-02 8.154884267197125280e-02 6.960757123571946481e-02 7.501899999999998847e-02 6.698191913096533667e-02 8.154884267197125280e-02 6.698191913096533667e-02 1.748640000000000194e-01
8.385099999999998110e-02 7.161299999999998223e-02 8.359199999999999964e-02 7.161299999999998223e-02 7.501899999999998847e-02 6.749600000000000044e-02 8.359199999999999964e-02 6.749600000000000044e-02 1.748640000000000194e-01
c: 
2.962000000000000188e+00
1.844000000000000083e+00
1.415999999999999925e+00
