CDF: 
6.500000000000000222e-01 8.499999999999999778e-01 9.399999999999999467e-01 1.000000000000000000e+00
2.500000000000000000e-01 4.500000000000000111e-01 5.600000000000000533e-01 1.000000000000000000e+00
7.500000000000000000e-01 7.800000000000000266e-01 9.200000000000000400e-01 1.000000000000000000e+00
sigma: 
6.390399999999998859e-02 1.332663118051703385e-03 1.605878628989704758e-03 1.332663118051703385e-03 1.910240000000000271e-01 2.634214791776959708e-03 1.605878628989704758e-03 2.634214791776959708e-03 8.343600000000001016e-02
6.390399999999998859e-02 5.478064921374675711e-03 5.128442423917163942e-03 5.478064921374675711e-03 1.910240000000000271e-01 4.983373380616966906e-03 5.128442423917163942e-03 4.983373380616966906e-03 8.343600000000001016e-02
6.390399999999998859e-02 7.207186403223022654e-03 1.011465319077719041e-02 7.207186403223022654e-03 1.910240000000000271e-01 8.938566823009818502e-03 1.011465319077719041e-02 8.938566823009818502e-03 8.343600000000001016e-02
6.390399999999998859e-02 1.096934256981310814e-02 1.202104931665593998e-02 1.096934256981310814e-02 1.910240000000000271e-01 1.100896198584347223e-02 1.202104931665593998e-02 1.100896198584347223e-02 8.343600000000001016e-02
6.390399999999998859e-02 1.473793758889182202e-02 1.451107908609640049e-02 1.473793758889182202e-02 1.910240000000000271e-01 1.628774252772496184e-02 1.451107908609640049e-02 1.628774252772496184e-02 8.343600000000001016e-02
6.390399999999998859e-02 1.995510659097930392e-02 1.937031308211364586e-02 1.995510659097930392e-02 1.910240000000000271e-01 1.787709650435906350e-02 1.937031308211364586e-02 1.787709650435906350e-02 8.343600000000001016e-02
6.390399999999998859e-02 2.366797499767267499e-02 2.400301113814326190e-02 2.366797499767267499e-02 1.910240000000000271e-01 2.263031014269070024e-02 2.400301113814326190e-02 2.263031014269070024e-02 8.343600000000001016e-02
6.390399999999998859e-02 2.458568262661009474e-02 2.729327198891531511e-02 2.458568262661009474e-02 1.910240000000000271e-01 2.837889178125940423e-02 2.729327198891531511e-02 2.837889178125940423e-02 8.343600000000001016e-02
6.390399999999998859e-02 2.895896756832037552e-02 3.111951101240456249e-02 2.895896756832037552e-02 1.910240000000000271e-01 3.148866736101781083e-02 3.111951101240456249e-02 3.148866736101781083e-02 8.343600000000001016e-02
6.390399999999998859e-02 3.126309697872316912e-02 3.396654553350805794e-02 3.126309697872316912e-02 1.910240000000000271e-01 3.322762756401061862e-02 3.396654553350805794e-02 3.322762756401061862e-02 8.343600000000001016e-02
6.390399999999998859e-02 3.744937927767418712e-02 3.750239505785054467e-02 3.744937927767418712e-02 1.910240000000000271e-01 3.605424702699588924e-02 3.750239505785054467e-02 3.605424702699588924e-02 8.343600000000001016e-02
6.390399999999998859e-02 3.978078221787594015e-02 3.954254477138702262e-02 3.978078221787594015e-02 1.910240000000000271e-01 4.182530462760324086e-02 3.954254477138702262e-02 4.182530462760324086e-02 8.343600000000001016e-02
6.390399999999998859e-02 4.145555235240566683e-02 4.285835242645180676e-02 4.145555235240566683e-02 1.910240000000000271e-01 4.537510146253549703e-02 4.285835242645180676e-02 4.537510146253549703e-02 8.343600000000001016e-02
6.390399999999998859e-02 4.742048362388732313e-02 4.728286336225738518e-02 4.742048362388732313e-02 1.910240000000000271e-01 4.681602172216144109e-02 4.728286336225738518e-02 4.681602172216144109e-02 8.343600000000001016e-02
6.390399999999998859e-02 5.092277548318445424e-02 5.007066939208176803e-02 5.092277548318445424e-02 1.910240000000000271e-01 5.098744767975672831e-02 5.007066939208176803e-02 5.098744767975672831e-02 8.343600000000001016e-02
6.390399999999998859e-02 5.245114997047917171e-02 5.431513468689484758e-02 5.245114997047917171e-02 1.910240000000000271e-01 5.559349230116301943e-02 5.431513468689484758e-02 5.559349230116301943e-02 8.343600000000001016e-02
6.390399999999998859e-02 5.623545619699613085e-02 5.923699216430545339e-02 5.623545619699613085e-02 1.910240000000000271e-01 5.998928196968671828e-02 5.923699216430545339e-02 5.998928196968671828e-02 8.343600000000001016e-02
6.390399999999998859e-02 6.096265094486127967e-02 6.252152119035593592e-02 6.096265094486127967e-02 1.910240000000000271e-01 6.155405782325461261e-02 6.252152119035593592e-02 6.155405782325461261e-02 8.343600000000001016e-02
6.390399999999998859e-02 6.289548034585161485e-02 6.553153209224270304e-02 6.289548034585161485e-02 1.910240000000000271e-01 6.600276540674830661e-02 6.553153209224270304e-02 6.600276540674830661e-02 8.343600000000001016e-02
6.390399999999998859e-02 6.473600000000000187e-02 6.668799999999999728e-02 6.473600000000000187e-02 1.910240000000000271e-01 6.759200000000001318e-02 6.668799999999999728e-02 6.759200000000001318e-02 8.343600000000001016e-02
c: 
1.324999999999999956e+00
1.624000000000000110e+00
2.084999999999999964e+00
