CDF: 
2.800000000000000266e-01 4.000000000000000222e-01 8.000000000000000444e-01 1.000000000000000000e+00
2.200000000000000011e-01 2.899999999999999800e-01 3.200000000000000067e-01 1.000000000000000000e+00
4.600000000000000200e-01 5.999999999999999778e-01 6.600000000000000311e-01 1.000000000000000000e+00
sigma: 
1.269760000000000055e-01 3.819417055261341374e-03 2.611055344411032392e-03 3.819417055261341374e-03 1.989839999999999942e-01 4.670324979539373228e-03 2.611055344411032392e-03 4.670324979539373228e-03 2.084160000000000179e-01
1.269760000000000055e-01 7.714672418232378960e-03 7.812329030445297126e-03 7.714672418232378960e-03 1.989839999999999942e-01 1.109274419116249022e-02 7.812329030445297126e-03 1.109274419116249022e-02 2.084160000000000179e-01
1.269760000000000055e-01 1.249880928517639600e-02 1.928911296658746347e-02 1.249880928517639600e-02 1.989839999999999942e-01 1.378328264336557696e-02 1.928911296658746347e-02 1.378328264336557696e-02 2.084160000000000179e-01
1.269760000000000055e-01 1.980185352766624871e-02 2.360254062312621207e-02 1.980185352766624871e-02 1.989839999999999942e-01 2.112333319770543991e-02 2.360254062312621207e-02 2.112333319770543991e-02 2.084160000000000179e-01
1.269760000000000055e-01 2.371613567303330894e-02 3.241091927561304264e-02 2.371613567303330894e-02 1.989839999999999942e-01 2.926020623353434852e-02 3.241091927561304264e-02 2.926020623353434852e-02 2.084160000000000179e-01
1.269760000000000055e-01 3.046744147987216766e-02 3.397079126574832630e-02 3.046744147987216766e-02 1.989839999999999942e-01 3.396879556730236088e-02 3.397079126574832630e-02 3.396879556730236088e-02 2.084160000000000179e-01
1.269760000000000055e-01 3.140855875292742488e-02 4.050080827289566365e-02 3.140855875292742488e-02 1.989839999999999942e-01 3.706992278135845531e-02 4.050080827289566365e-02 3.706992278135845531e-02 2.084160000000000179e-01
1.269760000000000055e-01 3.730740516173208787e-02 5.372703572233536451e-02 3.730740516173208787e-02 1.989839999999999942e-01 4.665374287618574700e-02 5.372703572233536451e-02 4.665374287618574700e-02 2.084160000000000179e-01
1.269760000000000055e-01 4.354460566768601770e-02 5.930863273860870200e-02 4.354460566768601770e-02 1.989839999999999942e-01 5.194576954748685027e-02 5.930863273860870200e-02 5.194576954748685027e-02 2.084160000000000179e-01
1.269760000000000055e-01 5.133822084065684660e-02 6.571722408774771651e-02 5.133822084065684660e-02 1.989839999999999942e-01 5.805038206324852207e-02 6.571722408774771651e-02 5.805038206324852207e-02 2.084160000000000179e-01
1.269760000000000055e-01 5.377254953000717985e-02 7.400380881353098295e-02 5.377254953000717985e-02 1.989839999999999942e-01 6.163119201945193443e-02 7.400380881353098295e-02 6.163119201945193443e-02 2.084160000000000179e-01
1.269760000000000055e-01 6.118533981672643479e-02 8.031999193516667357e-02 6.118533981672643479e-02 1.989839999999999942e-01 6.704571538299186617e-02 8.031999193516667357e-02 6.704571538299186617e-02 2.084160000000000179e-01
1.269760000000000055e-01 6.455377675342340027e-02 8.466509260867678688e-02 6.455377675342340027e-02 1.989839999999999942e-01 7.392579664883887347e-02 8.466509260867678688e-02 7.392579664883887347e-02 2.084160000000000179e-01
1.269760000000000055e-01 7.185064492853920903e-02 9.214109470385579981e-02 7.185064492853920903e-02 1.989839999999999942e-01 7.869685383191496464e-02 9.214109470385579981e-02 7.869685383191496464e-02 2.084160000000000179e-01
1.269760000000000055e-01 7.447983618890605118e-02 1.007969984771024119e-01 7.447983618890605118e-02 1.989839999999999942e-01 8.376539259964246864e-02 1.007969984771024119e-01 8.376539259964246864e-02 2.084160000000000179e-01
1.269760000000000055e-01 8.199921007924500238e-02 1.058714352558272204e-01 8.199921007924500238e-02 1.989839999999999942e-01 8.976801214725232958e-02 1.058714352558272204e-01 8.976801214725232958e-02 2.084160000000000179e-01
1.269760000000000055e-01 8.555683616340789555e-02 1.117711183212028170e-01 8.555683616340789555e-02 1.989839999999999942e-01 9.895536946426385094e-02 1.117711183212028170e-01 9.895536946426385094e-02 2.084160000000000179e-01
1.269760000000000055e-01 8.919629876928329704e-02 1.164208662430310237e-01 8.919629876928329704e-02 1.989839999999999942e-01 1.053289728468599640e-01 1.164208662430310237e-01 1.053289728468599640e-01 2.084160000000000179e-01
1.269760000000000055e-01 9.375913872921270986e-02 1.268039199073655865e-01 9.375913872921270986e-02 1.989839999999999942e-01 1.102719798083957314e-01 1.268039199073655865e-01 1.102719798083957314e-01 2.084160000000000179e-01
1.269760000000000055e-01 9.792800000000000116e-02 1.280959999999999877e-01 9.792800000000000116e-02 1.989839999999999942e-01 1.130880000000000218e-01 1.280959999999999877e-01 1.130880000000000218e-01 2.084160000000000179e-01
c: 
2.887000000000000011e+00
1.540999999999999925e+00
1.588000000000000078e+00
