CDF: 
1.600000000000000033e-01 5.899999999999999689e-01 6.999999999999999556e-01 1.000000000000000000e+00
5.200000000000000178e-01 6.199999999999999956e-01 6.400000000000000133e-01 1.000000000000000000e+00
1.799999999999999933e-01 3.200000000000000067e-01 6.300000000000000044e-01 1.000000000000000000e+00
sigma: 
1.499000000000000055e-01 4.988377678539233050e-03 1.081622557819119637e-03 4.988377678539233050e-03 2.166560000000000152e-01 4.963130521177055131e-03 1.081622557819119637e-03 4.963130521177055131e-03 1.527159999999999906e-01
1.499000000000000055e-01 1.134971168452422914e-02 8.418662720496711271e-03 1.134971168452422914e-02 2.166560000000000152e-01 1.763381661434118217e-02 8.418662720496711271e-03 1.763381661434118217e-02 1.527159999999999906e-01
1.499000000000000055e-01 2.138030206861597782e-02 2.141381395638670276e-02 2.138030206861597782e-02 2.166560000000000152e-01 2.077027786882811380e-02 2.141381395638670276e-02 2.077027786882811380e-02 1.527159999999999906e-01
1.499000000000000055e-01 2.652639027883213485e-02 2.420907165689872159e-02 2.652639027883213485e-02 2.166560000000000152e-01 2.744907575447888895e-02 2.420907165689872159e-02 2.744907575447888895e-02 1.527159999999999906e-01
1.499000000000000055e-01 3.894424194168290970e-02 3.597894061713014652e-02 3.894424194168290970e-02 2.166560000000000152e-01 3.708461560819655001e-02 3.597894061713014652e-02 3.708461560819655001e-02 1.527159999999999906e-01
1.499000000000000055e-01 5.000540358746130565e-02 3.688441150760154302e-02 5.000540358746130565e-02 2.166560000000000152e-01 4.663325620817620337e-02 3.688441150760154302e-02 4.663325620817620337e-02 1.527159999999999906e-01
1.499000000000000055e-01 5.480469987613759142e-02 4.643430923581717829e-02 5.480469987613759142e-02 2.166560000000000152e-01 5.713543189105897008e-02 4.643430923581717829e-02 5.713543189105897008e-02 1.527159999999999906e-01
1.499000000000000055e-01 6.124923763038814251e-02 5.206687237697569387e-02 6.124923763038814251e-02 2.166560000000000152e-01 7.027401829449277104e-02 5.206687237697569387e-02 7.027401829449277104e-02 1.527159999999999906e-01
1.499000000000000055e-01 7.514435455118564922e-02 6.027372355465507314e-02 7.514435455118564922e-02 2.166560000000000152e-01 7.298294552763200105e-02 6.027372355465507314e-02 7.298294552763200105e-02 1.527159999999999906e-01
1.499000000000000055e-01 8.354277649654236193e-02 6.717967301840288563e-02 8.354277649654236193e-02 2.166560000000000152e-01 8.908966061301930306e-02 6.717967301840288563e-02 8.908966061301930306e-02 1.527159999999999906e-01
1.499000000000000055e-01 8.842728447589497109e-02 7.761075290219297818e-02 8.842728447589497109e-02 2.166560000000000152e-01 9.698339373959098675e-02 7.761075290219297818e-02 9.698339373959098675e-02 1.527159999999999906e-01
1.499000000000000055e-01 1.017128737587456866e-01 8.291733490308714205e-02 1.017128737587456866e-01 2.166560000000000152e-01 1.011525209627368443e-01 8.291733490308714205e-02 1.011525209627368443e-01 1.527159999999999906e-01
1.499000000000000055e-01 1.119141584945816809e-01 9.270794064920447053e-02 1.119141584945816809e-01 2.166560000000000152e-01 1.126964658705764261e-01 9.270794064920447053e-02 1.126964658705764261e-01 1.527159999999999906e-01
1.499000000000000055e-01 1.191423190372734864e-01 9.780106017505048321e-02 1.191423190372734864e-01 2.166560000000000152e-01 1.209113365500302101e-01 9.780106017505048321e-02 1.209113365500302101e-01 1.527159999999999906e-01
1.499000000000000055e-01 1.220640697157463067e-01 1.075034752105679947e-01 1.220640697157463067e-01 2.166560000000000152e-01 1.285312157361881424e-01 1.075034752105679947e-01 1.285312157361881424e-01 1.527159999999999906e-01
1.499000000000000055e-01 1.330209581314135414e-01 1.119444184594924480e-01 1.330209581314135414e-01 2.166560000000000152e-01 1.371489795685317536e-01 1.119444184594924480e-01 1.371489795685317536e-01 1.527159999999999906e-01
1.499000000000000055e-01 1.425151256676419342e-01 1.162708632306127671e-01 1.425151256676419342e-01 2.166560000000000152e-01 1.514920391323552051e-01 1.162708632306127671e-01 1.514920391323552051e-01 1.527159999999999906e-01
1.499000000000000055e-01 1.485888475290899624e-01 1.280743882696303848e-01 1.485888475290899624e-01 2.166560000000000152e-01 1.545992059927781825e-01 1.280743882696303848e-01 1.545992059927781825e-01 1.527159999999999906e-01
1.499000000000000055e-01 1.632413662727949244e-01 1.330965771174943413e-01 1.632413662727949244e-01 2.166560000000000152e-01 1.633093294190225142e-01 1.330965771174943413e-01 1.633093294190225142e-01 1.527159999999999906e-01
1.499000000000000055e-01 1.655600000000000127e-01 1.371400000000000119e-01 1.655600000000000127e-01 2.166560000000000152e-01 1.710639999999999938e-01 1.371400000000000119e-01 1.710639999999999938e-01 1.527159999999999906e-01
c: 
2.168000000000000149e+00
2.895999999999999908e+00
2.527000000000000135e+00
