CDF: 
1.100000000000000006e-01 5.300000000000000266e-01 7.700000000000000178e-01 1.000000000000000000e+00
2.399999999999999911e-01 6.700000000000000400e-01 7.399999999999999911e-01 1.000000000000000000e+00
4.500000000000000111e-01 6.500000000000000222e-01 8.399999999999999689e-01 1.000000000000000000e+00
sigma: 
1.171000000000000096e-01 6.025556824090302563e-03 4.805420121965173555e-03 6.025556824090302563e-03 1.485239999999999894e-01 4.426430679227676135e-03 4.805420121965172688e-03 4.426430679227676135e-03 1.222239999999999993e-01
1.171000000000000096e-01 6.625530511889084206e-03 8.444072434421702120e-03 6.625530511889084206e-03 1.485239999999999894e-01 8.853932273605315609e-03 8.444072434421702120e-03 8.853932273605315609e-03 1.222239999999999993e-01
1.171000000000000096e-01 1.489826268205701569e-02 1.350312045253687643e-02 1.489826268205701569e-02 1.485239999999999894e-01 1.511924434857078031e-02 1.350312045253687469e-02 1.511924434857078031e-02 1.222239999999999993e-01
1.171000000000000096e-01 2.196271119699843427e-02 2.090029927727431180e-02 2.196271119699843427e-02 1.485239999999999894e-01 2.164702497620933988e-02 2.090029927727430833e-02 2.164702497620933988e-02 1.222239999999999993e-01
1.171000000000000096e-01 2.706849350405761412e-02 2.438632817674545386e-02 2.706849350405761412e-02 1.485239999999999894e-01 3.082271417497928559e-02 2.438632817674545039e-02 3.082271417497928559e-02 1.222239999999999993e-01
1.171000000000000096e-01 3.629131407612340432e-02 3.254347087122028831e-02 3.629131407612340432e-02 1.485239999999999894e-01 3.326240255159050585e-02 3.254347087122028137e-02 3.326240255159050585e-02 1.222239999999999993e-01
1.171000000000000096e-01 4.009737235521150522e-02 3.506751661799727832e-02 4.009737235521150522e-02 1.485239999999999894e-01 4.260278861056832067e-02 3.506751661799727138e-02 4.260278861056832067e-02 1.222239999999999993e-01
1.171000000000000096e-01 4.539965352124796655e-02 4.257909307241344865e-02 4.539965352124796655e-02 1.485239999999999894e-01 4.671876031607401225e-02 4.257909307241344171e-02 4.671876031607401225e-02 1.222239999999999993e-01
1.171000000000000096e-01 5.726210672227514259e-02 4.794138093455205252e-02 5.726210672227514259e-02 1.485239999999999894e-01 5.163161459003454135e-02 4.794138093455204558e-02 5.163161459003454135e-02 1.222239999999999993e-01
1.171000000000000096e-01 6.075639020492275277e-02 5.241219210872129913e-02 6.075639020492275277e-02 1.485239999999999894e-01 5.991401973454946878e-02 5.241219210872129219e-02 5.991401973454946878e-02 1.222239999999999993e-01
1.171000000000000096e-01 6.588104232566910357e-02 5.744281600646251873e-02 6.588104232566910357e-02 1.485239999999999894e-01 6.764488283216793518e-02 5.744281600646251179e-02 6.764488283216793518e-02 1.222239999999999993e-01
1.171000000000000096e-01 7.688251770067848490e-02 6.452779422756507732e-02 7.688251770067848490e-02 1.485239999999999894e-01 6.980297556776883516e-02 6.452779422756506345e-02 6.980297556776883516e-02 1.222239999999999993e-01
1.171000000000000096e-01 8.260502224210199140e-02 7.295884295895994909e-02 8.260502224210199140e-02 1.485239999999999894e-01 7.882970426592285362e-02 7.295884295895993521e-02 7.882970426592285362e-02 1.222239999999999993e-01
1.171000000000000096e-01 8.741018582707932305e-02 7.580067300316917223e-02 8.741018582707932305e-02 1.485239999999999894e-01 8.094394453364130160e-02 7.580067300316917223e-02 8.094394453364130160e-02 1.222239999999999993e-01
1.171000000000000096e-01 9.349485783645623826e-02 8.231078678938642812e-02 9.349485783645623826e-02 1.485239999999999894e-01 8.895080759380846747e-02 8.231078678938642812e-02 8.895080759380846747e-02 1.222239999999999993e-01
1.171000000000000096e-01 9.892826087641909405e-02 8.678875358009000007e-02 9.892826087641909405e-02 1.485239999999999894e-01 9.455973479245366464e-02 8.678875358009000007e-02 9.455973479245366464e-02 1.222239999999999993e-01
1.171000000000000096e-01 1.079070658615804007e-01 9.425402269528647403e-02 1.079070658615804007e-01 1.485239999999999894e-01 1.038345728628753128e-01 9.425402269528646015e-02 1.038345728628753128e-01 1.222239999999999993e-01
1.171000000000000096e-01 1.144061844890498503e-01 9.943038767486299390e-02 1.144061844890498503e-01 1.485239999999999894e-01 1.076327313016394310e-01 9.943038767486298002e-02 1.076327313016394310e-01 1.222239999999999993e-01
1.171000000000000096e-01 1.218292781683190940e-01 1.060283841503505131e-01 1.218292781683190940e-01 1.485239999999999894e-01 1.143061672599758327e-01 1.060283841503504992e-01 1.143061672599758327e-01 1.222239999999999993e-01
1.171000000000000096e-01 1.226600000000000051e-01 1.068400000000000183e-01 1.226600000000000051e-01 1.485239999999999894e-01 1.175760000000000000e-01 1.068400000000000044e-01 1.175760000000000000e-01 1.222239999999999993e-01
c: 
1.334000000000000075e+00
1.397999999999999909e+00
2.928999999999999826e+00
