CDF: 
3.499999999999999778e-01 5.500000000000000444e-01 8.599999999999999867e-01 1.000000000000000000e+00
2.899999999999999800e-01 3.099999999999999978e-01 6.400000000000000133e-01 1.000000000000000000e+00
2.800000000000000266e-01 6.099999999999999867e-01 6.199999999999999956e-01 1.000000000000000000e+00
sigma: 
1.051839999999999858e-01 1.474269544831083734e-03 1.783997613581982371e-03 1.474269544831083734e-03 1.675840000000000107e-01 4.090859277574214123e-03 1.783997613581982588e-03 4.090859277574214123e-03 1.923000000000000265e-01
1.051839999999999858e-01 1.112981466840866351e-02 8.560650935653181179e-03 1.112981466840866351e-02 1.675840000000000107e-01 1.258292447012308163e-02 8.560650935653182914e-03 1.258292447012308163e-02 1.923000000000000265e-01
1.051839999999999858e-01 1.276741327475961613e-02 1.279844259929439551e-02 1.276741327475961613e-02 1.675840000000000107e-01 2.600134804349339343e-02 1.279844259929439725e-02 2.600134804349339343e-02 1.923000000000000265e-01
1.051839999999999858e-01 1.973247599383437870e-02 2.131377587755082723e-02 1.973247599383437870e-02 1.675840000000000107e-01 3.546962804981036027e-02 2.131377587755082723e-02 3.546962804981036027e-02 1.923000000000000265e-01
1.051839999999999858e-01 2.286877013153404761e-02 2.665758816189057329e-02 2.286877013153404761e-02 1.675840000000000107e-01 4.183926107984383552e-02 2.665758816189057676e-02 4.183926107984383552e-02 1.923000000000000265e-01
1.051839999999999858e-01 3.098371753785681554e-02 3.036430334624417096e-02 3.098371753785681554e-02 1.675840000000000107e-01 5.256323818333906439e-02 3.036430334624417443e-02 5.256323818333906439e-02 1.923000000000000265e-01
1.051839999999999858e-01 3.831073522250877383e-02 3.624162093520749001e-02 3.831073522250877383e-02 1.675840000000000107e-01 5.742554908484141796e-02 3.624162093520749001e-02 5.742554908484141796e-02 1.923000000000000265e-01
1.051839999999999858e-01 4.093272501012992087e-02 4.780641906941857089e-02 4.093272501012992087e-02 1.675840000000000107e-01 7.106250362583797775e-02 4.780641906941857089e-02 7.106250362583797775e-02 1.923000000000000265e-01
1.051839999999999858e-01 4.596660926091052091e-02 5.091942565911401070e-02 4.596660926091052091e-02 1.675840000000000107e-01 7.942357557224848097e-02 5.091942565911401763e-02 7.942357557224848097e-02 1.923000000000000265e-01
1.051839999999999858e-01 5.327757647342890729e-02 5.459756201221032529e-02 5.327757647342890729e-02 1.675840000000000107e-01 8.111933809236415716e-02 5.459756201221033223e-02 8.111933809236415716e-02 1.923000000000000265e-01
1.051839999999999858e-01 5.995141908588398627e-02 6.143110099342415087e-02 5.995141908588398627e-02 1.675840000000000107e-01 9.077848373740227128e-02 6.143110099342415781e-02 9.077848373740227128e-02 1.923000000000000265e-01
1.051839999999999858e-01 6.711777388402370703e-02 6.777674541075411063e-02 6.711777388402370703e-02 1.675840000000000107e-01 1.048438833454224256e-01 6.777674541075411063e-02 1.048438833454224256e-01 1.923000000000000265e-01
1.051839999999999858e-01 7.105692575968665381e-02 7.306087060179276838e-02 7.105692575968665381e-02 1.675840000000000107e-01 1.135167674858772735e-01 7.306087060179278225e-02 1.135167674858772735e-01 1.923000000000000265e-01
1.051839999999999858e-01 7.642152446029679136e-02 8.227537168877067930e-02 7.642152446029679136e-02 1.675840000000000107e-01 1.240022510872422074e-01 8.227537168877069318e-02 1.240022510872422074e-01 1.923000000000000265e-01
1.051839999999999858e-01 8.023433754517185490e-02 8.398629050435892085e-02 8.023433754517185490e-02 1.675840000000000107e-01 1.281828677627767643e-01 8.398629050435893473e-02 1.281828677627767643e-01 1.923000000000000265e-01
1.051839999999999858e-01 8.848210420135745047e-02 9.433864286548426792e-02 8.848210420135745047e-02 1.675840000000000107e-01 1.432939941962391717e-01 9.433864286548428180e-02 1.432939941962391717e-01 1.923000000000000265e-01
1.051839999999999858e-01 9.481162955227746825e-02 1.000074755820854200e-01 9.481162955227746825e-02 1.675840000000000107e-01 1.470934356723253567e-01 1.000074755820854339e-01 1.470934356723253567e-01 1.923000000000000265e-01
1.051839999999999858e-01 9.947226453636122401e-02 1.037816011713229847e-01 9.947226453636122401e-02 1.675840000000000107e-01 1.586649035568537258e-01 1.037816011713229986e-01 1.586649035568537258e-01 1.923000000000000265e-01
1.051839999999999858e-01 1.047431011867701045e-01 1.124840925122858742e-01 1.047431011867701045e-01 1.675840000000000107e-01 1.630920363984971477e-01 1.124840925122858881e-01 1.630920363984971477e-01 1.923000000000000265e-01
1.051839999999999858e-01 1.076160000000000172e-01 1.136000000000000204e-01 1.076160000000000172e-01 1.675840000000000107e-01 1.712000000000000188e-01 1.136000000000000343e-01 1.712000000000000188e-01 1.923000000000000265e-01
c: 
1.423000000000000043e+00
1.685999999999999943e+00
1.254999999999999893e+00
