CDF: 
5.799999999999999600e-01 8.000000000000000444e-01 8.299999999999999600e-01 1.000000000000000000e+00
3.699999999999999956e-01 4.799999999999999822e-01 5.899999999999999689e-01 1.000000000000000000e+00
1.700000000000000122e-01 5.000000000000000000e-01 7.299999999999999822e-01 1.000000000000000000e+00
sigma: 
1.344990000000000074e-01 1.121927341450004549e-03 3.373274417928656850e-03 1.121927341450004549e-03 2.148840000000000472e-01 3.858383663362891479e-03 3.373274417928656850e-03 3.858383663362891479e-03 1.556160000000000043e-01
1.344990000000000074e-01 8.030351947037429189e-03 8.141148102117589519e-03 8.030351947037429189e-03 2.148840000000000472e-01 8.453058239647216407e-03 8.141148102117589519e-03 8.453058239647216407e-03 1.556160000000000043e-01
1.344990000000000074e-01 1.481278192602645399e-02 1.772514195951392993e-02 1.481278192602645399e-02 2.148840000000000472e-01 1.794208483175889837e-02 1.772514195951392993e-02 1.794208483175889837e-02 1.556160000000000043e-01
1.344990000000000074e-01 2.177892096652135623e-02 2.159966192625556447e-02 2.177892096652135623e-02 2.148840000000000472e-01 2.728282598600953457e-02 2.159966192625556447e-02 2.728282598600953457e-02 1.556160000000000043e-01
1.344990000000000074e-01 2.536123160292774389e-02 2.573810329336847710e-02 2.536123160292774389e-02 2.148840000000000472e-01 3.279542370488702091e-02 2.573810329336847710e-02 3.279542370488702091e-02 1.556160000000000043e-01
1.344990000000000074e-01 3.432610187082235642e-02 3.092667625637100098e-02 3.432610187082235642e-02 2.148840000000000472e-01 4.723506404630397476e-02 3.092667625637100098e-02 4.723506404630397476e-02 1.556160000000000043e-01
1.344990000000000074e-01 4.009945630039885717e-02 3.913236532455355993e-02 4.009945630039885717e-02 2.148840000000000472e-01 5.140446027536571538e-02 3.913236532455355993e-02 5.140446027536571538e-02 1.556160000000000043e-01
1.344990000000000074e-01 4.545106541692401497e-02 4.669754586569579979e-02 4.545106541692401497e-02 2.148840000000000472e-01 5.843087979510286356e-02 4.669754586569579979e-02 5.843087979510286356e-02 1.556160000000000043e-01
1.344990000000000074e-01 5.141886192032123215e-02 5.312856058494085099e-02 5.141886192032123215e-02 2.148840000000000472e-01 7.034837563380079428e-02 5.312856058494085099e-02 7.034837563380079428e-02 1.556160000000000043e-01
1.344990000000000074e-01 5.713732235897231448e-02 6.037977082981766525e-02 5.713732235897231448e-02 2.148840000000000472e-01 7.809780899526330700e-02 6.037977082981766525e-02 7.809780899526330700e-02 1.556160000000000043e-01
1.344990000000000074e-01 5.834468845444492485e-02 6.561628012339985883e-02 5.834468845444492485e-02 2.148840000000000472e-01 8.231828499547121092e-02 6.561628012339985883e-02 8.231828499547121092e-02 1.556160000000000043e-01
1.344990000000000074e-01 6.729622871631084358e-02 7.060075826433874491e-02 6.729622871631084358e-02 2.148840000000000472e-01 8.990958253664933786e-02 7.060075826433874491e-02 8.990958253664933786e-02 1.556160000000000043e-01
1.344990000000000074e-01 7.206109454550248261e-02 7.697341474802525674e-02 7.206109454550248261e-02 2.148840000000000472e-01 1.029931341333466532e-01 7.697341474802525674e-02 1.029931341333466532e-01 1.556160000000000043e-01
1.344990000000000074e-01 7.957730768671399113e-02 8.264269375819359442e-02 7.957730768671399113e-02 2.148840000000000472e-01 1.113573980941672814e-01 8.264269375819359442e-02 1.113573980941672814e-01 1.556160000000000043e-01
1.344990000000000074e-01 8.145776300434307005e-02 8.532039873533245333e-02 8.145776300434307005e-02 2.148840000000000472e-01 1.176730359509318424e-01 8.532039873533245333e-02 1.176730359509318424e-01 1.556160000000000043e-01
1.344990000000000074e-01 9.011754143205048806e-02 9.136744755713119281e-02 9.011754143205048806e-02 2.148840000000000472e-01 1.231905351737092313e-01 9.136744755713119281e-02 1.231905351737092313e-01 1.556160000000000043e-01
1.344990000000000074e-01 9.446633807296976604e-02 9.752917987403598998e-02 9.446633807296976604e-02 2.148840000000000472e-01 1.336787288624378955e-01 9.752917987403598998e-02 1.336787288624378955e-01 1.556160000000000043e-01
1.344990000000000074e-01 9.897196553571491195e-02 1.047546682895794529e-01 9.897196553571491195e-02 2.148840000000000472e-01 1.373684441679378088e-01 1.047546682895794529e-01 1.373684441679378088e-01 1.556160000000000043e-01
1.344990000000000074e-01 1.082586765382065747e-01 1.132845839814975858e-01 1.082586765382065747e-01 2.148840000000000472e-01 1.466957003437163731e-01 1.132845839814975858e-01 1.466957003437163731e-01 1.556160000000000043e-01
1.344990000000000074e-01 1.090460000000000040e-01 1.157279999999999975e-01 1.090460000000000040e-01 2.148840000000000472e-01 1.529120000000000201e-01 1.157279999999999975e-01 1.529120000000000201e-01 1.556160000000000043e-01
c: 
2.208000000000000185e+00
2.294999999999999929e+00
2.616999999999999993e+00
