CDF: 
3.300000000000000155e-01 5.500000000000000444e-01 6.700000000000000400e-01 1.000000000000000000e+00
1.499999999999999944e-01 1.600000000000000033e-01 8.299999999999999600e-01 1.000000000000000000e+00
1.199999999999999956e-01 2.800000000000000266e-01 8.100000000000000533e-01 1.000000000000000000e+00
sigma: 
1.799160000000000204e-01 1.916008580344807553e-04 3.166696110910933309e-03 1.916008580344807553e-04 8.400000000000000522e-02 1.830114479186639677e-03 3.166696110910932876e-03 1.830114479186639677e-03 9.284400000000000985e-02
1.799160000000000204e-01 4.618196514044019783e-03 7.217239278699717243e-03 4.618196514044019783e-03 8.400000000000000522e-02 4.498145486940949636e-03 7.217239278699716376e-03 4.498145486940949636e-03 9.284400000000000985e-02
1.799160000000000204e-01 1.188753143717282551e-02 1.214019129005634683e-02 1.188753143717282551e-02 8.400000000000000522e-02 1.279636041650630308e-02 1.214019129005634683e-02 1.279636041650630308e-02 9.284400000000000985e-02
1.799160000000000204e-01 1.742583367885511964e-02 1.750831484889724468e-02 1.742583367885511964e-02 8.400000000000000522e-02 1.514632859648766018e-02 1.750831484889724121e-02 1.514632859648766018e-02 9.284400000000000985e-02
1.799160000000000204e-01 2.233883721345769624e-02 2.496323886820666152e-02 2.233883721345769624e-02 8.400000000000000522e-02 1.825989443550929056e-02 2.496323886820665805e-02 1.825989443550929056e-02 9.284400000000000985e-02
1.799160000000000204e-01 2.343139761367138765e-02 2.794553072909781305e-02 2.343139761367138765e-02 8.400000000000000522e-02 2.465978988544206829e-02 2.794553072909780611e-02 2.465978988544206829e-02 9.284400000000000985e-02
1.799160000000000204e-01 2.735524606410506127e-02 3.656770604612277070e-02 2.735524606410506127e-02 8.400000000000000522e-02 2.846304737030762311e-02 3.656770604612277070e-02 2.846304737030762311e-02 9.284400000000000985e-02
1.799160000000000204e-01 3.541844521604051166e-02 4.020045458463627347e-02 3.541844521604051166e-02 8.400000000000000522e-02 3.026631789309263548e-02 4.020045458463626653e-02 3.026631789309263548e-02 9.284400000000000985e-02
1.799160000000000204e-01 3.814669972608331072e-02 4.294840948900512101e-02 3.814669972608331072e-02 8.400000000000000522e-02 3.601997369033383550e-02 4.294840948900511407e-02 3.601997369033383550e-02 9.284400000000000985e-02
1.799160000000000204e-01 4.065719577671733642e-02 5.155262809213936176e-02 4.065719577671733642e-02 8.400000000000000522e-02 4.119234687005958462e-02 5.155262809213935482e-02 4.119234687005958462e-02 9.284400000000000985e-02
1.799160000000000204e-01 4.918699127827646372e-02 5.456823895995802781e-02 4.918699127827646372e-02 8.400000000000000522e-02 4.552506261684323430e-02 5.456823895995802087e-02 4.552506261684323430e-02 9.284400000000000985e-02
1.799160000000000204e-01 5.271322286303501553e-02 6.121211185051819714e-02 5.271322286303501553e-02 8.400000000000000522e-02 5.144790659180004805e-02 6.121211185051818326e-02 5.144790659180004805e-02 9.284400000000000985e-02
1.799160000000000204e-01 5.724854998776430365e-02 6.397362358531970272e-02 5.724854998776430365e-02 8.400000000000000522e-02 5.284103732268540660e-02 6.397362358531970272e-02 5.284103732268540660e-02 9.284400000000000985e-02
1.799160000000000204e-01 6.244550889886006650e-02 6.911159952614297219e-02 6.244550889886006650e-02 8.400000000000000522e-02 5.748264935531302577e-02 6.911159952614295832e-02 5.748264935531302577e-02 9.284400000000000985e-02
1.799160000000000204e-01 6.280907541183136655e-02 7.545148053418797296e-02 6.280907541183136655e-02 8.400000000000000522e-02 6.148785520675028454e-02 7.545148053418795908e-02 6.148785520675028454e-02 9.284400000000000985e-02
1.799160000000000204e-01 7.066796361826986617e-02 8.302828295337366660e-02 7.066796361826986617e-02 8.400000000000000522e-02 6.859830687673124094e-02 8.302828295337365272e-02 6.859830687673124094e-02 9.284400000000000985e-02
1.799160000000000204e-01 7.321732185239483715e-02 8.586609103615974736e-02 7.321732185239483715e-02 8.400000000000000522e-02 7.246379336563965601e-02 8.586609103615974736e-02 7.246379336563965601e-02 9.284400000000000985e-02
1.799160000000000204e-01 7.795843857154982626e-02 9.385470952972675696e-02 7.795843857154982626e-02 8.400000000000000522e-02 7.548733213473092507e-02 9.385470952972674308e-02 7.548733213473092507e-02 9.284400000000000985e-02
1.799160000000000204e-01 8.372728381914845697e-02 9.615897535566629573e-02 8.372728381914845697e-02 8.400000000000000522e-02 7.871707093373196684e-02 9.615897535566628185e-02 7.871707093373196684e-02 9.284400000000000985e-02
1.799160000000000204e-01 8.512000000000000122e-02 9.965200000000001834e-02 8.512000000000000122e-02 8.400000000000000522e-02 8.183999999999999608e-02 9.965200000000000446e-02 8.183999999999999608e-02 9.284400000000000985e-02
c: 
2.188000000000000167e+00
2.169000000000000039e+00
2.991999999999999993e+00
