CDF: 
1.900000000000000022e-01 3.499999999999999778e-01 6.500000000000000222e-01 1.000000000000000000e+00
5.600000000000000533e-01 6.700000000000000400e-01 7.500000000000000000e-01 1.000000000000000000e+00
3.699999999999999956e-01 4.500000000000000111e-01 5.400000000000000355e-01 1.000000000000000000e+00
sigma: 
1.706639999999999824e-01 5.843727702108393075e-03 4.630359151303832868e-03 5.843727702108393075e-03 1.770749999999999824e-01 4.483857379725938140e-03 4.630359151303832868e-03 4.483857379725938140e-03 2.238749999999999907e-01
1.706639999999999824e-01 1.304221882637050453e-02 9.410231077527687199e-03 1.304221882637050453e-02 1.770749999999999824e-01 8.956979027997717321e-03 9.410231077527687199e-03 8.956979027997717321e-03 2.238749999999999907e-01
1.706639999999999824e-01 1.737142787137119573e-02 2.264240026684155582e-02 1.737142787137119573e-02 1.770749999999999824e-01 1.553489459105403953e-02 2.264240026684155582e-02 1.553489459105403953e-02 2.238749999999999907e-01
1.706639999999999824e-01 2.547169018829397932e-02 3.231464693140891076e-02 2.547169018829397932e-02 1.770749999999999824e-01 2.441078642829659293e-02 3.231464693140891076e-02 2.441078642829659293e-02 2.238749999999999907e-01
1.706639999999999824e-01 3.402788557441974171e-02 3.559314592164927044e-02 3.402788557441974171e-02 1.770749999999999824e-01 3.627267907781096812e-02 3.559314592164927044e-02 3.627267907781096812e-02 2.238749999999999907e-01
1.706639999999999824e-01 4.153534438086825542e-02 4.970646776614514456e-02 4.153534438086825542e-02 1.770749999999999824e-01 4.108690709968724347e-02 4.970646776614514456e-02 4.108690709968724347e-02 2.238749999999999907e-01
1.706639999999999824e-01 4.872349081682544186e-02 5.861849896117798941e-02 4.872349081682544186e-02 1.770749999999999824e-01 5.179834294085112339e-02 5.861849896117798941e-02 5.179834294085112339e-02 2.238749999999999907e-01
1.706639999999999824e-01 5.480888528360949169e-02 6.476738989880770347e-02 5.480888528360949169e-02 1.770749999999999824e-01 5.791594262482009647e-02 6.476738989880770347e-02 5.791594262482009647e-02 2.238749999999999907e-01
1.706639999999999824e-01 6.874125099423611385e-02 7.405264346299383904e-02 6.874125099423611385e-02 1.770749999999999824e-01 6.553337625765676133e-02 7.405264346299383904e-02 6.553337625765676133e-02 2.238749999999999907e-01
1.706639999999999824e-01 7.144576097037827478e-02 8.358962085246163243e-02 7.144576097037827478e-02 1.770749999999999824e-01 7.400671675574445330e-02 8.358962085246163243e-02 7.400671675574445330e-02 2.238749999999999907e-01
1.706639999999999824e-01 8.333870339116063175e-02 8.925063889221947211e-02 8.333870339116063175e-02 1.770749999999999824e-01 7.890944231152494104e-02 8.925063889221947211e-02 7.890944231152494104e-02 2.238749999999999907e-01
1.706639999999999824e-01 8.836334498341270882e-02 9.777615084179219762e-02 8.836334498341270882e-02 1.770749999999999824e-01 9.056995465923653454e-02 9.777615084179219762e-02 9.056995465923653454e-02 2.238749999999999907e-01
1.706639999999999824e-01 9.919283958582236771e-02 1.131299506742557831e-01 9.919283958582236771e-02 1.770749999999999824e-01 9.173253127379067673e-02 1.131299506742557831e-01 9.173253127379067673e-02 2.238749999999999907e-01
1.706639999999999824e-01 1.065743608878513271e-01 1.223128681446364330e-01 1.065743608878513271e-01 1.770749999999999824e-01 1.058929592552445426e-01 1.223128681446364330e-01 1.058929592552445426e-01 2.238749999999999907e-01
1.706639999999999824e-01 1.119806285106792892e-01 1.319289790707989241e-01 1.119806285106792892e-01 1.770749999999999824e-01 1.079566113927906690e-01 1.319289790707989241e-01 1.079566113927906690e-01 2.238749999999999907e-01
1.706639999999999824e-01 1.182123942122953186e-01 1.330609482104116170e-01 1.182123942122953186e-01 1.770749999999999824e-01 1.168516881800546053e-01 1.330609482104116170e-01 1.168516881800546053e-01 2.238749999999999907e-01
1.706639999999999824e-01 1.275140165050612506e-01 1.468925312422687812e-01 1.275140165050612506e-01 1.770749999999999824e-01 1.213103489586327133e-01 1.468925312422687812e-01 1.213103489586327133e-01 2.238749999999999907e-01
1.706639999999999824e-01 1.364510141023227430e-01 1.538517653459820778e-01 1.364510141023227430e-01 1.770749999999999824e-01 1.352714090002456460e-01 1.538517653459820778e-01 1.352714090002456460e-01 2.238749999999999907e-01
1.706639999999999824e-01 1.427536131481701442e-01 1.668348934154174901e-01 1.427536131481701442e-01 1.770749999999999824e-01 1.421816477876692575e-01 1.668348934154174901e-01 1.421816477876692575e-01 2.238749999999999907e-01
1.706639999999999824e-01 1.487399999999999833e-01 1.677799999999999847e-01 1.487399999999999833e-01 1.770749999999999824e-01 1.439249999999999974e-01 1.677799999999999847e-01 1.439249999999999974e-01 2.238749999999999907e-01
c: 
1.332999999999999963e+00
2.442000000000000171e+00
1.044999999999999929e+00
