CDF: 
1.799999999999999933e-01 6.800000000000000488e-01 8.599999999999999867e-01 1.000000000000000000e+00
2.099999999999999922e-01 2.899999999999999800e-01 7.399999999999999911e-01 1.000000000000000000e+00
3.400000000000000244e-01 5.200000000000000178e-01 5.400000000000000355e-01 1.000000000000000000e+00
sigma: 
9.145600000000000951e-02 3.638316361378042454e-03 3.772561075978621736e-04 3.638316361378042454e-03 1.272639999999999882e-01 1.535321413737574230e-03 3.772561075978621736e-04 1.535321413737574230e-03 2.163839999999999930e-01
9.145600000000000951e-02 7.941249433253151288e-03 8.101009436363298954e-03 7.941249433253151288e-03 1.272639999999999882e-01 1.069465063129655148e-02 8.101009436363298954e-03 1.069465063129655148e-02 2.163839999999999930e-01
9.145600000000000951e-02 9.550469546832899073e-03 1.329422180274959786e-02 9.550469546832899073e-03 1.272639999999999882e-01 1.400977086812554839e-02 1.329422180274959786e-02 1.400977086812554839e-02 2.163839999999999930e-01
9.145600000000000951e-02 1.779287523452453140e-02 1.849001979779462887e-02 1.779287523452453140e-02 1.272639999999999882e-01 2.273282681677329248e-02 1.849001979779462887e-02 2.273282681677329248e-02 2.163839999999999930e-01
9.145600000000000951e-02 2.154509676527577647e-02 1.992466941366769287e-02 2.154509676527577647e-02 1.272639999999999882e-01 2.999109114073580246e-02 1.992466941366769287e-02 2.999109114073580246e-02 2.163839999999999930e-01
9.145600000000000951e-02 2.810673567546837989e-02 2.885324216915631165e-02 2.810673567546837989e-02 1.272639999999999882e-01 3.869234013969045233e-02 2.885324216915631165e-02 3.869234013969045233e-02 2.163839999999999930e-01
9.145600000000000951e-02 3.182753026410764519e-02 3.103410746730622324e-02 3.182753026410764519e-02 1.272639999999999882e-01 4.570061909813846746e-02 3.103410746730622324e-02 4.570061909813846746e-02 2.163839999999999930e-01
9.145600000000000951e-02 3.522102220966724651e-02 3.527974722375176037e-02 3.522102220966724651e-02 1.272639999999999882e-01 5.108194811740038310e-02 3.527974722375176037e-02 5.108194811740038310e-02 2.163839999999999930e-01
9.145600000000000951e-02 3.936581994554703284e-02 4.072382619823075589e-02 3.936581994554703284e-02 1.272639999999999882e-01 6.051124323873513511e-02 4.072382619823075589e-02 6.051124323873513511e-02 2.163839999999999930e-01
9.145600000000000951e-02 4.612649845670475923e-02 4.515890476510923957e-02 4.612649845670475923e-02 1.272639999999999882e-01 6.175449827319360457e-02 4.515890476510923957e-02 6.175449827319360457e-02 2.163839999999999930e-01
9.145600000000000951e-02 5.025118880500999835e-02 5.037649899996718417e-02 5.025118880500999835e-02 1.272639999999999882e-01 6.883232229466539065e-02 5.037649899996718417e-02 6.883232229466539065e-02 2.163839999999999930e-01
9.145600000000000951e-02 5.327236440246384958e-02 5.354253451911480249e-02 5.327236440246384958e-02 1.272639999999999882e-01 7.538496697802410385e-02 5.354253451911480249e-02 7.538496697802410385e-02 2.163839999999999930e-01
9.145600000000000951e-02 6.023493440789611658e-02 6.147886881703552159e-02 6.023493440789611658e-02 1.272639999999999882e-01 8.522510612134946706e-02 6.147886881703552159e-02 8.522510612134946706e-02 2.163839999999999930e-01
9.145600000000000951e-02 6.217517810380257526e-02 6.642385250889196180e-02 6.217517810380257526e-02 1.272639999999999882e-01 9.351022513798813718e-02 6.642385250889196180e-02 9.351022513798813718e-02 2.163839999999999930e-01
9.145600000000000951e-02 6.810369261444609856e-02 7.128789170601508574e-02 6.810369261444609856e-02 1.272639999999999882e-01 9.539143085212919981e-02 7.128789170601508574e-02 9.539143085212919981e-02 2.163839999999999930e-01
9.145600000000000951e-02 7.343538777766474290e-02 7.228335626118771728e-02 7.343538777766474290e-02 1.272639999999999882e-01 1.075551948109819689e-01 7.228335626118771728e-02 1.075551948109819689e-01 2.163839999999999930e-01
9.145600000000000951e-02 7.824137387780054353e-02 8.042909437903263126e-02 7.824137387780054353e-02 1.272639999999999882e-01 1.124063610433428534e-01 8.042909437903263126e-02 1.124063610433428534e-01 2.163839999999999930e-01
9.145600000000000951e-02 8.106965030299828623e-02 8.387422507993065601e-02 8.106965030299828623e-02 1.272639999999999882e-01 1.184696036477068393e-01 8.387422507993065601e-02 1.184696036477068393e-01 2.163839999999999930e-01
9.145600000000000951e-02 8.634507310359718080e-02 8.863387165239770826e-02 8.634507310359718080e-02 1.272639999999999882e-01 1.262894748189471450e-01 8.863387165239770826e-02 1.262894748189471450e-01 2.163839999999999930e-01
9.145600000000000951e-02 8.972800000000000220e-02 9.155199999999999450e-02 8.972800000000000220e-02 1.272639999999999882e-01 1.277760000000000007e-01 9.155199999999999450e-02 1.277760000000000007e-01 2.163839999999999930e-01
c: 
1.776999999999999913e+00
1.727000000000000091e+00
2.248000000000000220e+00
