CDF: 
1.100000000000000006e-01 2.399999999999999911e-01 4.000000000000000222e-01 1.000000000000000000e+00
4.799999999999999822e-01 7.900000000000000355e-01 8.399999999999999689e-01 1.000000000000000000e+00
1.400000000000000133e-01 3.300000000000000155e-01 3.699999999999999956e-01 1.000000000000000000e+00
sigma: 
1.547000000000000319e-01 2.218095702201529351e-03 3.766802476398869223e-03 2.218095702201529351e-03 1.218359999999999999e-01 3.078862479447894498e-03 3.766802476398869223e-03 3.078862479447894498e-03 1.761439999999999950e-01
1.547000000000000319e-01 5.143428445894995642e-03 1.369032997483591099e-02 5.143428445894995642e-03 1.218359999999999999e-01 4.749443284596565826e-03 1.369032997483591099e-02 4.749443284596565826e-03 1.761439999999999950e-01
1.547000000000000319e-01 1.183237416479360725e-02 1.787759184792760830e-02 1.183237416479360725e-02 1.218359999999999999e-01 9.103137799142225345e-03 1.787759184792760830e-02 9.103137799142225345e-03 1.761439999999999950e-01
1.547000000000000319e-01 1.571602119977921763e-02 2.653979137360294727e-02 1.571602119977921763e-02 1.218359999999999999e-01 1.311669229464059762e-02 2.653979137360294727e-02 1.311669229464059762e-02 1.761439999999999950e-01
1.547000000000000319e-01 1.807020926652449025e-02 4.080709754442534559e-02 1.807020926652449025e-02 1.218359999999999999e-01 1.979459653464714364e-02 4.080709754442534559e-02 1.979459653464714364e-02 1.761439999999999950e-01
1.547000000000000319e-01 2.220786729496352155e-02 4.438931352761133625e-02 2.220786729496352155e-02 1.218359999999999999e-01 2.376056685501169372e-02 4.438931352761133625e-02 2.376056685501169372e-02 1.761439999999999950e-01
1.547000000000000319e-01 2.717077699078621067e-02 5.718292020369911827e-02 2.717077699078621067e-02 1.218359999999999999e-01 2.433932332149564212e-02 5.718292020369911827e-02 2.433932332149564212e-02 1.761439999999999950e-01
1.547000000000000319e-01 3.008308814333236075e-02 6.524937912412695495e-02 3.008308814333236075e-02 1.218359999999999999e-01 2.842954838465246506e-02 6.524937912412695495e-02 2.842954838465246506e-02 1.761439999999999950e-01
1.547000000000000319e-01 3.455998000862581937e-02 7.211152975955743838e-02 3.455998000862581937e-02 1.218359999999999999e-01 3.453574555969746857e-02 7.211152975955743838e-02 3.453574555969746857e-02 1.761439999999999950e-01
1.547000000000000319e-01 3.660347572834815599e-02 7.816361138992217183e-02 3.660347572834815599e-02 1.218359999999999999e-01 3.911659441719401997e-02 7.816361138992217183e-02 3.911659441719401997e-02 1.761439999999999950e-01
1.547000000000000319e-01 4.314064732297853699e-02 8.783477986848448049e-02 4.314064732297853699e-02 1.218359999999999999e-01 4.240131251752071728e-02 8.783477986848448049e-02 4.240131251752071728e-02 1.761439999999999950e-01
1.547000000000000319e-01 4.345387725612169516e-02 9.918268455939666106e-02 4.345387725612169516e-02 1.218359999999999999e-01 4.733305110771824503e-02 9.918268455939666106e-02 4.733305110771824503e-02 1.761439999999999950e-01
1.547000000000000319e-01 4.930028533083188891e-02 1.055546440262815772e-01 4.930028533083188891e-02 1.218359999999999999e-01 4.972933516128627551e-02 1.055546440262815772e-01 4.972933516128627551e-02 1.761439999999999950e-01
1.547000000000000319e-01 5.509107009698276103e-02 1.158137613447666747e-01 5.509107009698276103e-02 1.218359999999999999e-01 5.592759926030039380e-02 1.158137613447666747e-01 5.592759926030039380e-02 1.761439999999999950e-01
1.547000000000000319e-01 5.554534949767388208e-02 1.162297522085850576e-01 5.554534949767388208e-02 1.218359999999999999e-01 5.918863837394463395e-02 1.162297522085850576e-01 5.918863837394463395e-02 1.761439999999999950e-01
1.547000000000000319e-01 6.241953862955997717e-02 1.274102466195801697e-01 6.241953862955997717e-02 1.218359999999999999e-01 6.334696956777427501e-02 1.274102466195801697e-01 6.334696956777427501e-02 1.761439999999999950e-01
1.547000000000000319e-01 6.687525094704575845e-02 1.409669259333175273e-01 6.687525094704575845e-02 1.218359999999999999e-01 6.709589170157435889e-02 1.409669259333175273e-01 6.709589170157435889e-02 1.761439999999999950e-01
1.547000000000000319e-01 6.793375237773108255e-02 1.469203464581333718e-01 6.793375237773108255e-02 1.218359999999999999e-01 6.980792945850178288e-02 1.469203464581333718e-01 6.980792945850178288e-02 1.761439999999999950e-01
1.547000000000000319e-01 7.227777015693480356e-02 1.572596266593604131e-01 7.227777015693480356e-02 1.218359999999999999e-01 7.591729306928719778e-02 1.572596266593604131e-01 7.591729306928719778e-02 1.761439999999999950e-01
1.547000000000000319e-01 7.502000000000000335e-02 1.576400000000000301e-01 7.502000000000000335e-02 1.218359999999999999e-01 7.647200000000001219e-02 1.576400000000000301e-01 7.647200000000001219e-02 1.761439999999999950e-01
c: 
1.766000000000000014e+00
2.326999999999999957e+00
1.044000000000000039e+00
