CDF: 
1.700000000000000122e-01 2.600000000000000089e-01 6.600000000000000311e-01 1.000000000000000000e+00
4.199999999999999845e-01 6.800000000000000488e-01 7.700000000000000178e-01 1.000000000000000000e+00
5.699999999999999512e-01 7.199999999999999734e-01 8.299999999999999600e-01 1.000000000000000000e+00
sigma: 
1.392760000000000109e-01 4.167916128388543529e-03 2.961066148168898637e-03 4.167916128388543529e-03 1.536759999999999793e-01 3.999232875764289347e-03 2.961066148168898637e-03 3.999232875764289347e-03 1.340640000000000165e-01
1.392760000000000109e-01 9.520571329340444047e-03 9.946686297362943019e-03 9.520571329340445782e-03 1.536759999999999793e-01 9.893605853759410151e-03 9.946686297362943019e-03 9.893605853759410151e-03 1.340640000000000165e-01
1.392760000000000109e-01 1.857460137708258352e-02 1.200794766009552830e-02 1.857460137708258352e-02 1.536759999999999793e-01 1.641827383374325558e-02 1.200794766009552830e-02 1.641827383374325558e-02 1.340640000000000165e-01
1.392760000000000109e-01 2.361148754313718498e-02 2.101125406878219526e-02 2.361148754313718845e-02 1.536759999999999793e-01 2.652018234950495601e-02 2.101125406878219526e-02 2.652018234950495601e-02 1.340640000000000165e-01
1.392760000000000109e-01 3.227339970093332649e-02 2.316437151214542634e-02 3.227339970093333343e-02 1.536759999999999793e-01 3.022609300784873457e-02 2.316437151214542634e-02 3.022609300784873457e-02 1.340640000000000165e-01
1.392760000000000109e-01 3.656096530542742029e-02 3.217636657630606328e-02 3.656096530542742029e-02 1.536759999999999793e-01 3.584217355367138452e-02 3.217636657630606328e-02 3.584217355367138452e-02 1.340640000000000165e-01
1.392760000000000109e-01 4.458901679162215886e-02 3.767219321154529482e-02 4.458901679162216580e-02 1.536759999999999793e-01 4.707040764289536355e-02 3.767219321154529482e-02 4.707040764289536355e-02 1.340640000000000165e-01
1.392760000000000109e-01 5.147731127853512334e-02 3.949162055660197096e-02 5.147731127853513028e-02 1.536759999999999793e-01 4.899868106434732834e-02 3.949162055660197096e-02 4.899868106434732834e-02 1.340640000000000165e-01
1.392760000000000109e-01 5.843322680959242565e-02 4.822271427513891151e-02 5.843322680959243259e-02 1.536759999999999793e-01 5.619439688910934927e-02 4.822271427513891151e-02 5.619439688910934927e-02 1.340640000000000165e-01
1.392760000000000109e-01 6.505321179467608850e-02 5.476089261248318074e-02 6.505321179467608850e-02 1.536759999999999793e-01 6.339258968579082609e-02 5.476089261248318074e-02 6.339258968579082609e-02 1.340640000000000165e-01
1.392760000000000109e-01 6.589756752697044362e-02 6.068582838030431997e-02 6.589756752697045750e-02 1.536759999999999793e-01 7.460455585135138123e-02 6.068582838030431997e-02 7.460455585135138123e-02 1.340640000000000165e-01
1.392760000000000109e-01 7.444104339834492490e-02 6.382168106353781900e-02 7.444104339834493878e-02 1.536759999999999793e-01 8.243394615407058368e-02 6.382168106353781900e-02 8.243394615407058368e-02 1.340640000000000165e-01
1.392760000000000109e-01 8.390962337981740238e-02 7.031408045470320667e-02 8.390962337981740238e-02 1.536759999999999793e-01 8.990678728271916942e-02 7.031408045470320667e-02 8.990678728271916942e-02 1.340640000000000165e-01
1.392760000000000109e-01 8.570169133348129464e-02 7.864884802560649646e-02 8.570169133348130852e-02 1.536759999999999793e-01 9.651032275467884280e-02 7.864884802560649646e-02 9.651032275467884280e-02 1.340640000000000165e-01
1.392760000000000109e-01 9.280606761923214376e-02 7.952159469044990658e-02 9.280606761923215764e-02 1.536759999999999793e-01 9.943759895324875975e-02 7.952159469044990658e-02 9.943759895324875975e-02 1.340640000000000165e-01
1.392760000000000109e-01 9.884757363501188443e-02 8.709488944511344088e-02 9.884757363501189831e-02 1.536759999999999793e-01 1.085771671071750072e-01 8.709488944511344088e-02 1.085771671071750072e-01 1.340640000000000165e-01
1.392760000000000109e-01 1.070879857526763623e-01 9.248788551887165976e-02 1.070879857526763762e-01 1.536759999999999793e-01 1.122419547789278299e-01 9.248788551887165976e-02 1.122419547789278299e-01 1.340640000000000165e-01
1.392760000000000109e-01 1.133317949562196864e-01 9.644252430719037206e-02 1.133317949562197002e-01 1.536759999999999793e-01 1.242456857908380841e-01 9.644252430719037206e-02 1.242456857908380841e-01 1.340640000000000165e-01
1.392760000000000109e-01 1.218453963308491206e-01 1.027225524197480921e-01 1.218453963308491345e-01 1.536759999999999793e-01 1.317942559538559377e-01 1.027225524197480921e-01 1.317942559538559377e-01 1.340640000000000165e-01
1.392760000000000109e-01 1.244760000000000033e-01 1.068080000000000140e-01 1.244760000000000172e-01 1.536759999999999793e-01 1.320080000000000142e-01 1.068080000000000140e-01 1.320080000000000142e-01 1.340640000000000165e-01
c: 
2.251999999999999780e+00
1.885999999999999899e+00
1.675000000000000044e+00
