CDF: 
4.000000000000000222e-01 4.699999999999999734e-01 7.700000000000000178e-01 1.000000000000000000e+00
2.000000000000000111e-01 5.799999999999999600e-01 9.100000000000000311e-01 1.000000000000000000e+00
3.599999999999999867e-01 3.699999999999999956e-01 6.700000000000000400e-01 1.000000000000000000e+00
sigma: 
1.507709999999999884e-01 2.801127948821042612e-03 1.819211128598842344e-03 2.801127948821042612e-03 7.197099999999999331e-02 1.018561887606430976e-04 1.819211128598842344e-03 1.018561887606430976e-04 1.798589999999999911e-01
1.507709999999999884e-01 7.055728429818558176e-03 9.545559699888066241e-03 7.055728429818558176e-03 7.197099999999999331e-02 6.079077534776056342e-03 9.545559699888066241e-03 6.079077534776056342e-03 1.798589999999999911e-01
1.507709999999999884e-01 9.510057812339442820e-03 1.762387078388216038e-02 9.510057812339442820e-03 7.197099999999999331e-02 1.186978417448446808e-02 1.762387078388216038e-02 1.186978417448446808e-02 1.798589999999999911e-01
1.507709999999999884e-01 1.350240798255149081e-02 2.360588049543011283e-02 1.350240798255149081e-02 7.197099999999999331e-02 1.364365474100959902e-02 2.360588049543011283e-02 1.364365474100959902e-02 1.798589999999999911e-01
1.507709999999999884e-01 1.928749929595217558e-02 3.235251789004130879e-02 1.928749929595217558e-02 7.197099999999999331e-02 2.090111338474556421e-02 3.235251789004130879e-02 2.090111338474556421e-02 1.798589999999999911e-01
1.507709999999999884e-01 2.110359191019148262e-02 4.155137187516887848e-02 2.110359191019148262e-02 7.197099999999999331e-02 2.425087183354212791e-02 4.155137187516887848e-02 2.425087183354212791e-02 1.798589999999999911e-01
1.507709999999999884e-01 2.757983926891405951e-02 4.665524156189847921e-02 2.757983926891405951e-02 7.197099999999999331e-02 2.751124098898334591e-02 4.665524156189847921e-02 2.751124098898334591e-02 1.798589999999999911e-01
1.507709999999999884e-01 2.995238836082278824e-02 5.842015628838129887e-02 2.995238836082278824e-02 7.197099999999999331e-02 3.399104112917492038e-02 5.842015628838129887e-02 3.399104112917492038e-02 1.798589999999999911e-01
1.507709999999999884e-01 3.535579451370476217e-02 6.030933815020692035e-02 3.535579451370476217e-02 7.197099999999999331e-02 3.641527997741885597e-02 6.030933815020692035e-02 3.641527997741885597e-02 1.798589999999999911e-01
1.507709999999999884e-01 3.966070826947178107e-02 7.213976446423238376e-02 3.966070826947178107e-02 7.197099999999999331e-02 4.007491547566674472e-02 7.213976446423238376e-02 4.007491547566674472e-02 1.798589999999999911e-01
1.507709999999999884e-01 4.278418626118805912e-02 7.876331502899580617e-02 4.278418626118805912e-02 7.197099999999999331e-02 4.432057115851310153e-02 7.876331502899580617e-02 4.432057115851310153e-02 1.798589999999999911e-01
1.507709999999999884e-01 4.934431281715601775e-02 8.832377599242983990e-02 4.934431281715601775e-02 7.197099999999999331e-02 4.928338217101562585e-02 8.832377599242983990e-02 4.928338217101562585e-02 1.798589999999999911e-01
1.507709999999999884e-01 5.069164119413487740e-02 9.015904021114067024e-02 5.069164119413487740e-02 7.197099999999999331e-02 5.368270662920017477e-02 9.015904021114067024e-02 5.368270662920017477e-02 1.798589999999999911e-01
1.507709999999999884e-01 5.711818505770142884e-02 1.029988899040896744e-01 5.711818505770142884e-02 7.197099999999999331e-02 5.639903328678099598e-02 1.029988899040896744e-01 5.639903328678099598e-02 1.798589999999999911e-01
1.507709999999999884e-01 6.145090480763387708e-02 1.123239941923445534e-01 6.145090480763387708e-02 7.197099999999999331e-02 6.025782561593168857e-02 1.123239941923445534e-01 6.025782561593168857e-02 1.798589999999999911e-01
1.507709999999999884e-01 6.584797748825288455e-02 1.137144410062924244e-01 6.584797748825288455e-02 7.197099999999999331e-02 6.651694101118031666e-02 1.137144410062924244e-01 6.651694101118031666e-02 1.798589999999999911e-01
1.507709999999999884e-01 6.770219590173014168e-02 1.234530649179077927e-01 6.770219590173014168e-02 7.197099999999999331e-02 7.019798538030444512e-02 1.234530649179077927e-01 7.019798538030444512e-02 1.798589999999999911e-01
1.507709999999999884e-01 7.063140127805868362e-02 1.348545963554610427e-01 7.063140127805868362e-02 7.197099999999999331e-02 7.390313375557337749e-02 1.348545963554610427e-01 7.390313375557337749e-02 1.798589999999999911e-01
1.507709999999999884e-01 7.676835858625011277e-02 1.408379533892833158e-01 7.676835858625011277e-02 7.197099999999999331e-02 7.974653113736122900e-02 1.408379533892833158e-01 7.974653113736122900e-02 1.798589999999999911e-01
1.507709999999999884e-01 7.887099999999999667e-02 1.424330000000000040e-01 7.887099999999999667e-02 7.197099999999999331e-02 8.093299999999999106e-02 1.424330000000000040e-01 8.093299999999999106e-02 1.798589999999999911e-01
c: 
1.604999999999999982e+00
1.328000000000000069e+00
1.556999999999999940e+00
