CDF: 
1.799999999999999933e-01 4.000000000000000222e-01 4.899999999999999911e-01 1.000000000000000000e+00
1.499999999999999944e-01 5.400000000000000355e-01 7.299999999999999822e-01 1.000000000000000000e+00
3.599999999999999867e-01 4.500000000000000111e-01 6.600000000000000311e-01 1.000000000000000000e+00
sigma: 
2.078189999999999760e-01 4.139101453169211206e-04 5.760389559972960670e-03 4.139101453169211206e-04 1.570440000000000169e-01 2.727830068321287528e-03 5.760389559972960670e-03 2.727830068321287528e-03 1.900560000000000027e-01
2.078189999999999760e-01 9.964627801548909050e-03 1.545294579795718215e-02 9.964627801548909050e-03 1.570440000000000169e-01 1.458520223752356876e-02 1.545294579795718215e-02 1.458520223752356876e-02 1.900560000000000027e-01
2.078189999999999760e-01 1.952866305036702818e-02 1.876903543956025613e-02 1.952866305036702818e-02 1.570440000000000169e-01 2.107114554407915272e-02 1.876903543956025613e-02 2.107114554407915272e-02 1.900560000000000027e-01
2.078189999999999760e-01 2.245236714643050746e-02 2.712198750032734224e-02 2.245236714643050746e-02 1.570440000000000169e-01 2.555543428075340504e-02 2.712198750032734224e-02 2.555543428075340504e-02 1.900560000000000027e-01
2.078189999999999760e-01 3.191184466630105077e-02 4.308496174405796603e-02 3.191184466630105077e-02 1.570440000000000169e-01 3.669176614188594809e-02 4.308496174405796603e-02 3.669176614188594809e-02 1.900560000000000027e-01
2.078189999999999760e-01 3.978748849186992953e-02 4.812037045880189490e-02 3.978748849186992953e-02 1.570440000000000169e-01 4.323565003072861457e-02 4.812037045880189490e-02 4.323565003072861457e-02 1.900560000000000027e-01
2.078189999999999760e-01 4.476766870721715641e-02 5.417412711762444044e-02 4.476766870721715641e-02 1.570440000000000169e-01 5.479711895860657489e-02 5.417412711762444044e-02 5.479711895860657489e-02 1.900560000000000027e-01
2.078189999999999760e-01 5.430670482307403679e-02 6.524928257253988229e-02 5.430670482307403679e-02 1.570440000000000169e-01 6.071407610144070183e-02 6.524928257253988229e-02 6.071407610144070183e-02 1.900560000000000027e-01
2.078189999999999760e-01 6.089192425833139105e-02 7.794356427472147464e-02 6.089192425833139105e-02 1.570440000000000169e-01 6.589256541439771075e-02 7.794356427472147464e-02 6.589256541439771075e-02 1.900560000000000027e-01
2.078189999999999760e-01 6.357656265127363537e-02 8.231031105868405473e-02 6.357656265127363537e-02 1.570440000000000169e-01 7.413304120669492181e-02 8.231031105868405473e-02 7.413304120669492181e-02 1.900560000000000027e-01
2.078189999999999760e-01 7.633093015167312367e-02 8.864926113481622072e-02 7.633093015167312367e-02 1.570440000000000169e-01 8.214764661826826075e-02 8.864926113481622072e-02 8.214764661826826075e-02 1.900560000000000027e-01
2.078189999999999760e-01 8.003691023696724027e-02 9.752690558164751888e-02 8.003691023696724027e-02 1.570440000000000169e-01 9.456231279865029427e-02 9.752690558164751888e-02 9.456231279865029427e-02 1.900560000000000027e-01
2.078189999999999760e-01 8.489318779953666794e-02 1.089534259129631977e-01 8.489318779953666794e-02 1.570440000000000169e-01 1.009283602245798356e-01 1.089534259129631977e-01 1.009283602245798356e-01 1.900560000000000027e-01
2.078189999999999760e-01 9.647823998694211867e-02 1.223592200513293066e-01 9.647823998694211867e-02 1.570440000000000169e-01 1.059876739618591801e-01 1.223592200513293066e-01 1.059876739618591801e-01 1.900560000000000027e-01
2.078189999999999760e-01 1.022845600908546676e-01 1.233965863156077369e-01 1.022845600908546676e-01 1.570440000000000169e-01 1.141925604801549560e-01 1.233965863156077369e-01 1.141925604801549560e-01 1.900560000000000027e-01
2.078189999999999760e-01 1.074662123731524310e-01 1.335839216914587457e-01 1.074662123731524310e-01 1.570440000000000169e-01 1.250213987706527974e-01 1.335839216914587457e-01 1.250213987706527974e-01 1.900560000000000027e-01
2.078189999999999760e-01 1.150249349826672624e-01 1.406626409388244126e-01 1.150249349826672624e-01 1.570440000000000169e-01 1.342852914957632371e-01 1.406626409388244126e-01 1.342852914957632371e-01 1.900560000000000027e-01
2.078189999999999760e-01 1.197997204141473537e-01 1.561517550835448687e-01 1.197997204141473537e-01 1.570440000000000169e-01 1.422169219520052486e-01 1.561517550835448687e-01 1.422169219520052486e-01 1.900560000000000027e-01
2.078189999999999760e-01 1.269864676906502787e-01 1.631766545762738663e-01 1.269864676906502787e-01 1.570440000000000169e-01 1.528248897104470816e-01 1.631766545762738663e-01 1.528248897104470816e-01 1.900560000000000027e-01
2.078189999999999760e-01 1.323060000000000069e-01 1.661920000000000064e-01 1.323060000000000069e-01 1.570440000000000169e-01 1.546080000000000232e-01 1.661920000000000064e-01 1.546080000000000232e-01 1.900560000000000027e-01
c: 
2.543000000000000149e+00
1.383999999999999897e+00
2.250000000000000000e+00
