CDF: 
1.000000000000000056e-01 2.200000000000000011e-01 7.299999999999999822e-01 1.000000000000000000e+00
5.000000000000000278e-02 4.400000000000000022e-01 6.600000000000000311e-01 1.000000000000000000e+00
2.099999999999999922e-01 6.400000000000000133e-01 6.999999999999999556e-01 1.000000000000000000e+00
sigma: 
1.083960000000000340e-01 1.484888838014743499e-03 2.484313825791202059e-03 1.484888838014743499e-03 1.347639999999999949e-01 6.855791210032611931e-03 2.484313825791202059e-03 6.855791210032611931e-03 1.587000000000000077e-01
1.083960000000000340e-01 9.060329795575519304e-03 7.925130029600989043e-03 9.060329795575519304e-03 1.347639999999999949e-01 9.585735029765306281e-03 7.925130029600989043e-03 9.585735029765306281e-03 1.587000000000000077e-01
1.083960000000000340e-01 1.593010737957886377e-02 1.489399846795231956e-02 1.593010737957886377e-02 1.347639999999999949e-01 1.761988368443492131e-02 1.489399846795231956e-02 1.761988368443492131e-02 1.587000000000000077e-01
1.083960000000000340e-01 2.061757229225716359e-02 2.459895955999676434e-02 2.061757229225716359e-02 1.347639999999999949e-01 2.446400124732458006e-02 2.459895955999676434e-02 2.446400124732458006e-02 1.587000000000000077e-01
1.083960000000000340e-01 2.295282724394352367e-02 2.888608444596848027e-02 2.295282724394352367e-02 1.347639999999999949e-01 3.373776310741016804e-02 2.888608444596848027e-02 3.373776310741016804e-02 1.587000000000000077e-01
1.083960000000000340e-01 3.188291776512810344e-02 3.209569766199542318e-02 3.188291776512810344e-02 1.347639999999999949e-01 3.810086460788679463e-02 3.209569766199542318e-02 3.810086460788679463e-02 1.587000000000000077e-01
1.083960000000000340e-01 3.624130889203684008e-02 3.961631730545479846e-02 3.624130889203684008e-02 1.347639999999999949e-01 4.909708197354548803e-02 3.961631730545479846e-02 4.909708197354548803e-02 1.587000000000000077e-01
1.083960000000000340e-01 3.941996506636435277e-02 4.548825551882678536e-02 3.941996506636435277e-02 1.347639999999999949e-01 5.129470901947788541e-02 4.548825551882678536e-02 5.129470901947788541e-02 1.587000000000000077e-01
1.083960000000000340e-01 4.414209919670041699e-02 5.383864909882725425e-02 4.414209919670041699e-02 1.347639999999999949e-01 5.811374728663688816e-02 5.383864909882725425e-02 5.811374728663688816e-02 1.587000000000000077e-01
1.083960000000000340e-01 4.940861050957080086e-02 6.273868314584502004e-02 4.940861050957080086e-02 1.347639999999999949e-01 7.186042430859808372e-02 6.273868314584502004e-02 7.186042430859808372e-02 1.587000000000000077e-01
1.083960000000000340e-01 5.883679316313355362e-02 6.438789010489923137e-02 5.883679316313355362e-02 1.347639999999999949e-01 7.391773751414425220e-02 6.438789010489923137e-02 7.391773751414425220e-02 1.587000000000000077e-01
1.083960000000000340e-01 6.332369042373550694e-02 7.158474099250800027e-02 6.332369042373550694e-02 1.347639999999999949e-01 8.604767276358366024e-02 7.158474099250800027e-02 8.604767276358366024e-02 1.587000000000000077e-01
1.083960000000000340e-01 6.697575215385530301e-02 7.682306180077723423e-02 6.697575215385530301e-02 1.347639999999999949e-01 8.734680603878057503e-02 7.682306180077723423e-02 8.734680603878057503e-02 1.587000000000000077e-01
1.083960000000000340e-01 7.629211300966518006e-02 8.566529030752077778e-02 7.629211300966518006e-02 1.347639999999999949e-01 9.990440685899369677e-02 8.566529030752077778e-02 9.990440685899369677e-02 1.587000000000000077e-01
1.083960000000000340e-01 7.679170924636972984e-02 9.034290399153667439e-02 7.679170924636972984e-02 1.347639999999999949e-01 1.040175448897643629e-01 9.034290399153667439e-02 1.040175448897643629e-01 1.587000000000000077e-01
1.083960000000000340e-01 8.391102855716404962e-02 1.009062181026579297e-01 8.391102855716404962e-02 1.347639999999999949e-01 1.113940340862532852e-01 1.009062181026579297e-01 1.113940340862532852e-01 1.587000000000000077e-01
1.083960000000000340e-01 8.890814323071216663e-02 1.033327967641747697e-01 8.890814323071216663e-02 1.347639999999999949e-01 1.201681661434728238e-01 1.033327967641747697e-01 1.201681661434728238e-01 1.587000000000000077e-01
1.083960000000000340e-01 9.291448882818836852e-02 1.117014348942002994e-01 9.291448882818836852e-02 1.347639999999999949e-01 1.260780377125317875e-01 1.117014348942002994e-01 1.260780377125317875e-01 1.587000000000000077e-01
1.083960000000000340e-01 1.023844115162027696e-01 1.168465348636884837e-01 1.023844115162027696e-01 1.347639999999999949e-01 1.351864246591537588e-01 1.168465348636884837e-01 1.351864246591537588e-01 1.587000000000000077e-01
1.083960000000000340e-01 1.036120000000000096e-01 1.214200000000000279e-01 1.036120000000000096e-01 1.347639999999999949e-01 1.369400000000000062e-01 1.214200000000000279e-01 1.369400000000000062e-01 1.587000000000000077e-01
c: 
2.750000000000000000e+00
1.635000000000000009e+00
1.852999999999999980e+00
