CDF: 
2.300000000000000100e-01 5.999999999999999778e-01 7.800000000000000266e-01 1.000000000000000000e+00
2.899999999999999800e-01 6.500000000000000222e-01 9.300000000000000488e-01 1.000000000000000000e+00
2.700000000000000178e-01 6.199999999999999956e-01 8.699999999999999956e-01 1.000000000000000000e+00
sigma: 
1.431790000000000007e-01 4.250012180291486553e-04 2.034527903335211271e-03 4.250012180291486553e-04 6.270000000000000573e-02 1.435312196789717554e-03 2.034527903335211271e-03 1.435312196789717554e-03 9.840000000000001523e-02
1.431790000000000007e-01 5.386877831480481674e-03 6.526751030240840121e-03 5.386877831480481674e-03 6.270000000000000573e-02 5.490072806946561142e-03 6.526751030240840121e-03 5.490072806946561142e-03 9.840000000000001523e-02
1.431790000000000007e-01 9.995996536944466368e-03 1.219823843446713775e-02 9.995996536944466368e-03 6.270000000000000573e-02 9.751357960524476357e-03 1.219823843446713775e-02 9.751357960524476357e-03 9.840000000000001523e-02
1.431790000000000007e-01 1.391435467063056007e-02 1.804890401879788095e-02 1.391435467063056007e-02 6.270000000000000573e-02 1.252913446975183198e-02 1.804890401879788095e-02 1.252913446975183198e-02 9.840000000000001523e-02
1.431790000000000007e-01 1.880110427584369415e-02 2.147447804509543950e-02 1.880110427584369415e-02 6.270000000000000573e-02 1.401212548346755793e-02 2.147447804509543950e-02 1.401212548346755793e-02 9.840000000000001523e-02
1.431790000000000007e-01 1.970759042943355868e-02 2.653527634878009855e-02 1.970759042943355868e-02 6.270000000000000573e-02 1.768872810709448337e-02 2.653527634878009855e-02 1.768872810709448337e-02 9.840000000000001523e-02
1.431790000000000007e-01 2.434608424818954231e-02 3.640092663709278836e-02 2.434608424818954231e-02 6.270000000000000573e-02 2.348873593153250408e-02 3.640092663709278836e-02 2.348873593153250408e-02 9.840000000000001523e-02
1.431790000000000007e-01 2.829546341142359298e-02 3.709085024330236596e-02 2.829546341142359298e-02 6.270000000000000573e-02 2.743120183050941005e-02 3.709085024330236596e-02 2.743120183050941005e-02 9.840000000000001523e-02
1.431790000000000007e-01 3.222251857078765880e-02 4.678113641105383080e-02 3.222251857078765880e-02 6.270000000000000573e-02 2.855602385570620363e-02 4.678113641105383080e-02 2.855602385570620363e-02 9.840000000000001523e-02
1.431790000000000007e-01 3.607135385645537234e-02 4.888573525755526838e-02 3.607135385645537234e-02 6.270000000000000573e-02 3.269712979193083874e-02 4.888573525755526838e-02 3.269712979193083874e-02 9.840000000000001523e-02
1.431790000000000007e-01 4.037551932941850497e-02 5.802767924501972541e-02 4.037551932941850497e-02 6.270000000000000573e-02 3.521709930414211598e-02 5.802767924501972541e-02 3.521709930414211598e-02 9.840000000000001523e-02
1.431790000000000007e-01 4.526745632577987288e-02 5.848425824514588006e-02 4.526745632577987288e-02 6.270000000000000573e-02 3.848223579469556982e-02 5.848425824514588006e-02 3.848223579469556982e-02 9.840000000000001523e-02
1.431790000000000007e-01 4.792155196056938765e-02 6.592970650157016499e-02 4.792155196056938765e-02 6.270000000000000573e-02 4.265976032105427834e-02 6.592970650157016499e-02 4.265976032105427834e-02 9.840000000000001523e-02
1.431790000000000007e-01 5.119655459250217755e-02 7.012585722373462782e-02 5.119655459250217755e-02 6.270000000000000573e-02 4.826691780168290008e-02 7.012585722373462782e-02 4.826691780168290008e-02 9.840000000000001523e-02
1.431790000000000007e-01 5.584587778084340592e-02 7.757826646126599057e-02 5.584587778084340592e-02 6.270000000000000573e-02 4.917635094587020916e-02 7.757826646126599057e-02 4.917635094587020916e-02 9.840000000000001523e-02
1.431790000000000007e-01 6.038411386286041127e-02 8.076660456584608405e-02 6.038411386286041127e-02 6.270000000000000573e-02 5.471001614774003569e-02 8.076660456584608405e-02 5.471001614774003569e-02 9.840000000000001523e-02
1.431790000000000007e-01 6.242469734926656827e-02 8.640659183291488077e-02 6.242469734926656827e-02 6.270000000000000573e-02 5.844840671907364227e-02 8.640659183291488077e-02 5.844840671907364227e-02 9.840000000000001523e-02
1.431790000000000007e-01 6.672949540165627746e-02 9.344981866399269810e-02 6.672949540165627746e-02 6.270000000000000573e-02 6.047295516409073590e-02 9.344981866399269810e-02 6.047295516409073590e-02 9.840000000000001523e-02
1.431790000000000007e-01 6.966528937929578058e-02 9.801616069411557552e-02 6.966528937929578058e-02 6.270000000000000573e-02 6.573189504321295951e-02 9.801616069411557552e-02 6.573189504321295951e-02 9.840000000000001523e-02
1.431790000000000007e-01 7.220999999999999641e-02 1.006600000000000134e-01 7.220999999999999641e-02 6.270000000000000573e-02 6.640000000000000069e-02 1.006600000000000134e-01 6.640000000000000069e-02 9.840000000000001523e-02
c: 
2.177999999999999936e+00
1.836000000000000076e+00
1.282999999999999918e+00
