CDF: 
4.699999999999999734e-01 6.400000000000000133e-01 7.900000000000000355e-01 1.000000000000000000e+00
1.799999999999999933e-01 5.799999999999999600e-01 8.599999999999999867e-01 1.000000000000000000e+00
3.099999999999999978e-01 3.200000000000000067e-01 6.800000000000000488e-01 1.000000000000000000e+00
sigma: 
1.512160000000000171e-01 2.619844765746243836e-03 5.732365449851704181e-03 2.619844765746243836e-03 9.950400000000002299e-02 3.175547423543247701e-03 5.732365449851704181e-03 3.175547423543247701e-03 1.684589999999999699e-01
1.512160000000000171e-01 5.789205851608680668e-03 1.152042560674968949e-02 5.789205851608680668e-03 9.950400000000002299e-02 8.547707264620301240e-03 1.152042560674968949e-02 8.547707264620301240e-03 1.684589999999999699e-01
1.512160000000000171e-01 1.515405640228359094e-02 2.012818815098359193e-02 1.515405640228359094e-02 9.950400000000002299e-02 1.501851961251875894e-02 2.012818815098359193e-02 1.501851961251875894e-02 1.684589999999999699e-01
1.512160000000000171e-01 2.167239905551186091e-02 2.176902362416918701e-02 2.167239905551186091e-02 9.950400000000002299e-02 1.934967332215038749e-02 2.176902362416918701e-02 1.934967332215038749e-02 1.684589999999999699e-01
1.512160000000000171e-01 2.393729182924210150e-02 3.094308173088258090e-02 2.393729182924210150e-02 9.950400000000002299e-02 2.155885200843011065e-02 3.094308173088258090e-02 2.155885200843011065e-02 1.684589999999999699e-01
1.512160000000000171e-01 2.946059703653451309e-02 3.867691809568944011e-02 2.946059703653451309e-02 9.950400000000002299e-02 2.794001911383513226e-02 3.867691809568944011e-02 2.794001911383513226e-02 1.684589999999999699e-01
1.512160000000000171e-01 3.842836341258617366e-02 4.907919203931594004e-02 3.842836341258617366e-02 9.950400000000002299e-02 3.271653576530274971e-02 4.907919203931594004e-02 3.271653576530274971e-02 1.684589999999999699e-01
1.512160000000000171e-01 4.131526645291574984e-02 4.996284934594356214e-02 4.131526645291574984e-02 9.950400000000002299e-02 3.935390384667231123e-02 4.996284934594356214e-02 3.935390384667231123e-02 1.684589999999999699e-01
1.512160000000000171e-01 4.749631948086922156e-02 5.770082188352324698e-02 4.749631948086922156e-02 9.950400000000002299e-02 4.452863189139192462e-02 5.770082188352324698e-02 4.452863189139192462e-02 1.684589999999999699e-01
1.512160000000000171e-01 5.416434663102531744e-02 6.607209187601963130e-02 5.416434663102531744e-02 9.950400000000002299e-02 4.917572475715002028e-02 6.607209187601963130e-02 4.917572475715002028e-02 1.684589999999999699e-01
1.512160000000000171e-01 5.786210701202815915e-02 7.515139964141960560e-02 5.786210701202815915e-02 9.950400000000002299e-02 5.394177928149312268e-02 7.515139964141960560e-02 5.394177928149312268e-02 1.684589999999999699e-01
1.512160000000000171e-01 6.113407034776767446e-02 8.452495448295001268e-02 6.113407034776767446e-02 9.950400000000002299e-02 5.665547270021524529e-02 8.452495448295001268e-02 5.665547270021524529e-02 1.684589999999999699e-01
1.512160000000000171e-01 6.747607305714602155e-02 8.734332914435288808e-02 6.747607305714602155e-02 9.950400000000002299e-02 6.506782028137542140e-02 8.734332914435288808e-02 6.506782028137542140e-02 1.684589999999999699e-01
1.512160000000000171e-01 7.603684340470147351e-02 9.919354611747072115e-02 7.603684340470147351e-02 9.950400000000002299e-02 7.043087767428346524e-02 9.919354611747072115e-02 7.043087767428346524e-02 1.684589999999999699e-01
1.512160000000000171e-01 8.188158031454990937e-02 1.034399738074486402e-01 8.188158031454990937e-02 9.950400000000002299e-02 7.240043160630259267e-02 1.034399738074486402e-01 7.240043160630259267e-02 1.684589999999999699e-01
1.512160000000000171e-01 8.505674493210359233e-02 1.099327388531403382e-01 8.505674493210359233e-02 9.950400000000002299e-02 7.712275752594292821e-02 1.099327388531403382e-01 7.712275752594292821e-02 1.684589999999999699e-01
1.512160000000000171e-01 9.107744734915489138e-02 1.179210176364729051e-01 9.107744734915489138e-02 9.950400000000002299e-02 8.708785905227692248e-02 1.179210176364729051e-01 8.708785905227692248e-02 1.684589999999999699e-01
1.512160000000000171e-01 9.668401031861723061e-02 1.271405784861931176e-01 9.668401031861723061e-02 9.950400000000002299e-02 9.150030331640023051e-02 1.271405784861931176e-01 9.150030331640023051e-02 1.684589999999999699e-01
1.512160000000000171e-01 1.043045535075750041e-01 1.312967146532020013e-01 1.043045535075750041e-01 9.950400000000002299e-02 9.429930474373379723e-02 1.312967146532020013e-01 9.429930474373379723e-02 1.684589999999999699e-01
1.512160000000000171e-01 1.055920000000000192e-01 1.350119999999999931e-01 1.055920000000000192e-01 9.950400000000002299e-02 9.764400000000000857e-02 1.350119999999999931e-01 9.764400000000000857e-02 1.684589999999999699e-01
c: 
1.683000000000000052e+00
1.016999999999999904e+00
1.407000000000000028e+00
