CDF: 
2.500000000000000000e-01 3.900000000000000133e-01 4.799999999999999822e-01 1.000000000000000000e+00
2.600000000000000089e-01 2.800000000000000266e-01 3.599999999999999867e-01 1.000000000000000000e+00
5.400000000000000355e-01 5.999999999999999778e-01 9.000000000000000222e-01 1.000000000000000000e+00
sigma: 
1.989440000000000097e-01 6.328980307695041864e-03 3.065287357239211610e-03 6.328980307695041864e-03 1.966239999999999932e-01 1.038720135236054047e-03 3.065287357239211610e-03 1.038720135236054047e-03 9.657599999999999518e-02
1.989440000000000097e-01 1.184327557617886884e-02 8.126896372862638107e-03 1.184327557617886884e-02 1.966239999999999932e-01 6.694354110287989261e-03 8.126896372862638107e-03 6.694354110287989261e-03 9.657599999999999518e-02
1.989440000000000097e-01 2.494881442227948887e-02 1.230888490622470723e-02 2.494881442227948887e-02 1.966239999999999932e-01 9.992700545805187698e-03 1.230888490622470723e-02 9.992700545805187698e-03 9.657599999999999518e-02
1.989440000000000097e-01 3.225104908149797195e-02 1.787963765249772630e-02 3.225104908149797195e-02 1.966239999999999932e-01 1.559229479325748187e-02 1.787963765249772630e-02 1.559229479325748187e-02 9.657599999999999518e-02
1.989440000000000097e-01 4.115294063270934916e-02 2.238178538598404460e-02 4.115294063270934916e-02 1.966239999999999932e-01 1.593643385604270185e-02 2.238178538598404460e-02 1.593643385604270185e-02 9.657599999999999518e-02
1.989440000000000097e-01 5.296660247172456371e-02 3.045504023732511015e-02 5.296660247172456371e-02 1.966239999999999932e-01 2.100028711079564639e-02 3.045504023732511015e-02 2.100028711079564639e-02 9.657599999999999518e-02
1.989440000000000097e-01 5.920872746556513772e-02 3.314509080781173622e-02 5.920872746556513772e-02 1.966239999999999932e-01 2.466684591992840403e-02 3.314509080781173622e-02 2.466684591992840403e-02 9.657599999999999518e-02
1.989440000000000097e-01 6.884514009804633405e-02 3.839124520820150210e-02 6.884514009804633405e-02 1.966239999999999932e-01 2.804588415325955444e-02 3.839124520820150210e-02 2.804588415325955444e-02 9.657599999999999518e-02
1.989440000000000097e-01 7.587115578702928465e-02 4.452934189241423979e-02 7.587115578702928465e-02 1.966239999999999932e-01 3.459272287523144918e-02 4.452934189241423979e-02 3.459272287523144918e-02 9.657599999999999518e-02
1.989440000000000097e-01 8.605111219732049233e-02 4.574615239224283370e-02 8.605111219732049233e-02 1.966239999999999932e-01 3.825769896734091541e-02 4.574615239224283370e-02 3.825769896734091541e-02 9.657599999999999518e-02
1.989440000000000097e-01 9.943550511677681780e-02 5.253142501247644314e-02 9.943550511677681780e-02 1.966239999999999932e-01 4.214749764083020045e-02 5.253142501247644314e-02 4.214749764083020045e-02 9.657599999999999518e-02
1.989440000000000097e-01 1.093185354359503536e-01 5.677897604129907017e-02 1.093185354359503536e-01 1.966239999999999932e-01 4.554127642539338577e-02 5.677897604129907017e-02 4.554127642539338577e-02 9.657599999999999518e-02
1.989440000000000097e-01 1.134892963201359767e-01 6.226215676460505888e-02 1.134892963201359767e-01 1.966239999999999932e-01 5.048088907292958005e-02 6.226215676460505888e-02 5.048088907292958005e-02 9.657599999999999518e-02
1.989440000000000097e-01 1.260838039180650350e-01 6.684023322477167239e-02 1.260838039180650350e-01 1.966239999999999932e-01 5.323031109194589772e-02 6.684023322477167239e-02 5.323031109194589772e-02 9.657599999999999518e-02
1.989440000000000097e-01 1.290928659582138704e-01 7.322136988141683678e-02 1.290928659582138704e-01 1.966239999999999932e-01 5.837486282527403619e-02 7.322136988141683678e-02 5.837486282527403619e-02 9.657599999999999518e-02
1.989440000000000097e-01 1.396493864910057225e-01 7.717858451828736588e-02 1.396493864910057225e-01 1.966239999999999932e-01 6.129160481978811886e-02 7.717858451828736588e-02 6.129160481978811886e-02 9.657599999999999518e-02
1.989440000000000097e-01 1.516800355307496850e-01 8.283787508720281967e-02 1.516800355307496850e-01 1.966239999999999932e-01 6.692888400932935078e-02 8.283787508720281967e-02 6.692888400932935078e-02 9.657599999999999518e-02
1.989440000000000097e-01 1.607981976108920630e-01 8.777037527805318928e-02 1.607981976108920630e-01 1.966239999999999932e-01 6.871094780251979506e-02 8.777037527805318928e-02 6.871094780251979506e-02 9.657599999999999518e-02
1.989440000000000097e-01 1.700838047926120089e-01 9.373221343281450124e-02 1.700838047926120089e-01 1.966239999999999932e-01 7.312625237712047643e-02 9.373221343281450124e-02 7.312625237712047643e-02 9.657599999999999518e-02
1.989440000000000097e-01 1.744160000000000155e-01 9.651199999999998669e-02 1.744160000000000155e-01 1.966239999999999932e-01 7.516799999999999871e-02 9.651199999999998669e-02 7.516799999999999871e-02 9.657599999999999518e-02
c: 
1.544999999999999929e+00
1.385999999999999899e+00
2.442000000000000171e+00
