CDF: 
2.899999999999999800e-01 4.099999999999999756e-01 4.600000000000000200e-01 1.000000000000000000e+00
1.100000000000000006e-01 1.499999999999999944e-01 5.999999999999999778e-01 1.000000000000000000e+00
2.700000000000000178e-01 2.999999999999999889e-01 4.199999999999999845e-01 1.000000000000000000e+00
sigma: 
2.117440000000000155e-01 3.306743144124769853e-03 7.382540375560285931e-03 3.306743144124769853e-03 1.278559999999999974e-01 3.382577831576240052e-03 7.382540375560285931e-03 3.382577831576239619e-03 1.984440000000000093e-01
2.117440000000000155e-01 7.785092946531553190e-03 1.872661609110065975e-02 7.785092946531553190e-03 1.278559999999999974e-01 7.512822105365476490e-03 1.872661609110065975e-02 7.512822105365475622e-03 1.984440000000000093e-01
2.117440000000000155e-01 1.952477052450412795e-02 3.101500454956930553e-02 1.952477052450412795e-02 1.278559999999999974e-01 1.469071453501808594e-02 3.101500454956930553e-02 1.469071453501808421e-02 1.984440000000000093e-01
2.117440000000000155e-01 2.569161355682177822e-02 3.483704576698254396e-02 2.569161355682177822e-02 1.278559999999999974e-01 2.437967595101794491e-02 3.483704576698254396e-02 2.437967595101794144e-02 1.984440000000000093e-01
2.117440000000000155e-01 3.087455540692379471e-02 4.893667683484661385e-02 3.087455540692379471e-02 1.278559999999999974e-01 2.908146488110179353e-02 4.893667683484661385e-02 2.908146488110179007e-02 1.984440000000000093e-01
2.117440000000000155e-01 4.031981886907239077e-02 5.892707046823151412e-02 4.031981886907239077e-02 1.278559999999999974e-01 3.234009988338152480e-02 5.892707046823151412e-02 3.234009988338152480e-02 1.984440000000000093e-01
2.117440000000000155e-01 4.374460691225550563e-02 6.293701815850055725e-02 4.374460691225550563e-02 1.278559999999999974e-01 4.257342779880969597e-02 6.293701815850055725e-02 4.257342779880969597e-02 1.984440000000000093e-01
2.117440000000000155e-01 5.058788471907890022e-02 7.555756064552693330e-02 5.058788471907890022e-02 1.278559999999999974e-01 4.528006808127828242e-02 7.555756064552693330e-02 4.528006808127827548e-02 1.984440000000000093e-01
2.117440000000000155e-01 5.975569618752406276e-02 8.568727037294021631e-02 5.975569618752406276e-02 1.278559999999999974e-01 5.299065402089978699e-02 8.568727037294021631e-02 5.299065402089978005e-02 1.984440000000000093e-01
2.117440000000000155e-01 6.713685736670044202e-02 9.934581672901104943e-02 6.713685736670044202e-02 1.278559999999999974e-01 5.894570490940548996e-02 9.934581672901104943e-02 5.894570490940548302e-02 1.984440000000000093e-01
2.117440000000000155e-01 7.052172013085435121e-02 1.070610999403935754e-01 7.052172013085435121e-02 1.278559999999999974e-01 6.529365423028771209e-02 1.070610999403935754e-01 6.529365423028771209e-02 1.984440000000000093e-01
2.117440000000000155e-01 7.633703911930642128e-02 1.226414865034632234e-01 7.633703911930642128e-02 1.278559999999999974e-01 7.011728204213547866e-02 1.226414865034632234e-01 7.011728204213546478e-02 1.984440000000000093e-01
2.117440000000000155e-01 8.857564000861464781e-02 1.304666410136925137e-01 8.857564000861464781e-02 1.278559999999999974e-01 7.912108196035542995e-02 1.304666410136925137e-01 7.912108196035542995e-02 1.984440000000000093e-01
2.117440000000000155e-01 9.476996634411412324e-02 1.410147588646141481e-01 9.476996634411412324e-02 1.278559999999999974e-01 8.544820099385448675e-02 1.410147588646141481e-01 8.544820099385447287e-02 1.984440000000000093e-01
2.117440000000000155e-01 1.022400918874677850e-01 1.543137922119823258e-01 1.022400918874677850e-01 1.278559999999999974e-01 9.518453045385519284e-02 1.543137922119823258e-01 9.518453045385517897e-02 1.984440000000000093e-01
2.117440000000000155e-01 1.086791119159148805e-01 1.580655761331045961e-01 1.086791119159148805e-01 1.278559999999999974e-01 9.644225260245956055e-02 1.580655761331045961e-01 9.644225260245954667e-02 1.984440000000000093e-01
2.117440000000000155e-01 1.146685215491341225e-01 1.740869027232787580e-01 1.146685215491341225e-01 1.278559999999999974e-01 1.039162584016649488e-01 1.740869027232787580e-01 1.039162584016649349e-01 1.984440000000000093e-01
2.117440000000000155e-01 1.197344322122451954e-01 1.812160188408887540e-01 1.197344322122451954e-01 1.278559999999999974e-01 1.123275571145452983e-01 1.812160188408887540e-01 1.123275571145452845e-01 1.984440000000000093e-01
2.117440000000000155e-01 1.290453738750013679e-01 1.896609689943422883e-01 1.290453738750013679e-01 1.278559999999999974e-01 1.189056148582719741e-01 1.896609689943422883e-01 1.189056148582719602e-01 1.984440000000000093e-01
2.117440000000000155e-01 1.302079999999999904e-01 1.965439999999999965e-01 1.302079999999999904e-01 1.278559999999999974e-01 1.208079999999999987e-01 1.965439999999999965e-01 1.208079999999999848e-01 1.984440000000000093e-01
c: 
2.116999999999999993e+00
1.780999999999999917e+00
1.931999999999999940e+00
