CDF: 
4.099999999999999756e-01 5.600000000000000533e-01 6.199999999999999956e-01 1.000000000000000000e+00
3.800000000000000044e-01 5.400000000000000355e-01 6.800000000000000488e-01 1.000000000000000000e+00
5.000000000000000000e-01 5.200000000000000178e-01 8.399999999999999689e-01 1.000000000000000000e+00
sigma: 
2.072440000000000115e-01 3.903881864177019979e-03 8.216469144973913199e-04 3.903881864177019979e-03 1.823359999999999981e-01 4.832979136159033101e-03 8.216469144973913199e-04 4.832979136159033101e-03 1.267359999999999876e-01
2.072440000000000115e-01 1.560628832775063507e-02 9.769767543153186004e-03 1.560628832775063507e-02 1.823359999999999981e-01 8.489597928348142919e-03 9.769767543153186004e-03 8.489597928348142919e-03 1.267359999999999876e-01
2.072440000000000115e-01 2.787682430573364123e-02 1.659439238007139050e-02 2.787682430573364123e-02 1.823359999999999981e-01 1.470713640705076375e-02 1.659439238007139050e-02 1.470713640705076375e-02 1.267359999999999876e-01
2.072440000000000115e-01 3.465724711522461671e-02 2.643861616298984196e-02 3.465724711522461671e-02 1.823359999999999981e-01 2.090293157556926198e-02 2.643861616298984196e-02 2.090293157556926198e-02 1.267359999999999876e-01
2.072440000000000115e-01 4.524665547251222053e-02 3.133352120473365671e-02 4.524665547251222053e-02 1.823359999999999981e-01 3.321108503730167694e-02 3.133352120473365671e-02 3.321108503730167694e-02 1.267359999999999876e-01
2.072440000000000115e-01 5.675262685639961141e-02 4.167604188195798975e-02 5.675262685639961141e-02 1.823359999999999981e-01 3.839242758690586399e-02 4.167604188195798975e-02 3.839242758690586399e-02 1.267359999999999876e-01
2.072440000000000115e-01 6.355240529665041882e-02 4.885774804988440856e-02 6.355240529665041882e-02 1.823359999999999981e-01 4.717051507209561734e-02 4.885774804988440856e-02 4.717051507209561734e-02 1.267359999999999876e-01
2.072440000000000115e-01 6.838591322168338649e-02 5.565176687652835519e-02 6.838591322168338649e-02 1.823359999999999981e-01 5.077319291232044313e-02 5.565176687652835519e-02 5.077319291232044313e-02 1.267359999999999876e-01
2.072440000000000115e-01 8.387116243727703313e-02 6.294827182915703478e-02 8.387116243727703313e-02 1.823359999999999981e-01 5.693800259182724838e-02 6.294827182915703478e-02 5.693800259182724838e-02 1.267359999999999876e-01
2.072440000000000115e-01 9.646495174397261285e-02 6.632056578322383100e-02 9.646495174397261285e-02 1.823359999999999981e-01 6.338189032349311747e-02 6.632056578322383100e-02 6.338189032349311747e-02 1.267359999999999876e-01
2.072440000000000115e-01 1.008033041213759196e-01 7.416757791094495678e-02 1.008033041213759196e-01 1.823359999999999981e-01 7.400624469989705578e-02 7.416757791094495678e-02 7.400624469989705578e-02 1.267359999999999876e-01
2.072440000000000115e-01 1.086971942279736786e-01 7.846771322099836687e-02 1.086971942279736786e-01 1.823359999999999981e-01 7.843745853527389622e-02 7.846771322099836687e-02 7.843745853527389622e-02 1.267359999999999876e-01
2.072440000000000115e-01 1.202081227438891453e-01 8.588463692420902906e-02 1.202081227438891453e-01 1.823359999999999981e-01 8.491854174905162644e-02 8.588463692420902906e-02 8.491854174905162644e-02 1.267359999999999876e-01
2.072440000000000115e-01 1.313825197412794854e-01 9.908266040001774411e-02 1.313825197412794854e-01 1.823359999999999981e-01 9.101694414698652258e-02 9.908266040001774411e-02 9.101694414698652258e-02 1.267359999999999876e-01
2.072440000000000115e-01 1.403972566500642505e-01 1.058446732611481728e-01 1.403972566500642505e-01 1.823359999999999981e-01 9.905126525235270762e-02 1.058446732611481728e-01 9.905126525235270762e-02 1.267359999999999876e-01
2.072440000000000115e-01 1.504637246879982349e-01 1.094744946011558390e-01 1.504637246879982349e-01 1.823359999999999981e-01 1.085168804699058881e-01 1.094744946011558390e-01 1.085168804699058881e-01 1.267359999999999876e-01
2.072440000000000115e-01 1.634019994473707715e-01 1.173299731779868238e-01 1.634019994473707715e-01 1.823359999999999981e-01 1.103468254639538848e-01 1.173299731779868238e-01 1.103468254639538848e-01 1.267359999999999876e-01
2.072440000000000115e-01 1.657770837825099652e-01 1.269199305326681737e-01 1.657770837825099652e-01 1.823359999999999981e-01 1.176463441486747530e-01 1.269199305326681737e-01 1.176463441486747530e-01 1.267359999999999876e-01
2.072440000000000115e-01 1.747409283221847687e-01 1.306823564509780877e-01 1.747409283221847687e-01 1.823359999999999981e-01 1.281006902305035500e-01 1.306823564509780877e-01 1.281006902305035500e-01 1.267359999999999876e-01
2.072440000000000115e-01 1.833280000000000187e-01 1.348719999999999919e-01 1.833280000000000187e-01 1.823359999999999981e-01 1.296640000000000015e-01 1.348719999999999919e-01 1.296640000000000015e-01 1.267359999999999876e-01
c: 
2.189999999999999947e+00
2.556000000000000050e+00
1.403000000000000025e+00
