CDF: 
1.499999999999999944e-01 4.400000000000000022e-01 5.799999999999999600e-01 1.000000000000000000e+00
4.799999999999999822e-01 5.899999999999999689e-01 6.400000000000000133e-01 1.000000000000000000e+00
2.200000000000000011e-01 6.700000000000000400e-01 8.599999999999999867e-01 1.000000000000000000e+00
sigma: 
1.688439999999999941e-01 8.929084931266163469e-03 2.863793714574709194e-03 8.929084931266163469e-03 2.107960000000000111e-01 1.744287743104947332e-03 2.863793714574709194e-03 1.744287743104947332e-03 9.476400000000000101e-02
1.688439999999999941e-01 1.651256529595314035e-02 6.078239657247725899e-03 1.651256529595314035e-02 2.107960000000000111e-01 8.508917342682635263e-03 6.078239657247725899e-03 8.508917342682635263e-03 9.476400000000000101e-02
1.688439999999999941e-01 2.600741497234788924e-02 1.203761874460801407e-02 2.600741497234788924e-02 2.107960000000000111e-01 1.503865408462556029e-02 1.203761874460801407e-02 1.503865408462556029e-02 9.476400000000000101e-02
1.688439999999999941e-01 2.994739989567836783e-02 1.481828846943368180e-02 2.994739989567836783e-02 2.107960000000000111e-01 2.067974630094410876e-02 1.481828846943368180e-02 2.067974630094410876e-02 9.476400000000000101e-02
1.688439999999999941e-01 4.266576402235483512e-02 2.328372612023336605e-02 4.266576402235483512e-02 2.107960000000000111e-01 2.448781215265644420e-02 2.328372612023336605e-02 2.448781215265644420e-02 9.476400000000000101e-02
1.688439999999999941e-01 5.280104938219962185e-02 2.657979682989936726e-02 5.280104938219962185e-02 2.107960000000000111e-01 2.958414901734317606e-02 2.657979682989936726e-02 2.958414901734317606e-02 9.476400000000000101e-02
1.688439999999999941e-01 5.564712224255610740e-02 2.989745254585306558e-02 5.564712224255610740e-02 2.107960000000000111e-01 3.826658154564105407e-02 2.989745254585306558e-02 3.826658154564105407e-02 9.476400000000000101e-02
1.688439999999999941e-01 7.021076774227330564e-02 3.355646142108179020e-02 7.021076774227330564e-02 2.107960000000000111e-01 4.119645220343916281e-02 3.355646142108179020e-02 4.119645220343916281e-02 9.476400000000000101e-02
1.688439999999999941e-01 7.670290178346796106e-02 4.109876831701816946e-02 7.670290178346796106e-02 2.107960000000000111e-01 4.651378489882776468e-02 4.109876831701816946e-02 4.651378489882776468e-02 9.476400000000000101e-02
1.688439999999999941e-01 8.932755119960691936e-02 4.442890404594184578e-02 8.932755119960691936e-02 2.107960000000000111e-01 5.630832997411867880e-02 4.442890404594184578e-02 5.630832997411867880e-02 9.476400000000000101e-02
1.688439999999999941e-01 9.548553748925396600e-02 4.926639325574066336e-02 9.548553748925396600e-02 2.107960000000000111e-01 6.110376612980396999e-02 4.926639325574066336e-02 6.110376612980396999e-02 9.476400000000000101e-02
1.688439999999999941e-01 1.101184336072227182e-01 5.503123620856281012e-02 1.101184336072227182e-01 2.107960000000000111e-01 6.587346821380812845e-02 5.503123620856281012e-02 6.587346821380812845e-02 9.476400000000000101e-02
1.688439999999999941e-01 1.120296602164896210e-01 6.165061275008547337e-02 1.120296602164896210e-01 2.107960000000000111e-01 7.184045816423689779e-02 6.165061275008547337e-02 7.184045816423689779e-02 9.476400000000000101e-02
1.688439999999999941e-01 1.233654928841296655e-01 6.444965956033980869e-02 1.233654928841296655e-01 2.107960000000000111e-01 7.536404483790952458e-02 6.444965956033980869e-02 7.536404483790952458e-02 9.476400000000000101e-02
1.688439999999999941e-01 1.383550510591009808e-01 6.757105306321210814e-02 1.383550510591009808e-01 2.107960000000000111e-01 7.949630570353681536e-02 6.757105306321210814e-02 7.949630570353681536e-02 9.476400000000000101e-02
1.688439999999999941e-01 1.399386049231653439e-01 7.384879595972244914e-02 1.399386049231653439e-01 2.107960000000000111e-01 8.804164638614205007e-02 7.384879595972244914e-02 8.804164638614205007e-02 9.476400000000000101e-02
1.688439999999999941e-01 1.479591977224334887e-01 7.855611542017762461e-02 1.479591977224334887e-01 2.107960000000000111e-01 9.346589612382417978e-02 7.855611542017762461e-02 9.346589612382417978e-02 9.476400000000000101e-02
1.688439999999999941e-01 1.621471553017861666e-01 8.564734995158550246e-02 1.621471553017861666e-01 2.107960000000000111e-01 1.004808335472196640e-01 8.564734995158550246e-02 1.004808335472196640e-01 9.476400000000000101e-02
1.688439999999999941e-01 1.688870558330603511e-01 8.700954380088060658e-02 1.688870558330603511e-01 2.107960000000000111e-01 1.059177845044726451e-01 8.700954380088060658e-02 1.059177845044726451e-01 9.476400000000000101e-02
1.688439999999999941e-01 1.753319999999999879e-01 9.059600000000000986e-02 1.753319999999999879e-01 2.107960000000000111e-01 1.073880000000000112e-01 9.059600000000000986e-02 1.073880000000000112e-01 9.476400000000000101e-02
c: 
1.457000000000000073e+00
1.264999999999999902e+00
1.409000000000000030e+00
