CDF: 
2.700000000000000178e-01 2.999999999999999889e-01 9.399999999999999467e-01 1.000000000000000000e+00
3.200000000000000067e-01 7.700000000000000178e-01 8.800000000000000044e-01 1.000000000000000000e+00
2.399999999999999911e-01 5.000000000000000000e-01 6.700000000000000400e-01 1.000000000000000000e+00
sigma: 
5.991599999999999704e-02 4.932106498540125101e-04 3.522716808603935500e-03 4.932106498540126185e-04 9.108399999999999830e-02 3.306688651191511206e-03 3.522716808603935500e-03 3.306688651191511206e-03 1.650999999999999968e-01
5.991599999999999704e-02 4.708767513029644795e-03 6.767041583022193572e-03 4.708767513029644795e-03 9.108399999999999830e-02 8.665920990162577497e-03 6.767041583022193572e-03 8.665920990162577497e-03 1.650999999999999968e-01
5.991599999999999704e-02 6.633766171707423595e-03 9.956956111330010628e-03 6.633766171707424462e-03 9.108399999999999830e-02 1.129714559277763229e-02 9.956956111330010628e-03 1.129714559277763229e-02 1.650999999999999968e-01
5.991599999999999704e-02 9.176529271776479035e-03 1.329008431782130635e-02 9.176529271776480770e-03 9.108399999999999830e-02 1.722168396162158596e-02 1.329008431782130635e-02 1.722168396162158596e-02 1.650999999999999968e-01
5.991599999999999704e-02 1.308637434599869108e-02 1.544064756695762673e-02 1.308637434599869281e-02 9.108399999999999830e-02 2.103143725486510476e-02 1.544064756695762673e-02 2.103143725486510476e-02 1.650999999999999968e-01
5.991599999999999704e-02 1.664635604861341989e-02 1.995022983857772797e-02 1.664635604861342336e-02 9.108399999999999830e-02 2.811222534666022246e-02 1.995022983857772797e-02 2.811222534666022246e-02 1.650999999999999968e-01
5.991599999999999704e-02 1.769509756330534325e-02 2.320632388850111388e-02 1.769509756330534672e-02 9.108399999999999830e-02 3.061129581430972052e-02 2.320632388850111388e-02 3.061129581430972052e-02 1.650999999999999968e-01
5.991599999999999704e-02 2.137046011019917702e-02 2.538542046500430124e-02 2.137046011019918049e-02 9.108399999999999830e-02 3.498064597396308151e-02 2.538542046500430124e-02 3.498064597396308151e-02 1.650999999999999968e-01
5.991599999999999704e-02 2.357952768841005062e-02 3.042086992790814931e-02 2.357952768841005409e-02 9.108399999999999830e-02 4.283490986536095391e-02 3.042086992790814931e-02 4.283490986536095391e-02 1.650999999999999968e-01
5.991599999999999704e-02 2.793611613359278656e-02 3.222439839896753394e-02 2.793611613359279003e-02 9.108399999999999830e-02 4.601604526660110078e-02 3.222439839896753394e-02 4.601604526660110078e-02 1.650999999999999968e-01
5.991599999999999704e-02 3.215233211055137930e-02 3.677385840027479202e-02 3.215233211055137930e-02 9.108399999999999830e-02 4.988498791142161742e-02 3.677385840027479202e-02 4.988498791142161742e-02 1.650999999999999968e-01
5.991599999999999704e-02 3.365106611739126369e-02 4.176493132555020998e-02 3.365106611739126369e-02 9.108399999999999830e-02 5.367711956969877657e-02 4.176493132555020998e-02 5.367711956969877657e-02 1.650999999999999968e-01
5.991599999999999704e-02 3.705129216797795749e-02 4.438882250238254668e-02 3.705129216797796443e-02 9.108399999999999830e-02 6.015764565651646884e-02 4.438882250238254668e-02 6.015764565651646884e-02 1.650999999999999968e-01
5.991599999999999704e-02 4.075943171707117202e-02 4.757266757709607136e-02 4.075943171707117896e-02 9.108399999999999830e-02 6.201991909384096252e-02 4.757266757709607136e-02 6.201991909384096252e-02 1.650999999999999968e-01
5.991599999999999704e-02 4.348635029538478608e-02 5.224932697582187341e-02 4.348635029538479302e-02 9.108399999999999830e-02 6.689792931274425591e-02 5.224932697582187341e-02 6.689792931274425591e-02 1.650999999999999968e-01
5.991599999999999704e-02 4.501189523892746430e-02 5.593581066926144041e-02 4.501189523892746430e-02 9.108399999999999830e-02 7.151036451938798388e-02 5.593581066926144041e-02 7.151036451938798388e-02 1.650999999999999968e-01
5.991599999999999704e-02 4.710258367713592020e-02 5.780953707799121183e-02 4.710258367713592020e-02 9.108399999999999830e-02 7.787900811314257821e-02 5.780953707799121183e-02 7.787900811314257821e-02 1.650999999999999968e-01
5.991599999999999704e-02 5.221639762000748752e-02 6.361332944988747073e-02 5.221639762000749446e-02 9.108399999999999830e-02 8.321461751915676386e-02 6.361332944988747073e-02 8.321461751915676386e-02 1.650999999999999968e-01
5.991599999999999704e-02 5.469741884842702767e-02 6.640378509916299021e-02 5.469741884842703461e-02 9.108399999999999830e-02 8.960247979728701295e-02 6.640378509916299021e-02 8.960247979728701295e-02 1.650999999999999968e-01
5.991599999999999704e-02 5.581199999999998662e-02 6.750000000000000444e-02 5.581199999999999356e-02 9.108399999999999830e-02 9.049999999999999711e-02 6.750000000000000444e-02 9.049999999999999711e-02 1.650999999999999968e-01
c: 
2.717999999999999972e+00
2.483000000000000096e+00
2.478000000000000203e+00
