CDF: 
1.100000000000000006e-01 3.099999999999999978e-01 5.200000000000000178e-01 1.000000000000000000e+00
3.499999999999999778e-01 3.800000000000000044e-01 6.500000000000000222e-01 1.000000000000000000e+00
3.400000000000000244e-01 3.599999999999999867e-01 5.699999999999999512e-01 1.000000000000000000e+00
sigma: 
1.567839999999999789e-01 5.452380758420121570e-03 4.961367942593525315e-03 5.452380758420121570e-03 1.791039999999999854e-01 6.468395991915744901e-03 4.961367942593525315e-03 6.468395991915744901e-03 1.960759999999999725e-01
1.567839999999999789e-01 1.301441958948327746e-02 1.117649688495792396e-02 1.301441958948327746e-02 1.791039999999999854e-01 1.741134652747952649e-02 1.117649688495792396e-02 1.741134652747952649e-02 1.960759999999999725e-01
1.567839999999999789e-01 2.053714936887508780e-02 1.895512128586599940e-02 2.053714936887508780e-02 1.791039999999999854e-01 2.528245115537256643e-02 1.895512128586599940e-02 2.528245115537256643e-02 1.960759999999999725e-01
1.567839999999999789e-01 2.419659878217328072e-02 3.018790823898544889e-02 2.419659878217328072e-02 1.791039999999999854e-01 3.525386893285420431e-02 3.018790823898544889e-02 3.525386893285420431e-02 1.960759999999999725e-01
1.567839999999999789e-01 3.454204389645264967e-02 3.945324865597788638e-02 3.454204389645264967e-02 1.791039999999999854e-01 4.285199621143889748e-02 3.945324865597788638e-02 4.285199621143889748e-02 1.960759999999999725e-01
1.567839999999999789e-01 3.956731134161889374e-02 4.614954154809872838e-02 3.956731134161889374e-02 1.791039999999999854e-01 4.844491141653330807e-02 4.614954154809872838e-02 4.844491141653330807e-02 1.960759999999999725e-01
1.567839999999999789e-01 5.167525473192081942e-02 5.574508959799658742e-02 5.167525473192081942e-02 1.791039999999999854e-01 6.287329258587827374e-02 5.574508959799658742e-02 6.287329258587827374e-02 1.960759999999999725e-01
1.567839999999999789e-01 5.542733376697814296e-02 6.226600868797403654e-02 5.542733376697814296e-02 1.791039999999999854e-01 6.923553649067230864e-02 6.226600868797403654e-02 6.923553649067230864e-02 1.960759999999999725e-01
1.567839999999999789e-01 6.573875429712289220e-02 7.177360080909939155e-02 6.573875429712289220e-02 1.791039999999999854e-01 7.969500248125638286e-02 7.177360080909939155e-02 7.969500248125638286e-02 1.960759999999999725e-01
1.567839999999999789e-01 7.014892135194547573e-02 7.826760891793435593e-02 7.014892135194547573e-02 1.791039999999999854e-01 9.029972984312809037e-02 7.826760891793435593e-02 9.029972984312809037e-02 1.960759999999999725e-01
1.567839999999999789e-01 8.292956958434787029e-02 8.908313960120002595e-02 8.292956958434787029e-02 1.791039999999999854e-01 9.317468078258572817e-02 8.908313960120002595e-02 9.317468078258572817e-02 1.960759999999999725e-01
1.567839999999999789e-01 9.166928215887883147e-02 1.007586187560516600e-01 9.166928215887883147e-02 1.791039999999999854e-01 1.040805395119394489e-01 1.007586187560516600e-01 1.040805395119394489e-01 1.960759999999999725e-01
1.567839999999999789e-01 9.805504954228123904e-02 1.065931497705667752e-01 9.805504954228123904e-02 1.791039999999999854e-01 1.114114477672319414e-01 1.065931497705667752e-01 1.114114477672319414e-01 1.960759999999999725e-01
1.567839999999999789e-01 1.066401616864053048e-01 1.190738752010803703e-01 1.066401616864053048e-01 1.791039999999999854e-01 1.217648825248585365e-01 1.190738752010803703e-01 1.217648825248585365e-01 1.960759999999999725e-01
1.567839999999999789e-01 1.092598710640347720e-01 1.215084276064241631e-01 1.092598710640347720e-01 1.791039999999999854e-01 1.309935782838313745e-01 1.215084276064241631e-01 1.309935782838313745e-01 1.960759999999999725e-01
1.567839999999999789e-01 1.187175586156253293e-01 1.359738810786645657e-01 1.187175586156253293e-01 1.791039999999999854e-01 1.428593462258312963e-01 1.359738810786645657e-01 1.428593462258312963e-01 1.960759999999999725e-01
1.567839999999999789e-01 1.253961804899231536e-01 1.460211595283423258e-01 1.253961804899231536e-01 1.791039999999999854e-01 1.506580145491679956e-01 1.460211595283423258e-01 1.506580145491679956e-01 1.960759999999999725e-01
1.567839999999999789e-01 1.318065927743073129e-01 1.480746013864962796e-01 1.318065927743073129e-01 1.791039999999999854e-01 1.642705829576203425e-01 1.480746013864962796e-01 1.642705829576203425e-01 1.960759999999999725e-01
1.567839999999999789e-01 1.392879031828764269e-01 1.626839250867337383e-01 1.392879031828764269e-01 1.791039999999999854e-01 1.694149830826214564e-01 1.626839250867337383e-01 1.694149830826214564e-01 1.960759999999999725e-01
1.567839999999999789e-01 1.465439999999999798e-01 1.643280000000000296e-01 1.465439999999999798e-01 1.791039999999999854e-01 1.740480000000000083e-01 1.643280000000000296e-01 1.740480000000000083e-01 1.960759999999999725e-01
c: 
1.808999999999999941e+00
2.338000000000000078e+00
1.058000000000000052e+00
