CDF: 
1.799999999999999933e-01 2.300000000000000100e-01 5.899999999999999689e-01 1.000000000000000000e+00
2.200000000000000011e-01 4.899999999999999911e-01 8.299999999999999600e-01 1.000000000000000000e+00
4.299999999999999933e-01 5.999999999999999778e-01 6.300000000000000044e-01 1.000000000000000000e+00
sigma: 
1.515039999999999998e-01 4.762271215675059621e-03 8.241781481698505843e-03 4.762271215675059621e-03 1.055999999999999994e-01 2.449129993238927279e-03 8.241781481698505843e-03 2.449129993238927279e-03 2.085440000000000349e-01
1.515039999999999998e-01 6.275877572749292456e-03 1.384015312156127234e-02 6.275877572749292456e-03 1.055999999999999994e-01 1.060608951135081843e-02 1.384015312156127234e-02 1.060608951135081843e-02 2.085440000000000349e-01
1.515039999999999998e-01 1.079488119478579262e-02 1.934281397907242420e-02 1.079488119478579262e-02 1.055999999999999994e-01 1.717181170608821777e-02 1.934281397907242420e-02 1.717181170608821777e-02 2.085440000000000349e-01
1.515039999999999998e-01 1.692954175211880061e-02 2.629116628710544828e-02 1.692954175211880061e-02 1.055999999999999994e-01 1.997487714936773545e-02 2.629116628710544828e-02 1.997487714936773545e-02 2.085440000000000349e-01
1.515039999999999998e-01 2.600159621755526035e-02 3.526336161887373005e-02 2.600159621755526035e-02 1.055999999999999994e-01 2.826073892903281648e-02 3.526336161887373005e-02 2.826073892903281648e-02 2.085440000000000349e-01
1.515039999999999998e-01 3.138592447532788376e-02 4.682252558808523007e-02 3.138592447532788376e-02 1.055999999999999994e-01 3.112053057271454981e-02 4.682252558808523007e-02 3.112053057271454981e-02 2.085440000000000349e-01
1.515039999999999998e-01 3.457763253701252870e-02 5.246288589184765205e-02 3.457763253701252870e-02 1.055999999999999994e-01 3.999667161213987104e-02 5.246288589184765205e-02 3.999667161213987104e-02 2.085440000000000349e-01
1.515039999999999998e-01 3.886932656208767073e-02 5.979470581743837748e-02 3.886932656208767073e-02 1.055999999999999994e-01 4.709809827878267546e-02 5.979470581743837748e-02 4.709809827878267546e-02 2.085440000000000349e-01
1.515039999999999998e-01 4.569085494506676393e-02 6.931460816572679318e-02 4.569085494506676393e-02 1.055999999999999994e-01 5.439369368321118892e-02 6.931460816572679318e-02 5.439369368321118892e-02 2.085440000000000349e-01
1.515039999999999998e-01 4.965559313762939186e-02 7.710379020014936080e-02 4.965559313762939186e-02 1.055999999999999994e-01 5.647226345562788435e-02 7.710379020014936080e-02 5.647226345562788435e-02 2.085440000000000349e-01
1.515039999999999998e-01 5.494571623810971112e-02 8.595799115344786301e-02 5.494571623810971112e-02 1.055999999999999994e-01 6.519213729474591934e-02 8.595799115344786301e-02 6.519213729474591934e-02 2.085440000000000349e-01
1.515039999999999998e-01 6.235859993000450463e-02 9.978790273227360064e-02 6.235859993000450463e-02 1.055999999999999994e-01 7.098903818992688408e-02 9.978790273227360064e-02 7.098903818992688408e-02 2.085440000000000349e-01
1.515039999999999998e-01 6.837116172284500581e-02 1.076133229938158464e-01 6.837116172284500581e-02 1.055999999999999994e-01 7.426733543345333255e-02 1.076133229938158464e-01 7.426733543345333255e-02 2.085440000000000349e-01
1.515039999999999998e-01 7.355058245187155730e-02 1.128304486826646608e-01 7.355058245187155730e-02 1.055999999999999994e-01 8.194636235124026780e-02 1.128304486826646608e-01 8.194636235124026780e-02 2.085440000000000349e-01
1.515039999999999998e-01 7.810784683000300543e-02 1.267408869962831086e-01 7.810784683000300543e-02 1.055999999999999994e-01 8.665452004967338917e-02 1.267408869962831086e-01 8.665452004967338917e-02 2.085440000000000349e-01
1.515039999999999998e-01 7.973479803068289629e-02 1.331158102946845001e-01 7.973479803068289629e-02 1.055999999999999994e-01 9.241112226430321652e-02 1.331158102946845001e-01 9.241112226430321652e-02 2.085440000000000349e-01
1.515039999999999998e-01 8.927546938289816769e-02 1.449855450459615891e-01 8.927546938289816769e-02 1.055999999999999994e-01 1.010566368417845917e-01 1.449855450459615891e-01 1.010566368417845917e-01 2.085440000000000349e-01
1.515039999999999998e-01 9.335427652569075474e-02 1.511734124502094323e-01 9.335427652569075474e-02 1.055999999999999994e-01 1.093010650018243352e-01 1.511734124502094323e-01 1.093010650018243352e-01 2.085440000000000349e-01
1.515039999999999998e-01 9.862505214240017970e-02 1.577372208415561416e-01 9.862505214240017970e-02 1.055999999999999994e-01 1.152827605265078076e-01 1.577372208415561416e-01 1.152827605265078076e-01 2.085440000000000349e-01
1.515039999999999998e-01 1.001599999999999990e-01 1.621759999999999868e-01 1.001599999999999990e-01 1.055999999999999994e-01 1.162400000000000100e-01 1.621759999999999868e-01 1.162400000000000100e-01 2.085440000000000349e-01
c: 
1.322999999999999954e+00
1.312000000000000055e+00
1.213999999999999968e+00
