CDF: 
2.099999999999999922e-01 4.199999999999999845e-01 7.199999999999999734e-01 1.000000000000000000e+00
2.700000000000000178e-01 6.700000000000000400e-01 6.999999999999999556e-01 1.000000000000000000e+00
2.600000000000000089e-01 5.000000000000000000e-01 5.300000000000000266e-01 1.000000000000000000e+00
sigma: 
1.562189999999999968e-01 6.574525319613152251e-03 2.571069079729659118e-03 6.574525319613152251e-03 1.848990000000000355e-01 3.696509959581926238e-03 2.571069079729659118e-03 3.696509959581926238e-03 2.220910000000000106e-01
1.562189999999999968e-01 1.365773591656124948e-02 1.524122575619790351e-02 1.365773591656124948e-02 1.848990000000000355e-01 1.340277103678061237e-02 1.524122575619790351e-02 1.340277103678061237e-02 2.220910000000000106e-01
1.562189999999999968e-01 1.967509239354181191e-02 1.603130383493962460e-02 1.967509239354181191e-02 1.848990000000000355e-01 2.329006044290008598e-02 1.603130383493962460e-02 2.329006044290008598e-02 2.220910000000000106e-01
1.562189999999999968e-01 2.609080693435165271e-02 2.722162864409913285e-02 2.609080693435165271e-02 1.848990000000000355e-01 2.791285303311428698e-02 2.722162864409913285e-02 2.791285303311428698e-02 2.220910000000000106e-01
1.562189999999999968e-01 4.058388096475239182e-02 3.250626987911910126e-02 4.058388096475239182e-02 1.848990000000000355e-01 3.886877463444901593e-02 3.250626987911910126e-02 3.886877463444901593e-02 2.220910000000000106e-01
1.562189999999999968e-01 4.347168206392199030e-02 4.268794572163255030e-02 4.347168206392199030e-02 1.848990000000000355e-01 4.589821864565151593e-02 4.268794572163255030e-02 4.589821864565151593e-02 2.220910000000000106e-01
1.562189999999999968e-01 5.345129951566236770e-02 5.278786146834757442e-02 5.345129951566236770e-02 1.848990000000000355e-01 5.130432491678182938e-02 5.278786146834757442e-02 5.130432491678182938e-02 2.220910000000000106e-01
1.562189999999999968e-01 6.712265382480311904e-02 6.182030530327671525e-02 6.712265382480311904e-02 1.848990000000000355e-01 5.624757755350777433e-02 6.182030530327671525e-02 5.624757755350777433e-02 2.220910000000000106e-01
1.562189999999999968e-01 6.953620279773142787e-02 6.446306065512835692e-02 6.953620279773142787e-02 1.848990000000000355e-01 6.727652072211126599e-02 6.446306065512835692e-02 6.727652072211126599e-02 2.220910000000000106e-01
1.562189999999999968e-01 8.028590950016811778e-02 7.718148938317352659e-02 8.028590950016811778e-02 1.848990000000000355e-01 7.730865128980658751e-02 7.718148938317352659e-02 7.730865128980658751e-02 2.220910000000000106e-01
1.562189999999999968e-01 8.629671060645972835e-02 7.876505275281946161e-02 8.629671060645972835e-02 1.848990000000000355e-01 8.697657644695123980e-02 7.876505275281946161e-02 8.697657644695123980e-02 2.220910000000000106e-01
1.562189999999999968e-01 9.540609800388664963e-02 8.985291686118071497e-02 9.540609800388664963e-02 1.848990000000000355e-01 9.290631162803188181e-02 8.985291686118071497e-02 9.290631162803188181e-02 2.220910000000000106e-01
1.562189999999999968e-01 1.099642050560223766e-01 9.419812534215428468e-02 1.099642050560223766e-01 1.848990000000000355e-01 9.727372525190478014e-02 9.419812534215428468e-02 9.727372525190478014e-02 2.220910000000000106e-01
1.562189999999999968e-01 1.174636513565852497e-01 1.037401665546940494e-01 1.174636513565852497e-01 1.848990000000000355e-01 1.057686795170353355e-01 1.037401665546940494e-01 1.057686795170353355e-01 2.220910000000000106e-01
1.562189999999999968e-01 1.219146074907224708e-01 1.098525318335776962e-01 1.219146074907224708e-01 1.848990000000000355e-01 1.156558967506284702e-01 1.098525318335776962e-01 1.156558967506284702e-01 2.220910000000000106e-01
1.562189999999999968e-01 1.300858345675631467e-01 1.178974217336964669e-01 1.300858345675631467e-01 1.848990000000000355e-01 1.255900087031702195e-01 1.178974217336964669e-01 1.255900087031702195e-01 2.220910000000000106e-01
1.562189999999999968e-01 1.364749164070549470e-01 1.307574656835492344e-01 1.364749164070549470e-01 1.848990000000000355e-01 1.340702389132934769e-01 1.307574656835492344e-01 1.340702389132934769e-01 2.220910000000000106e-01
1.562189999999999968e-01 1.453607011952752770e-01 1.354268315254567034e-01 1.453607011952752770e-01 1.848990000000000355e-01 1.396621399257603202e-01 1.354268315254567034e-01 1.396621399257603202e-01 2.220910000000000106e-01
1.562189999999999968e-01 1.547703189897307319e-01 1.402923974051651645e-01 1.547703189897307319e-01 1.848990000000000355e-01 1.475922753776774121e-01 1.402923974051651645e-01 1.475922753776774121e-01 2.220910000000000106e-01
1.562189999999999968e-01 1.612410000000000232e-01 1.470269999999999910e-01 1.612410000000000232e-01 1.848990000000000355e-01 1.506530000000000091e-01 1.470269999999999910e-01 1.506530000000000091e-01 2.220910000000000106e-01
c: 
1.403000000000000025e+00
1.020000000000000018e+00
1.979999999999999982e+00
