CDF: 
2.200000000000000011e-01 2.700000000000000178e-01 8.100000000000000533e-01 1.000000000000000000e+00
4.099999999999999756e-01 4.299999999999999933e-01 7.600000000000000089e-01 1.000000000000000000e+00
2.500000000000000000e-01 5.600000000000000533e-01 9.399999999999999467e-01 1.000000000000000000e+00
sigma: 
1.116510000000000141e-01 2.427770456304586232e-03 6.735040218383388710e-04 2.427770456304585798e-03 1.536190000000000055e-01 1.905423351775201472e-03 6.735040218383388710e-04 1.905423351775201472e-03 5.527499999999999081e-02
1.116510000000000141e-01 7.077121878976817132e-03 5.925758783292133132e-03 7.077121878976816265e-03 1.536190000000000055e-01 6.839640480131097336e-03 5.925758783292133132e-03 6.839640480131097336e-03 5.527499999999999081e-02
1.116510000000000141e-01 1.258927040395037625e-02 6.730995520259046815e-03 1.258927040395037451e-02 1.536190000000000055e-01 7.455284968637826588e-03 6.730995520259046815e-03 7.455284968637826588e-03 5.527499999999999081e-02
1.116510000000000141e-01 2.355994113258055161e-02 1.071199632547032918e-02 2.355994113258054815e-02 1.536190000000000055e-01 1.088709308132858149e-02 1.071199632547032918e-02 1.088709308132858149e-02 5.527499999999999081e-02
1.116510000000000141e-01 2.406491646458285005e-02 1.296206038313215889e-02 2.406491646458285005e-02 1.536190000000000055e-01 1.430882498557503602e-02 1.296206038313215889e-02 1.430882498557503602e-02 5.527499999999999081e-02
1.116510000000000141e-01 3.512338421921749887e-02 1.770607476261890773e-02 3.512338421921749887e-02 1.536190000000000055e-01 1.989061545424056221e-02 1.770607476261890773e-02 1.989061545424056221e-02 5.527499999999999081e-02
1.116510000000000141e-01 3.786542375198693328e-02 1.853793201165544399e-02 3.786542375198692634e-02 1.536190000000000055e-01 2.117001317616811970e-02 1.853793201165544399e-02 2.117001317616811970e-02 5.527499999999999081e-02
1.116510000000000141e-01 4.661350286012714422e-02 2.399589603051894768e-02 4.661350286012714422e-02 1.536190000000000055e-01 2.625532744831017909e-02 2.399589603051894768e-02 2.625532744831017909e-02 5.527499999999999081e-02
1.116510000000000141e-01 5.320319877066051473e-02 2.434168938909999497e-02 5.320319877066050779e-02 1.536190000000000055e-01 2.850491780403737949e-02 2.434168938909999497e-02 2.850491780403737949e-02 5.527499999999999081e-02
1.116510000000000141e-01 5.619186334410492673e-02 2.966232455041431862e-02 5.619186334410491979e-02 1.536190000000000055e-01 3.244207224695337677e-02 2.966232455041431862e-02 3.244207224695337677e-02 5.527499999999999081e-02
1.116510000000000141e-01 6.269102147599288355e-02 3.140043005033425066e-02 6.269102147599288355e-02 1.536190000000000055e-01 3.712083460181667821e-02 3.140043005033425066e-02 3.712083460181667821e-02 5.527499999999999081e-02
1.116510000000000141e-01 6.662600960152423313e-02 3.428978901873727669e-02 6.662600960152421925e-02 1.536190000000000055e-01 3.920330934049231358e-02 3.428978901873727669e-02 3.920330934049231358e-02 5.527499999999999081e-02
1.116510000000000141e-01 7.447329465035300300e-02 3.647624271069950519e-02 7.447329465035300300e-02 1.536190000000000055e-01 4.337341653128352903e-02 3.647624271069950519e-02 4.337341653128352903e-02 5.527499999999999081e-02
1.116510000000000141e-01 7.990002584663996599e-02 4.061128659686285419e-02 7.990002584663995211e-02 1.536190000000000055e-01 4.790527169578030070e-02 4.061128659686285419e-02 4.790527169578030070e-02 5.527499999999999081e-02
1.116510000000000141e-01 8.659841907313384213e-02 4.442027765370954590e-02 8.659841907313384213e-02 1.536190000000000055e-01 5.043923929441235937e-02 4.442027765370954590e-02 5.043923929441235937e-02 5.527499999999999081e-02
1.116510000000000141e-01 9.360152197594383272e-02 4.812060792862736525e-02 9.360152197594381884e-02 1.536190000000000055e-01 5.532686678778661604e-02 4.812060792862736525e-02 5.532686678778661604e-02 5.527499999999999081e-02
1.116510000000000141e-01 1.007861539304095999e-01 4.909294621164924516e-02 1.007861539304095860e-01 1.536190000000000055e-01 5.738143313245896993e-02 4.909294621164924516e-02 5.738143313245896993e-02 5.527499999999999081e-02
1.116510000000000141e-01 1.053077514523732272e-01 5.305796682820754229e-02 1.053077514523732133e-01 1.536190000000000055e-01 6.026939896914260131e-02 5.305796682820754229e-02 6.026939896914260131e-02 5.527499999999999081e-02
1.116510000000000141e-01 1.117812888322482212e-01 5.455105285311462326e-02 1.117812888322482073e-01 1.536190000000000055e-01 6.456810644076792227e-02 5.455105285311462326e-02 6.456810644076792227e-02 5.527499999999999081e-02
1.116510000000000141e-01 1.135630000000000250e-01 5.721500000000000197e-02 1.135630000000000112e-01 1.536190000000000055e-01 6.619500000000000384e-02 5.721500000000000197e-02 6.619500000000000384e-02 5.527499999999999081e-02
c: 
2.681000000000000050e+00
1.407000000000000028e+00
2.782999999999999918e+00
