CDF: 
1.100000000000000006e-01 5.600000000000000533e-01 6.899999999999999467e-01 1.000000000000000000e+00
3.200000000000000067e-01 4.199999999999999845e-01 4.799999999999999822e-01 1.000000000000000000e+00
2.399999999999999911e-01 2.800000000000000266e-01 5.100000000000000089e-01 1.000000000000000000e+00
sigma: 
1.444959999999999856e-01 5.267302474640257401e-03 6.504259611192557584e-03 5.267302474640257401e-03 2.155040000000000289e-01 3.703537969644063194e-03 6.504259611192557584e-03 3.703537969644063194e-03 1.803000000000000158e-01
1.444959999999999856e-01 1.345941575060977634e-02 1.195997586277016897e-02 1.345941575060977634e-02 2.155040000000000289e-01 1.067638240591326990e-02 1.195997586277016897e-02 1.067638240591326990e-02 1.803000000000000158e-01
1.444959999999999856e-01 1.550777228244371204e-02 1.692665244846357914e-02 1.550777228244371204e-02 2.155040000000000289e-01 2.320803867133557769e-02 1.692665244846357914e-02 2.320803867133557769e-02 1.803000000000000158e-01
1.444959999999999856e-01 2.418025954818029538e-02 2.470720237996709701e-02 2.418025954818029538e-02 2.155040000000000289e-01 3.375341352184441784e-02 2.470720237996709701e-02 3.375341352184441784e-02 1.803000000000000158e-01
1.444959999999999856e-01 3.198420415778234493e-02 3.094695724051578847e-02 3.198420415778234493e-02 2.155040000000000289e-01 4.609704609666715608e-02 3.094695724051578847e-02 4.609704609666715608e-02 1.803000000000000158e-01
1.444959999999999856e-01 3.666000198286743783e-02 3.915243874609052044e-02 3.666000198286743783e-02 2.155040000000000289e-01 5.319282660748646252e-02 3.915243874609052044e-02 5.319282660748646252e-02 1.803000000000000158e-01
1.444959999999999856e-01 4.311016036524196321e-02 4.421334618075387080e-02 4.311016036524196321e-02 2.155040000000000289e-01 6.368627384678571257e-02 4.421334618075387080e-02 6.368627384678571257e-02 1.803000000000000158e-01
1.444959999999999856e-01 5.137156928439611664e-02 5.058934869648696458e-02 5.137156928439611664e-02 2.155040000000000289e-01 7.535304142234394709e-02 5.058934869648696458e-02 7.535304142234394709e-02 1.803000000000000158e-01
1.444959999999999856e-01 5.740842606922804542e-02 5.837357732937199090e-02 5.740842606922804542e-02 2.155040000000000289e-01 8.369060051232614372e-02 5.837357732937199090e-02 8.369060051232614372e-02 1.803000000000000158e-01
1.444959999999999856e-01 6.914008034468102637e-02 6.434166979354455362e-02 6.914008034468102637e-02 2.155040000000000289e-01 9.697941074450941445e-02 6.434166979354455362e-02 9.697941074450941445e-02 1.803000000000000158e-01
1.444959999999999856e-01 7.045814503315879496e-02 7.120609032943114869e-02 7.045814503315879496e-02 2.155040000000000289e-01 1.007307855776035099e-01 7.120609032943114869e-02 1.007307855776035099e-01 1.803000000000000158e-01
1.444959999999999856e-01 7.769302414119312605e-02 7.708892035254230612e-02 7.769302414119312605e-02 2.155040000000000289e-01 1.150811477952862621e-01 7.708892035254230612e-02 1.150811477952862621e-01 1.803000000000000158e-01
1.444959999999999856e-01 8.923060344693707624e-02 8.337541788698064893e-02 8.923060344693707624e-02 2.155040000000000289e-01 1.203793306423055209e-01 8.337541788698064893e-02 1.203793306423055209e-01 1.803000000000000158e-01
1.444959999999999856e-01 9.251819796327767631e-02 8.614070986755968662e-02 9.251819796327767631e-02 2.155040000000000289e-01 1.328445109828683690e-01 8.614070986755968662e-02 1.328445109828683690e-01 1.803000000000000158e-01
1.444959999999999856e-01 9.940897940266378574e-02 9.855140943321576141e-02 9.940897940266378574e-02 2.155040000000000289e-01 1.436197528614146512e-01 9.855140943321576141e-02 1.436197528614146512e-01 1.803000000000000158e-01
1.444959999999999856e-01 1.099891580594161006e-01 1.005477658394563906e-01 1.099891580594161006e-01 2.155040000000000289e-01 1.524572421634050323e-01 1.005477658394563906e-01 1.524572421634050323e-01 1.803000000000000158e-01
1.444959999999999856e-01 1.148291737908337523e-01 1.113807856592308743e-01 1.148291737908337523e-01 2.155040000000000289e-01 1.655798606565125064e-01 1.113807856592308743e-01 1.655798606565125064e-01 1.803000000000000158e-01
1.444959999999999856e-01 1.188754303873726936e-01 1.141886363492382039e-01 1.188754303873726936e-01 2.155040000000000289e-01 1.722428378346074207e-01 1.141886363492382039e-01 1.722428378346074207e-01 1.803000000000000158e-01
1.444959999999999856e-01 1.257897255430115435e-01 1.244443868080806065e-01 1.257897255430115435e-01 2.155040000000000289e-01 1.814688853681919178e-01 1.244443868080806065e-01 1.814688853681919178e-01 1.803000000000000158e-01
1.444959999999999856e-01 1.318719999999999892e-01 1.253199999999999870e-01 1.318719999999999892e-01 2.155040000000000289e-01 1.868400000000000061e-01 1.253199999999999870e-01 1.868400000000000061e-01 1.803000000000000158e-01
c: 
2.907999999999999918e+00
1.346999999999999975e+00
1.304000000000000048e+00
