CDF: 
4.699999999999999734e-01 5.500000000000000444e-01 9.100000000000000311e-01 1.000000000000000000e+00
2.399999999999999911e-01 5.000000000000000000e-01 9.399999999999999467e-01 1.000000000000000000e+00
5.200000000000000178e-01 9.000000000000000222e-01 9.200000000000000400e-01 1.000000000000000000e+00
sigma: 
8.076400000000000245e-02 6.444079933221610141e-04 1.569321813341609652e-04 6.444079933221610141e-04 5.467600000000000238e-02 2.361498126697806829e-03 1.569321813341609652e-04 2.361498126697806829e-03 7.022399999999999476e-02
8.076400000000000245e-02 3.282249951050020959e-03 6.844279461906414147e-03 3.282249951050020959e-03 5.467600000000000238e-02 5.340602674781032115e-03 6.844279461906414147e-03 5.340602674781032115e-03 7.022399999999999476e-02
8.076400000000000245e-02 6.659636991264996329e-03 7.829944039930022970e-03 6.659636991264996329e-03 5.467600000000000238e-02 7.940165562973189664e-03 7.829944039930022970e-03 7.940165562973189664e-03 7.022399999999999476e-02
8.076400000000000245e-02 1.006649176160873821e-02 1.446313094779106724e-02 1.006649176160873821e-02 5.467600000000000238e-02 9.268751608862750568e-03 1.446313094779106724e-02 9.268751608862750568e-03 7.022399999999999476e-02
8.076400000000000245e-02 1.265124752752448505e-02 1.811817212872242344e-02 1.265124752752448505e-02 5.467600000000000238e-02 1.137958240902523996e-02 1.811817212872242344e-02 1.137958240902523996e-02 7.022399999999999476e-02
8.076400000000000245e-02 1.699062866345173867e-02 1.923608940727939906e-02 1.699062866345173867e-02 5.467600000000000238e-02 1.499277586659706306e-02 1.923608940727939906e-02 1.499277586659706306e-02 7.022399999999999476e-02
8.076400000000000245e-02 2.053565438308904006e-02 2.256714494948816943e-02 2.053565438308904006e-02 5.467600000000000238e-02 1.695155856012104875e-02 2.256714494948816943e-02 1.695155856012104875e-02 7.022399999999999476e-02
8.076400000000000245e-02 2.379813283394426049e-02 2.579877068772440385e-02 2.379813283394426049e-02 5.467600000000000238e-02 2.122482367347729160e-02 2.579877068772440385e-02 2.122482367347729160e-02 7.022399999999999476e-02
8.076400000000000245e-02 2.604611068863035839e-02 3.099467863920199809e-02 2.604611068863035839e-02 5.467600000000000238e-02 2.281408492704156341e-02 3.099467863920199809e-02 2.281408492704156341e-02 7.022399999999999476e-02
8.076400000000000245e-02 2.959683169440906550e-02 3.509264432057848659e-02 2.959683169440906550e-02 5.467600000000000238e-02 2.614885629552564719e-02 3.509264432057848659e-02 2.614885629552564719e-02 7.022399999999999476e-02
8.076400000000000245e-02 3.071698953498084791e-02 3.735773028956191483e-02 3.071698953498084791e-02 5.467600000000000238e-02 2.786460937134383614e-02 3.735773028956191483e-02 2.786460937134383614e-02 7.022399999999999476e-02
8.076400000000000245e-02 3.391775603897288771e-02 4.019932312562447818e-02 3.391775603897288771e-02 5.467600000000000238e-02 3.074722724043942729e-02 4.019932312562447818e-02 3.074722724043942729e-02 7.022399999999999476e-02
8.076400000000000245e-02 3.711655954183101097e-02 4.414501874022503519e-02 3.711655954183101097e-02 5.467600000000000238e-02 3.376112533140524646e-02 4.414501874022503519e-02 3.376112533140524646e-02 7.022399999999999476e-02
8.076400000000000245e-02 4.069858254287208460e-02 4.857096972378425331e-02 4.069858254287208460e-02 5.467600000000000238e-02 3.586517011749282280e-02 4.857096972378425331e-02 3.586517011749282280e-02 7.022399999999999476e-02
8.076400000000000245e-02 4.305387815794833872e-02 5.173995716462326949e-02 4.305387815794833872e-02 5.467600000000000238e-02 3.897794051414849720e-02 5.173995716462326949e-02 3.897794051414849720e-02 7.022399999999999476e-02
8.076400000000000245e-02 4.901010814476618183e-02 5.802134693947458288e-02 4.901010814476618183e-02 5.467600000000000238e-02 4.254041495992607474e-02 5.802134693947458288e-02 4.254041495992607474e-02 7.022399999999999476e-02
8.076400000000000245e-02 5.047377819102705221e-02 6.079165078750929652e-02 5.047377819102705221e-02 5.467600000000000238e-02 4.405328839218403819e-02 6.079165078750929652e-02 4.405328839218403819e-02 7.022399999999999476e-02
8.076400000000000245e-02 5.239914393666828679e-02 6.296612959450947899e-02 5.239914393666828679e-02 5.467600000000000238e-02 4.699525722326438476e-02 6.296612959450947899e-02 4.699525722326438476e-02 7.022399999999999476e-02
8.076400000000000245e-02 5.809548724357790211e-02 6.859046627522748241e-02 5.809548724357790211e-02 5.467600000000000238e-02 4.952834650979416609e-02 6.859046627522748241e-02 4.952834650979416609e-02 7.022399999999999476e-02
8.076400000000000245e-02 5.829199999999999660e-02 6.915599999999999525e-02 5.829199999999999660e-02 5.467600000000000238e-02 5.216799999999999909e-02 6.915599999999999525e-02 5.216799999999999909e-02 7.022399999999999476e-02
c: 
1.592999999999999972e+00
1.094999999999999973e+00
2.596000000000000085e+00
