CDF: 
1.400000000000000133e-01 2.000000000000000111e-01 4.099999999999999756e-01 1.000000000000000000e+00
1.900000000000000022e-01 6.300000000000000044e-01 6.999999999999999556e-01 1.000000000000000000e+00
3.499999999999999778e-01 4.400000000000000022e-01 6.899999999999999467e-01 1.000000000000000000e+00
sigma: 
1.752190000000000136e-01 2.738050884411422688e-03 6.463090626505642831e-03 2.738050884411422688e-03 1.774749999999999939e-01 2.974750893656030216e-03 6.463090626505642831e-03 2.974750893656030216e-03 1.781639999999999890e-01
1.752190000000000136e-01 9.574112559664206545e-03 1.206829144106567192e-02 9.574112559664206545e-03 1.774749999999999939e-01 1.183041259542689377e-02 1.206829144106567192e-02 1.183041259542689377e-02 1.781639999999999890e-01
1.752190000000000136e-01 1.461182412382107561e-02 1.818414716465614062e-02 1.461182412382107561e-02 1.774749999999999939e-01 1.971666373696487340e-02 1.818414716465614062e-02 1.971666373696487340e-02 1.781639999999999890e-01
1.752190000000000136e-01 2.210524908227773019e-02 2.078789368307827970e-02 2.210524908227773019e-02 1.774749999999999939e-01 3.353382547073510689e-02 2.078789368307827970e-02 3.353382547073510689e-02 1.781639999999999890e-01
1.752190000000000136e-01 2.822075527826937297e-02 2.898036478981281736e-02 2.822075527826937297e-02 1.774749999999999939e-01 4.317953953582068238e-02 2.898036478981281736e-02 4.317953953582068238e-02 1.781639999999999890e-01
1.752190000000000136e-01 3.389623308934037321e-02 3.674216297599092185e-02 3.389623308934037321e-02 1.774749999999999939e-01 5.243200910821050470e-02 3.674216297599092185e-02 5.243200910821050470e-02 1.781639999999999890e-01
1.752190000000000136e-01 3.950204613271149356e-02 4.741021606510342767e-02 3.950204613271149356e-02 1.774749999999999939e-01 5.638057231569200412e-02 4.741021606510342767e-02 5.638057231569200412e-02 1.781639999999999890e-01
1.752190000000000136e-01 4.502362431424444811e-02 5.103041349454975201e-02 4.502362431424444811e-02 1.774749999999999939e-01 6.889795548009693127e-02 5.103041349454975201e-02 6.889795548009693127e-02 1.781639999999999890e-01
1.752190000000000136e-01 4.772072653516136465e-02 5.997636634975912762e-02 4.772072653516136465e-02 1.774749999999999939e-01 7.424668717919034877e-02 5.997636634975912762e-02 7.424668717919034877e-02 1.781639999999999890e-01
1.752190000000000136e-01 5.293582571145023091e-02 6.680603164140468120e-02 5.293582571145023091e-02 1.774749999999999939e-01 8.709006711494335362e-02 6.680603164140468120e-02 8.709006711494335362e-02 1.781639999999999890e-01
1.752190000000000136e-01 6.180418858831844553e-02 7.408325675606119987e-02 6.180418858831844553e-02 1.774749999999999939e-01 9.705793395305610527e-02 7.408325675606119987e-02 9.705793395305610527e-02 1.781639999999999890e-01
1.752190000000000136e-01 6.579120632417469194e-02 8.202603796747522102e-02 6.579120632417469194e-02 1.774749999999999939e-01 1.010530524866291163e-01 8.202603796747522102e-02 1.010530524866291163e-01 1.781639999999999890e-01
1.752190000000000136e-01 7.038873915336679721e-02 8.791016462015473210e-02 7.038873915336679721e-02 1.774749999999999939e-01 1.104598754995911591e-01 8.791016462015473210e-02 1.104598754995911591e-01 1.781639999999999890e-01
1.752190000000000136e-01 7.832063970155032917e-02 9.007165652283359580e-02 7.832063970155032917e-02 1.774749999999999939e-01 1.250933688461965676e-01 9.007165652283359580e-02 1.250933688461965676e-01 1.781639999999999890e-01
1.752190000000000136e-01 8.249428955779872230e-02 9.760475426608695992e-02 8.249428955779872230e-02 1.774749999999999939e-01 1.261686168066504798e-01 9.760475426608695992e-02 1.261686168066504798e-01 1.781639999999999890e-01
1.752190000000000136e-01 8.937894719002152655e-02 1.039609444699914897e-01 8.937894719002152655e-02 1.774749999999999939e-01 1.406841026250325311e-01 1.039609444699914897e-01 1.406841026250325311e-01 1.781639999999999890e-01
1.752190000000000136e-01 9.687122585376228834e-02 1.098309341293689650e-01 9.687122585376228834e-02 1.774749999999999939e-01 1.462776504815462841e-01 1.098309341293689650e-01 1.462776504815462841e-01 1.781639999999999890e-01
1.752190000000000136e-01 1.014756523054733961e-01 1.210245953835009797e-01 1.014756523054733961e-01 1.774749999999999939e-01 1.587636476058393031e-01 1.210245953835009797e-01 1.587636476058393031e-01 1.781639999999999890e-01
1.752190000000000136e-01 1.054918935929999857e-01 1.258422105924290324e-01 1.054918935929999857e-01 1.774749999999999939e-01 1.628693480532064919e-01 1.258422105924290324e-01 1.628693480532064919e-01 1.781639999999999890e-01
1.752190000000000136e-01 1.088650000000000034e-01 1.301539999999999919e-01 1.088650000000000034e-01 1.774749999999999939e-01 1.711900000000000088e-01 1.301539999999999919e-01 1.711900000000000088e-01 1.781639999999999890e-01
c: 
2.540000000000000036e+00
1.639000000000000012e+00
1.137999999999999901e+00
