CDF: 
1.000000000000000056e-01 4.000000000000000222e-01 4.299999999999999933e-01 1.000000000000000000e+00
1.199999999999999956e-01 2.300000000000000100e-01 5.699999999999999512e-01 1.000000000000000000e+00
3.499999999999999778e-01 3.599999999999999867e-01 7.199999999999999734e-01 1.000000000000000000e+00
sigma: 
2.048190000000000288e-01 1.711413067011619731e-03 5.304975392555513238e-03 1.711413067011619731e-03 1.668510000000000271e-01 3.786596216443508986e-04 5.304975392555513238e-03 3.786596216443508986e-04 1.611790000000000167e-01
2.048190000000000288e-01 8.336625209670791431e-03 1.382289136771698047e-02 8.336625209670791431e-03 1.668510000000000271e-01 1.247944806995463299e-02 1.382289136771698047e-02 1.247944806995463299e-02 1.611790000000000167e-01
2.048190000000000288e-01 1.665522216762780477e-02 1.992650087081464585e-02 1.665522216762780477e-02 1.668510000000000271e-01 1.478815089843288529e-02 1.992650087081464585e-02 1.478815089843288529e-02 1.611790000000000167e-01
2.048190000000000288e-01 2.807482768514609622e-02 2.485277663499857806e-02 2.807482768514609622e-02 1.668510000000000271e-01 2.695705625173588221e-02 2.485277663499857806e-02 2.695705625173588221e-02 1.611790000000000167e-01
2.048190000000000288e-01 3.490423086949448472e-02 2.944733996453103436e-02 3.490423086949448472e-02 1.668510000000000271e-01 2.815285894555416210e-02 2.944733996453103436e-02 2.815285894555416210e-02 1.611790000000000167e-01
2.048190000000000288e-01 4.485119674885450908e-02 4.043595236409897736e-02 4.485119674885450908e-02 1.668510000000000271e-01 4.066069065913567593e-02 4.043595236409897736e-02 4.066069065913567593e-02 1.611790000000000167e-01
2.048190000000000288e-01 5.380381148747403336e-02 4.670876572540780952e-02 5.380381148747403336e-02 1.668510000000000271e-01 4.446714270065317554e-02 4.670876572540780952e-02 4.446714270065317554e-02 1.611790000000000167e-01
2.048190000000000288e-01 6.162586544821479356e-02 5.528157387540847539e-02 6.162586544821479356e-02 1.668510000000000271e-01 5.458291885020102180e-02 5.528157387540847539e-02 5.458291885020102180e-02 1.611790000000000167e-01
2.048190000000000288e-01 6.533218325734563292e-02 5.750607605010168294e-02 6.533218325734563292e-02 1.668510000000000271e-01 6.151832428270404690e-02 5.750607605010168294e-02 6.151832428270404690e-02 1.611790000000000167e-01
2.048190000000000288e-01 7.816693366345152383e-02 6.804847198468393088e-02 7.816693366345152383e-02 1.668510000000000271e-01 6.510350816145228647e-02 6.804847198468393088e-02 6.510350816145228647e-02 1.611790000000000167e-01
2.048190000000000288e-01 8.100589016828041444e-02 7.382176490949197978e-02 8.100589016828041444e-02 1.668510000000000271e-01 7.268955174934801922e-02 7.382176490949197978e-02 7.268955174934801922e-02 1.611790000000000167e-01
2.048190000000000288e-01 8.932167714824795768e-02 7.935128810782690612e-02 8.932167714824795768e-02 1.668510000000000271e-01 7.985449622675584724e-02 7.935128810782690612e-02 7.985449622675584724e-02 1.611790000000000167e-01
2.048190000000000288e-01 9.916995389809345196e-02 8.533304344178160861e-02 9.916995389809345196e-02 1.668510000000000271e-01 8.723612567126375061e-02 8.533304344178160861e-02 8.723612567126375061e-02 1.611790000000000167e-01
2.048190000000000288e-01 1.032073193556552332e-01 9.584340955756352753e-02 1.032073193556552332e-01 1.668510000000000271e-01 9.416813340246371622e-02 9.584340955756352753e-02 9.416813340246371622e-02 1.611790000000000167e-01
2.048190000000000288e-01 1.156066995374080558e-01 1.054179686089364437e-01 1.156066995374080558e-01 1.668510000000000271e-01 1.003156523632863367e-01 1.054179686089364437e-01 1.003156523632863367e-01 1.611790000000000167e-01
2.048190000000000288e-01 1.250673056230461599e-01 1.070895034300245185e-01 1.250673056230461599e-01 1.668510000000000271e-01 1.074184483025269615e-01 1.070895034300245185e-01 1.074184483025269615e-01 1.611790000000000167e-01
2.048190000000000288e-01 1.343578492997762330e-01 1.150827944051999591e-01 1.343578492997762330e-01 1.668510000000000271e-01 1.146987200528911538e-01 1.150827944051999591e-01 1.146987200528911538e-01 1.611790000000000167e-01
2.048190000000000288e-01 1.401358941872665187e-01 1.227519549112225383e-01 1.401358941872665187e-01 1.668510000000000271e-01 1.196237406111778784e-01 1.227519549112225383e-01 1.196237406111778784e-01 1.611790000000000167e-01
2.048190000000000288e-01 1.425400893518994905e-01 1.277184460356527718e-01 1.425400893518994905e-01 1.668510000000000271e-01 1.313609128324274844e-01 1.277184460356527718e-01 1.313609128324274844e-01 1.611790000000000167e-01
2.048190000000000288e-01 1.502130000000000132e-01 1.340990000000000237e-01 1.502130000000000132e-01 1.668510000000000271e-01 1.329730000000000079e-01 1.340990000000000237e-01 1.329730000000000079e-01 1.611790000000000167e-01
c: 
2.811999999999999833e+00
1.391000000000000014e+00
1.673999999999999932e+00
