CDF: 
2.399999999999999911e-01 2.700000000000000178e-01 3.599999999999999867e-01 1.000000000000000000e+00
4.099999999999999756e-01 8.499999999999999778e-01 9.100000000000000311e-01 1.000000000000000000e+00
3.900000000000000133e-01 4.500000000000000111e-01 7.600000000000000089e-01 1.000000000000000000e+00
sigma: 
1.904760000000000064e-01 2.925362615447257755e-03 3.468981262047874606e-03 2.925362615447257755e-03 7.639599999999999169e-02 2.613704019438985691e-03 3.468981262047874606e-03 2.613704019438985691e-03 1.506240000000000079e-01
1.904760000000000064e-01 4.907998842998113377e-03 9.411048222803119687e-03 4.907998842998113377e-03 7.639599999999999169e-02 5.483948459431144812e-03 9.411048222803119687e-03 5.483948459431144812e-03 1.506240000000000079e-01
1.904760000000000064e-01 8.791870681900812098e-03 1.783250244669951079e-02 8.791870681900812098e-03 7.639599999999999169e-02 1.072695109882173224e-02 1.783250244669951079e-02 1.072695109882173224e-02 1.506240000000000079e-01
1.904760000000000064e-01 1.333195482957549687e-02 2.259738277273685286e-02 1.333195482957549687e-02 7.639599999999999169e-02 1.719893706909727746e-02 2.259738277273685286e-02 1.719893706909727746e-02 1.506240000000000079e-01
1.904760000000000064e-01 1.396038144485612677e-02 2.687049820602512712e-02 1.396038144485612677e-02 7.639599999999999169e-02 1.819191169356326049e-02 2.687049820602512712e-02 1.819191169356326049e-02 1.506240000000000079e-01
1.904760000000000064e-01 1.982274244497186227e-02 3.299256660479035763e-02 1.982274244497186227e-02 7.639599999999999169e-02 2.288977853284186043e-02 3.299256660479035763e-02 2.288977853284186043e-02 1.506240000000000079e-01
1.904760000000000064e-01 2.356945345820079044e-02 4.360983289652375916e-02 2.356945345820079044e-02 7.639599999999999169e-02 2.608111497891863612e-02 4.360983289652375916e-02 2.608111497891863612e-02 1.506240000000000079e-01
1.904760000000000064e-01 2.654394446236534727e-02 4.848022494258513726e-02 2.654394446236534727e-02 7.639599999999999169e-02 3.217827879223710691e-02 4.848022494258513726e-02 3.217827879223710691e-02 1.506240000000000079e-01
1.904760000000000064e-01 2.907161016974909445e-02 5.429175074423425729e-02 2.907161016974909445e-02 7.639599999999999169e-02 3.652149206846200258e-02 5.429175074423425729e-02 3.652149206846200258e-02 1.506240000000000079e-01
1.904760000000000064e-01 3.351595171596544187e-02 5.989400095751922642e-02 3.351595171596544187e-02 7.639599999999999169e-02 3.947511859048483118e-02 5.989400095751922642e-02 3.947511859048483118e-02 1.506240000000000079e-01
1.904760000000000064e-01 3.527359154205877978e-02 6.481383256560122041e-02 3.527359154205877978e-02 7.639599999999999169e-02 4.369838432997994598e-02 6.481383256560122041e-02 4.369838432997994598e-02 1.506240000000000079e-01
1.904760000000000064e-01 3.940308970842424513e-02 7.491444705737751453e-02 3.940308970842424513e-02 7.639599999999999169e-02 4.890130296760367146e-02 7.491444705737751453e-02 4.890130296760367146e-02 1.506240000000000079e-01
1.904760000000000064e-01 4.214090090941137456e-02 7.616893724389063591e-02 4.214090090941137456e-02 7.639599999999999169e-02 5.213735258048245169e-02 7.616893724389063591e-02 5.213735258048245169e-02 1.506240000000000079e-01
1.904760000000000064e-01 4.473149332381453486e-02 8.490357248813969193e-02 4.473149332381453486e-02 7.639599999999999169e-02 5.951904531107741342e-02 8.490357248813969193e-02 5.951904531107741342e-02 1.506240000000000079e-01
1.904760000000000064e-01 4.851095086823035279e-02 9.353127963807313094e-02 4.851095086823035279e-02 7.639599999999999169e-02 6.473796151411974342e-02 9.353127963807313094e-02 6.473796151411974342e-02 1.506240000000000079e-01
1.904760000000000064e-01 5.402667408634675289e-02 9.651073475461495466e-02 5.402667408634675289e-02 7.639599999999999169e-02 6.658676603187055343e-02 9.651073475461495466e-02 6.658676603187055343e-02 1.506240000000000079e-01
1.904760000000000064e-01 5.622625322925519503e-02 1.056218821821234138e-01 5.622625322925519503e-02 7.639599999999999169e-02 6.997716478028927212e-02 1.056218821821234138e-01 6.997716478028927212e-02 1.506240000000000079e-01
1.904760000000000064e-01 5.793551633918707366e-02 1.094695504765101357e-01 5.793551633918707366e-02 7.639599999999999169e-02 7.745527496768149500e-02 1.094695504765101357e-01 7.745527496768149500e-02 1.506240000000000079e-01
1.904760000000000064e-01 6.275649512882723602e-02 1.185727267065308094e-01 6.275649512882723602e-02 7.639599999999999169e-02 8.110862451906725168e-02 1.185727267065308094e-01 8.110862451906725168e-02 1.506240000000000079e-01
1.904760000000000064e-01 6.423600000000000143e-02 1.195680000000000076e-01 6.423600000000000143e-02 7.639599999999999169e-02 8.244799999999999351e-02 1.195680000000000076e-01 8.244799999999999351e-02 1.506240000000000079e-01
c: 
2.327999999999999847e+00
1.078999999999999959e+00
1.830000000000000071e+00
