CDF: 
2.399999999999999911e-01 4.600000000000000200e-01 5.000000000000000000e-01 1.000000000000000000e+00
2.899999999999999800e-01 3.800000000000000044e-01 5.799999999999999600e-01 1.000000000000000000e+00
1.900000000000000022e-01 2.500000000000000000e-01 8.399999999999999689e-01 1.000000000000000000e+00
sigma: 
2.206440000000000068e-01 3.302072562657318820e-03 3.768437907988946099e-03 3.302072562657318820e-03 1.997789999999999844e-01 4.777698300642363796e-03 3.768437907988946099e-03 4.777698300642363796e-03 9.605099999999999749e-02
2.206440000000000068e-01 1.598585861430967814e-02 5.283444503740848501e-03 1.598585861430967814e-02 1.997789999999999844e-01 4.964627524567320239e-03 5.283444503740848501e-03 4.964627524567320239e-03 9.605099999999999749e-02
2.206440000000000068e-01 2.068097487634078940e-02 1.001856910174911929e-02 2.068097487634078940e-02 1.997789999999999844e-01 1.127284326698960344e-02 1.001856910174911929e-02 1.127284326698960344e-02 9.605099999999999749e-02
2.206440000000000068e-01 3.688988136211738406e-02 1.421550622896238653e-02 3.688988136211738406e-02 1.997789999999999844e-01 1.601048191857061889e-02 1.421550622896238653e-02 1.601048191857061889e-02 9.605099999999999749e-02
2.206440000000000068e-01 4.377051808618515061e-02 2.235772321010901648e-02 4.377051808618515061e-02 1.997789999999999844e-01 1.977798205858416133e-02 2.235772321010901648e-02 1.977798205858416133e-02 9.605099999999999749e-02
2.206440000000000068e-01 5.647012276727707281e-02 2.388524870251773277e-02 5.647012276727707281e-02 1.997789999999999844e-01 2.782539375861375203e-02 2.388524870251773277e-02 2.782539375861375203e-02 9.605099999999999749e-02
2.206440000000000068e-01 6.503633647365249237e-02 2.960298672135007469e-02 6.503633647365249237e-02 1.997789999999999844e-01 3.310407576584761119e-02 2.960298672135007469e-02 3.310407576584761119e-02 9.605099999999999749e-02
2.206440000000000068e-01 7.173297546885591680e-02 3.338744993553741103e-02 7.173297546885591680e-02 1.997789999999999844e-01 3.546997348540823630e-02 3.338744993553741103e-02 3.546997348540823630e-02 9.605099999999999749e-02
2.206440000000000068e-01 8.711223438405407693e-02 3.847027135569274642e-02 8.711223438405407693e-02 1.997789999999999844e-01 3.889276042022000307e-02 3.847027135569274642e-02 3.889276042022000307e-02 9.605099999999999749e-02
2.206440000000000068e-01 9.437191688035855008e-02 4.429740126695596442e-02 9.437191688035855008e-02 1.997789999999999844e-01 4.562562753906527352e-02 4.429740126695596442e-02 4.562562753906527352e-02 9.605099999999999749e-02
2.206440000000000068e-01 1.020731955276196340e-01 4.935497751893242607e-02 1.020731955276196340e-01 1.997789999999999844e-01 5.232741953376568445e-02 4.935497751893242607e-02 5.232741953376568445e-02 9.605099999999999749e-02
2.206440000000000068e-01 1.182036138860619034e-01 5.487136512034168634e-02 1.182036138860619034e-01 1.997789999999999844e-01 5.275888815917485763e-02 5.487136512034168634e-02 5.275888815917485763e-02 9.605099999999999749e-02
2.206440000000000068e-01 1.259823006624090080e-01 6.060624965145178927e-02 1.259823006624090080e-01 1.997789999999999844e-01 6.065409713158145810e-02 6.060624965145178927e-02 6.065409713158145810e-02 9.605099999999999749e-02
2.206440000000000068e-01 1.373749209156876205e-01 6.540518454671914728e-02 1.373749209156876205e-01 1.997789999999999844e-01 6.282960926817825198e-02 6.540518454671914728e-02 6.282960926817825198e-02 9.605099999999999749e-02
2.206440000000000068e-01 1.449652366930163916e-01 6.961109616485877671e-02 1.449652366930163916e-01 1.997789999999999844e-01 6.949735147883902286e-02 6.961109616485877671e-02 6.949735147883902286e-02 9.605099999999999749e-02
2.206440000000000068e-01 1.585149320162670405e-01 7.110459560067741713e-02 1.585149320162670405e-01 1.997789999999999844e-01 7.545207781323122476e-02 7.110459560067741713e-02 7.545207781323122476e-02 9.605099999999999749e-02
2.206440000000000068e-01 1.669096700502581410e-01 7.494241315283407812e-02 1.669096700502581410e-01 1.997789999999999844e-01 7.733928543861368077e-02 7.494241315283407812e-02 7.733928543861368077e-02 9.605099999999999749e-02
2.206440000000000068e-01 1.752935200990468900e-01 8.331801134684016508e-02 1.752935200990468900e-01 1.997789999999999844e-01 8.470173979052955660e-02 8.331801134684016508e-02 8.470173979052955660e-02 9.605099999999999749e-02
2.206440000000000068e-01 1.808692213620864686e-01 8.766578081143439061e-02 1.808692213620864686e-01 1.997789999999999844e-01 8.749689270193394819e-02 8.766578081143439061e-02 8.749689270193394819e-02 9.605099999999999749e-02
2.206440000000000068e-01 1.897739999999999982e-01 8.883800000000000030e-02 1.897739999999999982e-01 1.997789999999999844e-01 9.097299999999999831e-02 8.883800000000000030e-02 9.097299999999999831e-02 9.605099999999999749e-02
c: 
1.302999999999999936e+00
1.548999999999999932e+00
2.987000000000000099e+00
