CDF: 
2.500000000000000000e-01 5.799999999999999600e-01 6.899999999999999467e-01 1.000000000000000000e+00
4.000000000000000222e-01 4.299999999999999933e-01 6.199999999999999956e-01 1.000000000000000000e+00
1.199999999999999956e-01 3.499999999999999778e-01 4.199999999999999845e-01 1.000000000000000000e+00
sigma: 
1.644000000000000183e-01 1.463265553032392068e-03 2.295184259534728370e-03 1.463265553032392068e-03 1.981560000000000266e-01 1.186118873183999393e-03 2.295184259534728370e-03 1.186118873183999393e-03 1.726840000000000042e-01
1.644000000000000183e-01 8.608785145459310270e-03 9.424690395249979771e-03 8.608785145459310270e-03 1.981560000000000266e-01 1.646820592977809097e-02 9.424690395249979771e-03 1.646820592977809097e-02 1.726840000000000042e-01
1.644000000000000183e-01 2.041215301524637940e-02 1.294612613775834864e-02 2.041215301524637940e-02 1.981560000000000266e-01 2.115857227630054196e-02 1.294612613775834864e-02 2.115857227630054196e-02 1.726840000000000042e-01
1.644000000000000183e-01 2.992687730864326476e-02 2.392353359580413202e-02 2.992687730864326476e-02 1.981560000000000266e-01 2.604065860712039687e-02 2.392353359580413202e-02 2.604065860712039687e-02 1.726840000000000042e-01
1.644000000000000183e-01 3.531976837874763187e-02 2.579642371430400719e-02 3.531976837874763187e-02 1.981560000000000266e-01 4.024136153006054734e-02 2.579642371430400719e-02 4.024136153006054734e-02 1.726840000000000042e-01
1.644000000000000183e-01 4.855893757380962128e-02 3.738829287887092401e-02 4.855893757380962128e-02 1.981560000000000266e-01 4.491236230097221671e-02 3.738829287887092401e-02 4.491236230097221671e-02 1.726840000000000042e-01
1.644000000000000183e-01 5.966733564109076571e-02 4.287666543310323514e-02 5.966733564109076571e-02 1.981560000000000266e-01 5.486987446162453624e-02 4.287666543310323514e-02 5.486987446162453624e-02 1.726840000000000042e-01
1.644000000000000183e-01 6.169403921135592495e-02 4.574311515147874013e-02 6.169403921135592495e-02 1.981560000000000266e-01 6.230848839325033028e-02 4.574311515147874013e-02 6.230848839325033028e-02 1.726840000000000042e-01
1.644000000000000183e-01 7.315874197428536008e-02 5.534791456999423043e-02 7.315874197428536008e-02 1.981560000000000266e-01 6.860719504129438040e-02 5.534791456999423043e-02 6.860719504129438040e-02 1.726840000000000042e-01
1.644000000000000183e-01 7.880880403481571594e-02 6.002828240169141849e-02 7.880880403481571594e-02 1.981560000000000266e-01 8.252861408082365346e-02 6.002828240169141849e-02 8.252861408082365346e-02 1.726840000000000042e-01
1.644000000000000183e-01 9.411653009956516547e-02 6.401621835092263790e-02 9.411653009956516547e-02 1.981560000000000266e-01 8.626374211074225307e-02 6.401621835092263790e-02 8.626374211074225307e-02 1.726840000000000042e-01
1.644000000000000183e-01 9.723835269328748310e-02 7.182014495979034685e-02 9.723835269328748310e-02 1.981560000000000266e-01 9.238328623136161932e-02 7.182014495979034685e-02 9.238328623136161932e-02 1.726840000000000042e-01
1.644000000000000183e-01 1.050306029645294015e-01 8.238063519872028395e-02 1.050306029645294015e-01 1.981560000000000266e-01 9.983779943456139172e-02 8.238063519872028395e-02 9.983779943456139172e-02 1.726840000000000042e-01
1.644000000000000183e-01 1.141249232405412983e-01 8.321124811776761665e-02 1.141249232405412983e-01 1.981560000000000266e-01 1.126487171110892443e-01 8.321124811776761665e-02 1.126487171110892443e-01 1.726840000000000042e-01
1.644000000000000183e-01 1.282368445452951311e-01 9.271560579367048305e-02 1.282368445452951311e-01 1.981560000000000266e-01 1.221549722706760793e-01 9.271560579367048305e-02 1.221549722706760793e-01 1.726840000000000042e-01
1.644000000000000183e-01 1.310470045780016135e-01 1.013910339559123547e-01 1.310470045780016135e-01 1.981560000000000266e-01 1.296624482269385648e-01 1.013910339559123547e-01 1.296624482269385648e-01 1.726840000000000042e-01
1.644000000000000183e-01 1.442988681857684530e-01 1.044019112421284562e-01 1.442988681857684530e-01 1.981560000000000266e-01 1.351312608067143373e-01 1.044019112421284562e-01 1.351312608067143373e-01 1.726840000000000042e-01
1.644000000000000183e-01 1.516246850343066221e-01 1.130100958472944478e-01 1.516246850343066221e-01 1.981560000000000266e-01 1.472518691294120718e-01 1.130100958472944478e-01 1.472518691294120718e-01 1.726840000000000042e-01
1.644000000000000183e-01 1.551455604486070283e-01 1.170648771505796298e-01 1.551455604486070283e-01 1.981560000000000266e-01 1.496439672575087254e-01 1.170648771505796298e-01 1.496439672575087254e-01 1.726840000000000042e-01
1.644000000000000183e-01 1.635600000000000387e-01 1.209199999999999997e-01 1.635600000000000387e-01 1.981560000000000266e-01 1.574520000000000364e-01 1.209199999999999997e-01 1.574520000000000364e-01 1.726840000000000042e-01
c: 
2.383000000000000007e+00
1.155999999999999917e+00
2.676000000000000156e+00
