CDF: 
2.200000000000000011e-01 2.700000000000000178e-01 4.799999999999999822e-01 1.000000000000000000e+00
1.600000000000000033e-01 1.900000000000000022e-01 4.000000000000000222e-01 1.000000000000000000e+00
2.000000000000000111e-01 4.699999999999999734e-01 9.300000000000000488e-01 1.000000000000000000e+00
sigma: 
1.936560000000000503e-01 4.816792526267574086e-03 8.232136803403688335e-04 4.816792526267574086e-03 1.756440000000000223e-01 2.817680208674712417e-03 8.232136803403688335e-04 2.817680208674712417e-03 5.887500000000001066e-02
1.936560000000000503e-01 1.043250142236474068e-02 5.320892708604555918e-03 1.043250142236474068e-02 1.756440000000000223e-01 4.243363491119575559e-03 5.320892708604555918e-03 4.243363491119575559e-03 5.887500000000001066e-02
1.936560000000000503e-01 1.868597452581016033e-02 1.102678643451069154e-02 1.868597452581016033e-02 1.756440000000000223e-01 7.054978749761596502e-03 1.102678643451069154e-02 7.054978749761596502e-03 5.887500000000001066e-02
1.936560000000000503e-01 3.126297370847928164e-02 1.372386417612237938e-02 3.126297370847928164e-02 1.756440000000000223e-01 1.276928328496272982e-02 1.372386417612237938e-02 1.276928328496272982e-02 5.887500000000001066e-02
1.936560000000000503e-01 3.633250069471696125e-02 1.651483966193587061e-02 3.633250069471696125e-02 1.756440000000000223e-01 1.431650924323305679e-02 1.651483966193587061e-02 1.431650924323305679e-02 5.887500000000001066e-02
1.936560000000000503e-01 4.503419744035987160e-02 2.324361445118115418e-02 4.503419744035987160e-02 1.756440000000000223e-01 2.017549818308330203e-02 2.324361445118115418e-02 2.017549818308330203e-02 5.887500000000001066e-02
1.936560000000000503e-01 5.345366935639905143e-02 2.665312287277948888e-02 5.345366935639905143e-02 1.756440000000000223e-01 2.351540370402232030e-02 2.665312287277948888e-02 2.351540370402232030e-02 5.887500000000001066e-02
1.936560000000000503e-01 6.667607603375298730e-02 2.888549852720278741e-02 6.667607603375298730e-02 1.756440000000000223e-01 2.704262860496189219e-02 2.888549852720278741e-02 2.704262860496189219e-02 5.887500000000001066e-02
1.936560000000000503e-01 7.710371651710201668e-02 3.175838184198417208e-02 7.710371651710201668e-02 1.756440000000000223e-01 2.840762544121858829e-02 3.175838184198417208e-02 2.840762544121858829e-02 5.887500000000001066e-02
1.936560000000000503e-01 7.872700197931925548e-02 3.696485876892023625e-02 7.872700197931925548e-02 1.756440000000000223e-01 3.175715178687044116e-02 3.696485876892023625e-02 3.175715178687044116e-02 5.887500000000001066e-02
1.936560000000000503e-01 9.157500066442036957e-02 4.105972649715096401e-02 9.157500066442036957e-02 1.756440000000000223e-01 3.640321690540761906e-02 4.105972649715096401e-02 3.640321690540761906e-02 5.887500000000001066e-02
1.936560000000000503e-01 1.003400917021108341e-01 4.342077640539070832e-02 1.003400917021108341e-01 1.756440000000000223e-01 3.806689117715510162e-02 4.342077640539070832e-02 3.806689117715510162e-02 5.887500000000001066e-02
1.936560000000000503e-01 1.094945173680796496e-01 4.850243951282802446e-02 1.094945173680796496e-01 1.756440000000000223e-01 4.388325693112775372e-02 4.850243951282802446e-02 4.388325693112775372e-02 5.887500000000001066e-02
1.936560000000000503e-01 1.135946559392891630e-01 5.117214063431856780e-02 1.135946559392891630e-01 1.756440000000000223e-01 4.543819667802807827e-02 5.117214063431856780e-02 4.543819667802807827e-02 5.887500000000001066e-02
1.936560000000000503e-01 1.251493448947315901e-01 5.674260495747769639e-02 1.251493448947315901e-01 1.756440000000000223e-01 4.932600242751045139e-02 5.674260495747769639e-02 4.932600242751045139e-02 5.887500000000001066e-02
1.936560000000000503e-01 1.319156036415339850e-01 6.008331816574553202e-02 1.319156036415339850e-01 1.756440000000000223e-01 5.417736860744848393e-02 6.008331816574553202e-02 5.417736860744848393e-02 5.887500000000001066e-02
1.936560000000000503e-01 1.417769976787134900e-01 6.525132288360648014e-02 1.417769976787134900e-01 1.756440000000000223e-01 5.573845876317049669e-02 6.525132288360648014e-02 5.573845876317049669e-02 5.887500000000001066e-02
1.936560000000000503e-01 1.482970544649587497e-01 6.669727690733150138e-02 1.482970544649587497e-01 1.756440000000000223e-01 6.088403611934979642e-02 6.669727690733150138e-02 6.088403611934979642e-02 5.887500000000001066e-02
1.936560000000000503e-01 1.647849345496362194e-01 7.098598204285562485e-02 1.647849345496362194e-01 1.756440000000000223e-01 6.376330640743177458e-02 7.098598204285562485e-02 6.376330640743177458e-02 5.887500000000001066e-02
1.936560000000000503e-01 1.655920000000000170e-01 7.421999999999999431e-02 1.655920000000000170e-01 1.756440000000000223e-01 6.448999999999999178e-02 7.421999999999999431e-02 6.448999999999999178e-02 5.887500000000001066e-02
c: 
1.453999999999999959e+00
1.171000000000000041e+00
1.895000000000000018e+00
