CDF: 
8.599999999999999867e-01 9.100000000000000311e-01 9.300000000000000488e-01 1.000000000000000000e+00
1.499999999999999944e-01 6.199999999999999956e-01 7.199999999999999734e-01 1.000000000000000000e+00
4.500000000000000111e-01 5.799999999999999600e-01 6.700000000000000400e-01 1.000000000000000000e+00
sigma: 
6.573900000000001964e-02 6.059431113244579618e-04 1.272156654846486479e-03 6.059431113244579618e-04 1.662510000000000654e-01 3.523151850307825860e-03 1.272156654846486479e-03 3.523151850307825860e-03 2.025000000000000133e-01
6.573900000000001964e-02 3.276174541570392017e-03 3.979944356915982029e-03 3.276174541570392017e-03 1.662510000000000654e-01 1.712205433466182369e-02 3.979944356915982029e-03 1.712205433466182369e-02 2.025000000000000133e-01
6.573900000000001964e-02 6.985264916742734385e-03 7.065362481698504379e-03 6.985264916742734385e-03 1.662510000000000654e-01 2.619976407068641544e-02 7.065362481698504379e-03 2.619976407068641544e-02 2.025000000000000133e-01
6.573900000000001964e-02 9.119870393409678505e-03 8.072183894609587934e-03 9.119870393409678505e-03 1.662510000000000654e-01 3.506036197160070783e-02 8.072183894609587934e-03 3.506036197160070783e-02 2.025000000000000133e-01
6.573900000000001964e-02 1.189435139781081126e-02 1.180232186849134758e-02 1.189435139781081126e-02 1.662510000000000654e-01 4.366039063111413349e-02 1.180232186849134758e-02 4.366039063111413349e-02 2.025000000000000133e-01
6.573900000000001964e-02 1.395700206848333839e-02 1.569305346511559729e-02 1.395700206848333839e-02 1.662510000000000654e-01 4.585118884407034939e-02 1.569305346511559729e-02 4.585118884407034939e-02 2.025000000000000133e-01
6.573900000000001964e-02 1.824737689258133788e-02 1.729680637350141520e-02 1.824737689258133788e-02 1.662510000000000654e-01 5.556154461216915308e-02 1.729680637350141520e-02 5.556154461216915308e-02 2.025000000000000133e-01
6.573900000000001964e-02 1.960747995590344031e-02 1.895480554217526814e-02 1.960747995590344031e-02 1.662510000000000654e-01 6.318337476084727455e-02 1.895480554217526814e-02 6.318337476084727455e-02 2.025000000000000133e-01
6.573900000000001964e-02 2.344531187346398163e-02 2.223513224412638004e-02 2.344531187346398163e-02 1.662510000000000654e-01 8.023683918289427341e-02 2.223513224412638004e-02 8.023683918289427341e-02 2.025000000000000133e-01
6.573900000000001964e-02 2.712287086407955822e-02 2.574173779343937735e-02 2.712287086407955822e-02 1.662510000000000654e-01 8.820215249201789065e-02 2.574173779343937735e-02 8.820215249201789065e-02 2.025000000000000133e-01
6.573900000000001964e-02 2.891671994398353415e-02 2.937615220408376984e-02 2.891671994398353415e-02 1.662510000000000654e-01 9.065214890341156961e-02 2.937615220408376984e-02 9.065214890341156961e-02 2.025000000000000133e-01
6.573900000000001964e-02 3.220745840090703804e-02 3.201740826409647800e-02 3.220745840090703804e-02 1.662510000000000654e-01 1.053056270107632919e-01 3.201740826409647800e-02 1.053056270107632919e-01 2.025000000000000133e-01
6.573900000000001964e-02 3.339288989150653725e-02 3.356706820229205662e-02 3.339288989150653725e-02 1.662510000000000654e-01 1.125519084222177946e-01 3.356706820229205662e-02 1.125519084222177946e-01 2.025000000000000133e-01
6.573900000000001964e-02 3.578696052887182094e-02 3.617325105009845665e-02 3.578696052887182094e-02 1.662510000000000654e-01 1.222623863861301841e-01 3.617325105009845665e-02 1.222623863861301841e-01 2.025000000000000133e-01
6.573900000000001964e-02 4.052892540205499383e-02 3.859394555504254420e-02 4.052892540205499383e-02 1.662510000000000654e-01 1.321911202655572382e-01 3.859394555504254420e-02 1.321911202655572382e-01 2.025000000000000133e-01
6.573900000000001964e-02 4.307644416315408592e-02 4.031445246687593437e-02 4.307644416315408592e-02 1.662510000000000654e-01 1.360089056748801095e-01 4.031445246687593437e-02 1.360089056748801095e-01 2.025000000000000133e-01
6.573900000000001964e-02 4.650666828279485104e-02 4.439413479185037870e-02 4.650666828279485104e-02 1.662510000000000654e-01 1.454317223755730581e-01 4.439413479185037870e-02 1.454317223755730581e-01 2.025000000000000133e-01
6.573900000000001964e-02 4.910093864684924453e-02 4.656154589588926834e-02 4.910093864684924453e-02 1.662510000000000654e-01 1.560946025224349554e-01 4.656154589588926834e-02 1.560946025224349554e-01 2.025000000000000133e-01
6.573900000000001964e-02 4.986931004584685412e-02 5.009552314521847904e-02 4.986931004584685412e-02 1.662510000000000654e-01 1.648591545119054147e-01 5.009552314521847904e-02 1.648591545119054147e-01 2.025000000000000133e-01
6.573900000000001964e-02 5.208300000000000429e-02 5.103000000000000591e-02 5.208300000000000429e-02 1.662510000000000654e-01 1.699100000000000055e-01 5.103000000000000591e-02 1.699100000000000055e-01 2.025000000000000133e-01
c: 
2.536999999999999922e+00
1.834999999999999964e+00
2.440999999999999837e+00
