CDF: 
1.600000000000000033e-01 5.899999999999999689e-01 7.199999999999999734e-01 1.000000000000000000e+00
3.499999999999999778e-01 5.600000000000000533e-01 5.799999999999999600e-01 1.000000000000000000e+00
2.700000000000000178e-01 3.599999999999999867e-01 6.199999999999999956e-01 1.000000000000000000e+00
sigma: 
1.649560000000000193e-01 8.183845417821362933e-03 4.883617855676835630e-03 8.183845417821362933e-03 2.240910000000000402e-01 2.665825852817124784e-03 4.883617855676835630e-03 2.665825852817124784e-03 1.862109999999999876e-01
1.649560000000000193e-01 1.476509742094220777e-02 1.209811962005865119e-02 1.476509742094220777e-02 2.240910000000000402e-01 1.859192178198566109e-02 1.209811962005865119e-02 1.859192178198566109e-02 1.862109999999999876e-01
1.649560000000000193e-01 2.056290838268036783e-02 2.274055963711016717e-02 2.056290838268036783e-02 2.240910000000000402e-01 2.342076635629179379e-02 2.274055963711016717e-02 2.342076635629179379e-02 1.862109999999999876e-01
1.649560000000000193e-01 3.067558800814865552e-02 2.479384081900647130e-02 3.067558800814865552e-02 2.240910000000000402e-01 3.893382560640006040e-02 2.479384081900647130e-02 3.893382560640006040e-02 1.862109999999999876e-01
1.649560000000000193e-01 3.978884344983697752e-02 3.506977686282865270e-02 3.978884344983697752e-02 2.240910000000000402e-01 4.557512789596133290e-02 3.506977686282865270e-02 4.557512789596133290e-02 1.862109999999999876e-01
1.649560000000000193e-01 4.963536623114091217e-02 4.521639282338791449e-02 4.963536623114091217e-02 2.240910000000000402e-01 5.830217670973809191e-02 4.521639282338791449e-02 5.830217670973809191e-02 1.862109999999999876e-01
1.649560000000000193e-01 5.205853775195908723e-02 5.221508831627635211e-02 5.205853775195908723e-02 2.240910000000000402e-01 6.989060956782737477e-02 5.221508831627635211e-02 6.989060956782737477e-02 1.862109999999999876e-01
1.649560000000000193e-01 6.590451504653986603e-02 6.290445968677976785e-02 6.590451504653986603e-02 2.240910000000000402e-01 7.490250230887660066e-02 6.290445968677976785e-02 7.490250230887660066e-02 1.862109999999999876e-01
1.649560000000000193e-01 7.386927541876442405e-02 6.486253945056286163e-02 7.386927541876442405e-02 2.240910000000000402e-01 8.106816169616044843e-02 6.486253945056286163e-02 8.106816169616044843e-02 1.862109999999999876e-01
1.649560000000000193e-01 8.303932267979506621e-02 7.215891493463490181e-02 8.303932267979506621e-02 2.240910000000000402e-01 9.894557974783216303e-02 7.215891493463490181e-02 9.894557974783216303e-02 1.862109999999999876e-01
1.649560000000000193e-01 9.118014646478365959e-02 8.364800828235505192e-02 9.118014646478365959e-02 2.240910000000000402e-01 1.062855220267917566e-01 8.364800828235505192e-02 1.062855220267917566e-01 1.862109999999999876e-01
1.649560000000000193e-01 1.003683871238719855e-01 9.430893518762289984e-02 1.003683871238719855e-01 2.240910000000000402e-01 1.127706513530069565e-01 9.430893518762289984e-02 1.127706513530069565e-01 1.862109999999999876e-01
1.649560000000000193e-01 1.051459272832826058e-01 1.022413953252844232e-01 1.051459272832826058e-01 2.240910000000000402e-01 1.247040797416134328e-01 1.022413953252844232e-01 1.247040797416134328e-01 1.862109999999999876e-01
1.649560000000000193e-01 1.107008829168266428e-01 1.075788092018442471e-01 1.107008829168266428e-01 2.240910000000000402e-01 1.330274502065106057e-01 1.075788092018442471e-01 1.330274502065106057e-01 1.862109999999999876e-01
1.649560000000000193e-01 1.239974585802248869e-01 1.122511703239509884e-01 1.239974585802248869e-01 2.240910000000000402e-01 1.497683931745523167e-01 1.122511703239509884e-01 1.497683931745523167e-01 1.862109999999999876e-01
1.649560000000000193e-01 1.270307784476125967e-01 1.269799712857777874e-01 1.270307784476125967e-01 2.240910000000000402e-01 1.584518280327812390e-01 1.269799712857777874e-01 1.584518280327812390e-01 1.862109999999999876e-01
1.649560000000000193e-01 1.376059615639792233e-01 1.323553247710553826e-01 1.376059615639792233e-01 2.240910000000000402e-01 1.698159540120061095e-01 1.323553247710553826e-01 1.698159540120061095e-01 1.862109999999999876e-01
1.649560000000000193e-01 1.506960642163977515e-01 1.361548684833077116e-01 1.506960642163977515e-01 2.240910000000000402e-01 1.782158265289975341e-01 1.361548684833077116e-01 1.782158265289975341e-01 1.862109999999999876e-01
1.649560000000000193e-01 1.564728658024861496e-01 1.457858697217169763e-01 1.564728658024861496e-01 2.240910000000000402e-01 1.868008891454897846e-01 1.457858697217169763e-01 1.868008891454897846e-01 1.862109999999999876e-01
1.649560000000000193e-01 1.608860000000000290e-01 1.514460000000000250e-01 1.608860000000000290e-01 2.240910000000000402e-01 1.911510000000000153e-01 1.514460000000000250e-01 1.911510000000000153e-01 1.862109999999999876e-01
c: 
1.834000000000000075e+00
1.429000000000000048e+00
2.759999999999999787e+00
