CDF: 
6.600000000000000311e-01 7.900000000000000355e-01 9.399999999999999467e-01 1.000000000000000000e+00
3.499999999999999778e-01 5.500000000000000444e-01 8.199999999999999512e-01 1.000000000000000000e+00
1.499999999999999944e-01 4.600000000000000200e-01 8.800000000000000044e-01 1.000000000000000000e+00
sigma: 
6.087599999999999956e-02 2.267963180797688896e-03 2.693143005640381230e-03 2.267963180797688896e-03 1.273390000000000077e-01 6.767223601796952493e-04 2.693143005640381230e-03 6.767223601796952493e-04 8.417099999999999582e-02
6.087599999999999956e-02 4.328823581208985326e-03 5.828299922389883550e-03 4.328823581208985326e-03 1.273390000000000077e-01 8.559008203822406763e-03 5.828299922389883550e-03 8.559008203822406763e-03 8.417099999999999582e-02
6.087599999999999956e-02 7.343666739723040196e-03 7.534331437848622824e-03 7.343666739723040196e-03 1.273390000000000077e-01 1.152415979564545140e-02 7.534331437848621957e-03 1.152415979564545140e-02 8.417099999999999582e-02
6.087599999999999956e-02 1.132532021635897050e-02 9.587645981991731528e-03 1.132532021635897050e-02 1.273390000000000077e-01 1.613167570242229204e-02 9.587645981991731528e-03 1.613167570242229204e-02 8.417099999999999582e-02
6.087599999999999956e-02 1.547881025713488713e-02 1.335518587907051288e-02 1.547881025713488713e-02 1.273390000000000077e-01 2.177094772007223678e-02 1.335518587907051115e-02 2.177094772007223678e-02 8.417099999999999582e-02
6.087599999999999956e-02 2.089348536746231735e-02 1.589525646104296766e-02 2.089348536746231735e-02 1.273390000000000077e-01 2.471753852750805877e-02 1.589525646104296419e-02 2.471753852750805877e-02 8.417099999999999582e-02
6.087599999999999956e-02 2.478094052830845037e-02 2.039334290496296748e-02 2.478094052830845037e-02 1.273390000000000077e-01 2.821577254026764320e-02 2.039334290496296748e-02 2.821577254026764320e-02 8.417099999999999582e-02
6.087599999999999956e-02 2.862527341847675641e-02 2.300907132441912598e-02 2.862527341847675641e-02 1.273390000000000077e-01 3.443788810526511590e-02 2.300907132441912251e-02 3.443788810526511590e-02 8.417099999999999582e-02
6.087599999999999956e-02 3.247637572495748470e-02 2.463213095028622679e-02 3.247637572495748470e-02 1.273390000000000077e-01 3.914719743847985822e-02 2.463213095028622332e-02 3.914719743847985822e-02 8.417099999999999582e-02
6.087599999999999956e-02 3.343138086262775754e-02 2.963812621166242098e-02 3.343138086262775754e-02 1.273390000000000077e-01 4.293867864227661479e-02 2.963812621166241751e-02 4.293867864227661479e-02 8.417099999999999582e-02
6.087599999999999956e-02 3.898225237535558885e-02 3.065987051682335721e-02 3.898225237535558885e-02 1.273390000000000077e-01 4.962702636910803350e-02 3.065987051682335374e-02 4.962702636910803350e-02 8.417099999999999582e-02
6.087599999999999956e-02 4.099729561322387056e-02 3.537956224052355575e-02 4.099729561322387056e-02 1.273390000000000077e-01 5.322865892277767186e-02 3.537956224052355575e-02 5.322865892277767186e-02 8.417099999999999582e-02
6.087599999999999956e-02 4.655353350499242399e-02 3.811687988845146452e-02 4.655353350499242399e-02 1.273390000000000077e-01 5.644002568994033187e-02 3.811687988845145758e-02 5.644002568994033187e-02 8.417099999999999582e-02
6.087599999999999956e-02 5.036944096481421607e-02 3.924383323354391911e-02 5.036944096481421607e-02 1.273390000000000077e-01 6.262691217122527687e-02 3.924383323354391218e-02 6.262691217122527687e-02 8.417099999999999582e-02
6.087599999999999956e-02 5.206970054690390759e-02 4.399883339120264081e-02 5.206970054690390759e-02 1.273390000000000077e-01 6.721147481133489532e-02 4.399883339120264081e-02 6.721147481133489532e-02 8.417099999999999582e-02
6.087599999999999956e-02 5.608458426871573005e-02 4.716076752760589574e-02 5.608458426871573005e-02 1.273390000000000077e-01 7.211417407854255057e-02 4.716076752760588880e-02 7.211417407854255057e-02 8.417099999999999582e-02
6.087599999999999956e-02 6.131852376717994435e-02 4.845748149602687599e-02 6.131852376717994435e-02 1.273390000000000077e-01 7.622928097973658002e-02 4.845748149602686905e-02 7.622928097973658002e-02 8.417099999999999582e-02
6.087599999999999956e-02 6.378620492478023762e-02 5.194172977158105498e-02 6.378620492478023762e-02 1.273390000000000077e-01 8.229808647709047076e-02 5.194172977158104804e-02 8.229808647709047076e-02 8.417099999999999582e-02
6.087599999999999956e-02 6.603614921528931647e-02 5.436565645005966146e-02 6.603614921528931647e-02 1.273390000000000077e-01 8.797111474550510513e-02 5.436565645005965453e-02 8.797111474550510513e-02 8.417099999999999582e-02
6.087599999999999956e-02 6.944200000000000372e-02 5.731400000000000383e-02 6.944200000000000372e-02 1.273390000000000077e-01 8.826300000000000812e-02 5.731399999999999689e-02 8.826300000000000812e-02 8.417099999999999582e-02
c: 
2.827999999999999847e+00
1.018000000000000016e+00
2.157999999999999918e+00
