CDF: 
3.099999999999999978e-01 3.699999999999999956e-01 7.600000000000000089e-01 1.000000000000000000e+00
1.499999999999999944e-01 4.899999999999999911e-01 6.899999999999999467e-01 1.000000000000000000e+00
3.400000000000000244e-01 7.700000000000000178e-01 9.200000000000000400e-01 1.000000000000000000e+00
sigma: 
1.383360000000000145e-01 5.417211164767360247e-03 2.193521627428883080e-03 5.417211164767360247e-03 1.458360000000000212e-01 2.526771682256228214e-03 2.193521627428883080e-03 2.526771682256228214e-03 7.012400000000000577e-02
1.383360000000000145e-01 8.214159264829072257e-03 5.194560750242689998e-03 8.214159264829072257e-03 1.458360000000000212e-01 5.065448849787648408e-03 5.194560750242689998e-03 5.065448849787648408e-03 7.012400000000000577e-02
1.383360000000000145e-01 1.647276552277725237e-02 8.967984618915805783e-03 1.647276552277725237e-02 1.458360000000000212e-01 9.940302358894559723e-03 8.967984618915805783e-03 9.940302358894559723e-03 7.012400000000000577e-02
1.383360000000000145e-01 2.040420408736613039e-02 1.706415231206812391e-02 2.040420408736613039e-02 1.458360000000000212e-01 1.523340786873925330e-02 1.706415231206812391e-02 1.523340786873925330e-02 7.012400000000000577e-02
1.383360000000000145e-01 2.700958720484051417e-02 1.913657751655654590e-02 2.700958720484051417e-02 1.458360000000000212e-01 1.627840893673874328e-02 1.913657751655654590e-02 1.627840893673874328e-02 7.012400000000000577e-02
1.383360000000000145e-01 3.756640148224969084e-02 2.464922382174646390e-02 3.756640148224969084e-02 1.458360000000000212e-01 1.963174100941367933e-02 2.464922382174646390e-02 1.963174100941367933e-02 7.012400000000000577e-02
1.383360000000000145e-01 4.343188017364799092e-02 2.698472116602415594e-02 4.343188017364799092e-02 1.458360000000000212e-01 2.451173774636166217e-02 2.698472116602415594e-02 2.451173774636166217e-02 7.012400000000000577e-02
1.383360000000000145e-01 5.036460881304899440e-02 3.254273884824306767e-02 5.036460881304899440e-02 1.458360000000000212e-01 2.856581182721906753e-02 3.254273884824306767e-02 2.856581182721906753e-02 7.012400000000000577e-02
1.383360000000000145e-01 5.857648214744065607e-02 3.672297464614392853e-02 5.857648214744065607e-02 1.458360000000000212e-01 3.155370425971062293e-02 3.672297464614392853e-02 3.155370425971062293e-02 7.012400000000000577e-02
1.383360000000000145e-01 6.191298430144253490e-02 4.116674463026877284e-02 6.191298430144253490e-02 1.458360000000000212e-01 3.587055364368874760e-02 4.116674463026877284e-02 3.587055364368874760e-02 7.012400000000000577e-02
1.383360000000000145e-01 6.719809551370366230e-02 4.362900911441103952e-02 6.719809551370366230e-02 1.458360000000000212e-01 4.051218847091596353e-02 4.362900911441103952e-02 4.051218847091596353e-02 7.012400000000000577e-02
1.383360000000000145e-01 7.482926365376429967e-02 5.003469422932615290e-02 7.482926365376429967e-02 1.458360000000000212e-01 4.650987933159499155e-02 5.003469422932615290e-02 4.650987933159499155e-02 7.012400000000000577e-02
1.383360000000000145e-01 8.358280420011410250e-02 5.460012586415885494e-02 8.358280420011410250e-02 1.458360000000000212e-01 4.842797164287328260e-02 5.460012586415885494e-02 4.842797164287328260e-02 7.012400000000000577e-02
1.383360000000000145e-01 9.202081190544512956e-02 5.923613930214155499e-02 9.202081190544512956e-02 1.458360000000000212e-01 5.381606728929499289e-02 5.923613930214155499e-02 5.381606728929499289e-02 7.012400000000000577e-02
1.383360000000000145e-01 9.544696018876121235e-02 6.463675254538314707e-02 9.544696018876121235e-02 1.458360000000000212e-01 5.860200100686053376e-02 6.463675254538314707e-02 5.860200100686053376e-02 7.012400000000000577e-02
1.383360000000000145e-01 1.000170359939497183e-01 6.656318736071613340e-02 1.000170359939497183e-01 1.458360000000000212e-01 6.092665987241125541e-02 6.656318736071613340e-02 6.092665987241125541e-02 7.012400000000000577e-02
1.383360000000000145e-01 1.084922241658588388e-01 7.005675440051439828e-02 1.084922241658588388e-01 1.458360000000000212e-01 6.662365748871815208e-02 7.005675440051439828e-02 6.662365748871815208e-02 7.012400000000000577e-02
1.383360000000000145e-01 1.168674900440149489e-01 7.377612437045584504e-02 1.168674900440149489e-01 1.458360000000000212e-01 6.868233223300662660e-02 7.377612437045584504e-02 6.868233223300662660e-02 7.012400000000000577e-02
1.383360000000000145e-01 1.250020480582914040e-01 7.922373391803907983e-02 1.250020480582914040e-01 1.458360000000000212e-01 7.282249550140267036e-02 7.922373391803907983e-02 7.282249550140267036e-02 7.012400000000000577e-02
1.383360000000000145e-01 1.251359999999999972e-01 8.219200000000000117e-02 1.251359999999999972e-01 1.458360000000000212e-01 7.449200000000000266e-02 8.219200000000000117e-02 7.449200000000000266e-02 7.012400000000000577e-02
c: 
2.503000000000000114e+00
1.415000000000000036e+00
1.342000000000000082e+00
