CDF: 
1.199999999999999956e-01 2.200000000000000011e-01 2.800000000000000266e-01 1.000000000000000000e+00
4.400000000000000022e-01 5.400000000000000355e-01 5.899999999999999689e-01 1.000000000000000000e+00
5.999999999999999778e-02 1.600000000000000033e-01 7.199999999999999734e-01 1.000000000000000000e+00
sigma: 
1.499039999999999817e-01 1.151768562532514556e-03 1.576274722465497813e-04 1.151768562532514556e-03 2.195000000000000562e-01 1.860334397801424343e-03 1.576274722465497813e-04 1.860334397801424343e-03 9.902400000000000091e-02
1.499039999999999817e-01 7.794010260484828673e-03 4.805570520986784423e-03 7.794010260484828673e-03 2.195000000000000562e-01 8.242083324670029451e-03 4.805570520986784423e-03 8.242083324670029451e-03 9.902400000000000091e-02
1.499039999999999817e-01 1.547747055476516448e-02 9.261895973893628092e-03 1.547747055476516448e-02 2.195000000000000562e-01 1.357644381623698479e-02 9.261895973893628092e-03 1.357644381623698479e-02 9.902400000000000091e-02
1.499039999999999817e-01 2.206903250301068056e-02 1.183426194346992588e-02 2.206903250301068056e-02 2.195000000000000562e-01 1.931780778625678818e-02 1.183426194346992588e-02 1.931780778625678818e-02 9.902400000000000091e-02
1.499039999999999817e-01 2.343154975962366895e-02 1.671274834763664119e-02 2.343154975962366895e-02 2.195000000000000562e-01 2.686566318948590756e-02 1.671274834763664119e-02 2.686566318948590756e-02 9.902400000000000091e-02
1.499039999999999817e-01 2.965386211043499060e-02 2.170793550685419168e-02 2.965386211043499060e-02 2.195000000000000562e-01 3.330645620649327898e-02 2.170793550685419168e-02 3.330645620649327898e-02 9.902400000000000091e-02
1.499039999999999817e-01 3.810162884219851082e-02 2.432201670907111618e-02 3.810162884219851082e-02 2.195000000000000562e-01 3.588204323956798586e-02 2.432201670907111618e-02 3.588204323956798586e-02 9.902400000000000091e-02
1.499039999999999817e-01 4.037989552626133904e-02 2.907463218918936512e-02 4.037989552626133904e-02 2.195000000000000562e-01 4.441140183475350556e-02 2.907463218918936512e-02 4.441140183475350556e-02 9.902400000000000091e-02
1.499039999999999817e-01 4.988385504237444201e-02 3.284852488551597699e-02 4.988385504237444201e-02 2.195000000000000562e-01 4.860671728508636491e-02 3.284852488551597699e-02 4.860671728508636491e-02 9.902400000000000091e-02
1.499039999999999817e-01 5.402097802359661499e-02 3.483813960280756489e-02 5.402097802359661499e-02 2.195000000000000562e-01 5.341074305266668709e-02 3.483813960280756489e-02 5.341074305266668709e-02 9.902400000000000091e-02
1.499039999999999817e-01 6.028025590307185128e-02 4.057449316872437095e-02 6.028025590307185128e-02 2.195000000000000562e-01 6.212995604255156651e-02 4.057449316872437095e-02 6.212995604255156651e-02 9.902400000000000091e-02
1.499039999999999817e-01 6.313876885602652533e-02 4.484453777506364897e-02 6.313876885602652533e-02 2.195000000000000562e-01 6.803955979718037672e-02 4.484453777506364897e-02 6.803955979718037672e-02 9.902400000000000091e-02
1.499039999999999817e-01 6.931422477151225059e-02 4.762408045409946555e-02 6.931422477151225059e-02 2.195000000000000562e-01 7.470560437571692469e-02 4.762408045409946555e-02 7.470560437571692469e-02 9.902400000000000091e-02
1.499039999999999817e-01 7.421408615092114913e-02 5.052381625250065844e-02 7.421408615092114913e-02 2.195000000000000562e-01 7.993088450650691346e-02 5.052381625250065844e-02 7.993088450650691346e-02 9.902400000000000091e-02
1.499039999999999817e-01 7.995238428978773682e-02 5.432946338696043737e-02 7.995238428978773682e-02 2.195000000000000562e-01 8.489416989828185711e-02 5.432946338696043737e-02 8.489416989828185711e-02 9.902400000000000091e-02
1.499039999999999817e-01 8.740942477871001259e-02 5.786915253486533267e-02 8.740942477871001259e-02 2.195000000000000562e-01 9.367019725778889805e-02 5.786915253486533267e-02 9.367019725778889805e-02 9.902400000000000091e-02
1.499039999999999817e-01 9.278100563824913383e-02 6.394067764313894620e-02 9.278100563824913383e-02 2.195000000000000562e-01 9.701567803643383614e-02 6.394067764313894620e-02 9.701567803643383614e-02 9.902400000000000091e-02
1.499039999999999817e-01 9.659319960413555173e-02 6.671530778723491761e-02 9.659319960413555173e-02 2.195000000000000562e-01 1.040582279835516322e-01 6.671530778723491761e-02 1.040582279835516322e-01 9.902400000000000091e-02
1.499039999999999817e-01 1.052980323414433872e-01 7.077325768824085928e-02 1.052980323414433872e-01 2.195000000000000562e-01 1.112673903191678387e-01 7.077325768824085928e-02 1.112673903191678387e-01 9.902400000000000091e-02
1.499039999999999817e-01 1.062000000000000027e-01 7.166400000000000547e-02 1.062000000000000027e-01 2.195000000000000562e-01 1.121999999999999942e-01 7.166400000000000547e-02 1.121999999999999942e-01 9.902400000000000091e-02
c: 
1.514000000000000012e+00
1.618999999999999995e+00
2.044999999999999929e+00
