CDF: 
4.899999999999999911e-01 5.000000000000000000e-01 6.500000000000000222e-01 1.000000000000000000e+00
1.900000000000000022e-01 4.199999999999999845e-01 7.299999999999999822e-01 1.000000000000000000e+00
2.200000000000000011e-01 3.300000000000000155e-01 4.299999999999999933e-01 1.000000000000000000e+00
sigma: 
2.067840000000000233e-01 4.079962620163075752e-03 8.024065019998848428e-03 4.079962620163075752e-03 1.512040000000000051e-01 1.376083714437352815e-04 8.024065019998848428e-03 1.376083714437352815e-04 2.067790000000000183e-01
2.067840000000000233e-01 8.438013826520623928e-03 1.528650566072087096e-02 8.438013826520623928e-03 1.512040000000000051e-01 1.142415835009997875e-02 1.528650566072087096e-02 1.142415835009997875e-02 2.067790000000000183e-01
2.067840000000000233e-01 1.887154762122072310e-02 1.917633299451036721e-02 1.887154762122072310e-02 1.512040000000000051e-01 1.384110677352128754e-02 1.917633299451036721e-02 1.384110677352128754e-02 2.067790000000000183e-01
2.067840000000000233e-01 2.991374796543687029e-02 2.703272544843464756e-02 2.991374796543687029e-02 1.512040000000000051e-01 2.314218657260984705e-02 2.703272544843464756e-02 2.314218657260984705e-02 2.067790000000000183e-01
2.067840000000000233e-01 3.526703821745086342e-02 3.854782920441288813e-02 3.526703821745086342e-02 1.512040000000000051e-01 3.075682786880888989e-02 3.854782920441288813e-02 3.075682786880888989e-02 2.067790000000000183e-01
2.067840000000000233e-01 4.107233761537032457e-02 4.814744143899313961e-02 4.107233761537032457e-02 1.512040000000000051e-01 3.895470976928040036e-02 4.814744143899313961e-02 3.895470976928040036e-02 2.067790000000000183e-01
2.067840000000000233e-01 5.501356023490550778e-02 4.996093968674118063e-02 5.501356023490550778e-02 1.512040000000000051e-01 4.148693966622091223e-02 4.996093968674118063e-02 4.148693966622091223e-02 2.067790000000000183e-01
2.067840000000000233e-01 6.160496251364223214e-02 6.227777937142845582e-02 6.160496251364223214e-02 1.512040000000000051e-01 5.322517946190841870e-02 6.227777937142845582e-02 5.322517946190841870e-02 2.067790000000000183e-01
2.067840000000000233e-01 6.980946317021617664e-02 6.700278687434826907e-02 6.980946317021617664e-02 1.512040000000000051e-01 6.029667696171428504e-02 6.700278687434826907e-02 6.029667696171428504e-02 2.067790000000000183e-01
2.067840000000000233e-01 7.444096199601751840e-02 7.760150765215562130e-02 7.444096199601751840e-02 1.512040000000000051e-01 6.458558504097217101e-02 7.760150765215562130e-02 6.458558504097217101e-02 2.067790000000000183e-01
2.067840000000000233e-01 8.681441566590246406e-02 8.831551579743789071e-02 8.681441566590246406e-02 1.512040000000000051e-01 7.354886155268830494e-02 8.831551579743789071e-02 7.354886155268830494e-02 2.067790000000000183e-01
2.067840000000000233e-01 9.000745969075782393e-02 9.310224602849587194e-02 9.000745969075782393e-02 1.512040000000000051e-01 7.979510745236506608e-02 9.310224602849587194e-02 7.979510745236506608e-02 2.067790000000000183e-01
2.067840000000000233e-01 1.055725451612219146e-01 9.933613571560082067e-02 1.055725451612219146e-01 1.512040000000000051e-01 8.729791549850231258e-02 9.933613571560082067e-02 8.729791549850231258e-02 2.067790000000000183e-01
2.067840000000000233e-01 1.077880809936532652e-01 1.059535238761790121e-01 1.077880809936532652e-01 1.512040000000000051e-01 8.948178690337986463e-02 1.059535238761790121e-01 8.948178690337986463e-02 2.067790000000000183e-01
2.067840000000000233e-01 1.161384352173575607e-01 1.190486264647557524e-01 1.161384352173575607e-01 1.512040000000000051e-01 9.944297082491099227e-02 1.190486264647557524e-01 9.944297082491099227e-02 2.067790000000000183e-01
2.067840000000000233e-01 1.238133229040595668e-01 1.265089706981344930e-01 1.238133229040595668e-01 1.512040000000000051e-01 1.070470066837438117e-01 1.265089706981344930e-01 1.070470066837438117e-01 2.067790000000000183e-01
2.067840000000000233e-01 1.340431046156289885e-01 1.336221513614751499e-01 1.340431046156289885e-01 1.512040000000000051e-01 1.104655630205718525e-01 1.336221513614751499e-01 1.104655630205718525e-01 2.067790000000000183e-01
2.067840000000000233e-01 1.452494291063227971e-01 1.381729669067595367e-01 1.452494291063227971e-01 1.512040000000000051e-01 1.192673518197721189e-01 1.381729669067595367e-01 1.192673518197721189e-01 2.067790000000000183e-01
2.067840000000000233e-01 1.490559344409825016e-01 1.492686395694593493e-01 1.490559344409825016e-01 1.512040000000000051e-01 1.263104087733441794e-01 1.492686395694593493e-01 1.263104087733441794e-01 2.067790000000000183e-01
2.067840000000000233e-01 1.549439999999999984e-01 1.540440000000000142e-01 1.549439999999999984e-01 1.512040000000000051e-01 1.288540000000000241e-01 1.540440000000000142e-01 1.288540000000000241e-01 2.067790000000000183e-01
c: 
1.790000000000000036e+00
1.949000000000000066e+00
1.625999999999999890e+00
