CDF: 
8.999999999999999667e-02 5.999999999999999778e-01 6.500000000000000222e-01 1.000000000000000000e+00
2.399999999999999911e-01 4.199999999999999845e-01 5.899999999999999689e-01 1.000000000000000000e+00
5.999999999999999778e-02 1.000000000000000056e-01 4.099999999999999756e-01 1.000000000000000000e+00
sigma: 
1.865439999999999876e-01 1.366938308212932007e-03 6.347315965813863205e-04 1.366938308212932007e-03 1.976590000000000291e-01 4.696353727998827353e-03 6.347315965813863205e-04 4.696353727998827353e-03 1.463310000000000166e-01
1.865439999999999876e-01 1.394073835014156444e-02 1.119145669523815764e-02 1.394073835014156444e-02 1.976590000000000291e-01 1.423008406428855413e-02 1.119145669523815764e-02 1.423008406428855413e-02 1.463310000000000166e-01
1.865439999999999876e-01 2.291750981969939774e-02 1.239927675965978894e-02 2.291750981969939774e-02 1.976590000000000291e-01 1.665347346873158677e-02 1.239927675965978894e-02 1.665347346873158677e-02 1.463310000000000166e-01
1.865439999999999876e-01 3.261977275513424507e-02 1.732518222901072158e-02 3.261977275513424507e-02 1.976590000000000291e-01 2.340148760282725199e-02 1.732518222901072158e-02 2.340148760282725199e-02 1.463310000000000166e-01
1.865439999999999876e-01 3.782594566090307503e-02 2.484544268792659993e-02 3.782594566090307503e-02 1.976590000000000291e-01 3.226212275463102852e-02 2.484544268792659993e-02 3.226212275463102852e-02 1.463310000000000166e-01
1.865439999999999876e-01 4.790168254440896334e-02 3.191612708319714609e-02 4.790168254440896334e-02 1.976590000000000291e-01 3.720818706179651603e-02 3.191612708319714609e-02 3.720818706179651603e-02 1.463310000000000166e-01
1.865439999999999876e-01 6.258682953521284287e-02 3.426904447618005917e-02 6.258682953521284287e-02 1.976590000000000291e-01 5.018150680535952979e-02 3.426904447618005917e-02 5.018150680535952979e-02 1.463310000000000166e-01
1.865439999999999876e-01 7.169454960539152488e-02 4.376965934112085621e-02 7.169454960539152488e-02 1.976590000000000291e-01 5.382745064827822862e-02 4.376965934112085621e-02 5.382745064827822862e-02 1.463310000000000166e-01
1.865439999999999876e-01 7.899044043242389734e-02 5.081280557333210657e-02 7.899044043242389734e-02 1.976590000000000291e-01 6.350711363341339510e-02 5.081280557333210657e-02 6.350711363341339510e-02 1.463310000000000166e-01
1.865439999999999876e-01 8.784722959461696568e-02 5.196414093510066251e-02 8.784722959461696568e-02 1.976590000000000291e-01 6.574010689488872516e-02 5.196414093510066251e-02 6.574010689488872516e-02 1.463310000000000166e-01
1.865439999999999876e-01 9.227643533491625139e-02 5.673297002569523129e-02 9.227643533491625139e-02 1.976590000000000291e-01 7.527636407681478903e-02 5.673297002569523129e-02 7.527636407681478903e-02 1.463310000000000166e-01
1.865439999999999876e-01 1.036312636993351327e-01 6.322968525050734478e-02 1.036312636993351327e-01 1.976590000000000291e-01 8.673686567229958733e-02 6.322968525050734478e-02 8.673686567229958733e-02 1.463310000000000166e-01
1.865439999999999876e-01 1.126430393550061776e-01 6.826199718679444584e-02 1.126430393550061776e-01 1.976590000000000291e-01 9.348259255961469116e-02 6.826199718679444584e-02 9.348259255961469116e-02 1.463310000000000166e-01
1.865439999999999876e-01 1.240048902974101031e-01 7.895706553866130295e-02 1.240048902974101031e-01 1.976590000000000291e-01 9.774492921538006918e-02 7.895706553866130295e-02 9.774492921538006918e-02 1.463310000000000166e-01
1.865439999999999876e-01 1.339135479103628068e-01 8.363202925860736825e-02 1.339135479103628068e-01 1.976590000000000291e-01 1.030840554256144126e-01 8.363202925860736825e-02 1.030840554256144126e-01 1.463310000000000166e-01
1.865439999999999876e-01 1.461570561006403368e-01 8.551540931771431375e-02 1.461570561006403368e-01 1.976590000000000291e-01 1.149904392306469042e-01 8.551540931771431375e-02 1.149904392306469042e-01 1.463310000000000166e-01
1.865439999999999876e-01 1.517046377647827127e-01 9.394410807748364289e-02 1.517046377647827127e-01 1.976590000000000291e-01 1.215088751704582609e-01 9.394410807748364289e-02 1.215088751704582609e-01 1.463310000000000166e-01
1.865439999999999876e-01 1.611192316286207959e-01 9.676571469171638129e-02 1.611192316286207959e-01 1.976590000000000291e-01 1.292084576226825710e-01 9.676571469171638129e-02 1.292084576226825710e-01 1.463310000000000166e-01
1.865439999999999876e-01 1.670970469327957009e-01 1.041295364454105782e-01 1.670970469327957009e-01 1.976590000000000291e-01 1.366999110907064219e-01 1.041295364454105782e-01 1.366999110907064219e-01 1.463310000000000166e-01
1.865439999999999876e-01 1.736360000000000126e-01 1.076079999999999814e-01 1.736360000000000126e-01 1.976590000000000291e-01 1.380269999999999830e-01 1.076079999999999814e-01 1.380269999999999830e-01 1.463310000000000166e-01
c: 
1.096999999999999975e+00
2.222999999999999865e+00
2.620999999999999996e+00
