CDF: 
2.099999999999999922e-01 3.699999999999999956e-01 4.500000000000000111e-01 1.000000000000000000e+00
6.600000000000000311e-01 6.700000000000000400e-01 9.200000000000000400e-01 1.000000000000000000e+00
3.400000000000000244e-01 5.000000000000000000e-01 6.800000000000000488e-01 1.000000000000000000e+00
sigma: 
1.922040000000000137e-01 9.157315627179476829e-04 3.489625046002967925e-04 9.157315627179476829e-04 8.727600000000002023e-02 4.308221655100343862e-03 3.489625046002967925e-04 4.308221655100343862e-03 1.754239999999999688e-01
1.922040000000000137e-01 6.987258674448234771e-03 1.046154538327578355e-02 6.987258674448234771e-03 8.727600000000002023e-02 7.127319270314217206e-03 1.046154538327578355e-02 7.127319270314217206e-03 1.754239999999999688e-01
1.922040000000000137e-01 9.815902858360078809e-03 1.781747998514235376e-02 9.815902858360078809e-03 8.727600000000002023e-02 1.322715085889403924e-02 1.781747998514235376e-02 1.322715085889403924e-02 1.754239999999999688e-01
1.922040000000000137e-01 1.273905852012237154e-02 2.748099559195188099e-02 1.273905852012237154e-02 8.727600000000002023e-02 2.051749703283710022e-02 2.748099559195188099e-02 2.051749703283710022e-02 1.754239999999999688e-01
1.922040000000000137e-01 1.771652013247089485e-02 3.759847125428747439e-02 1.771652013247089485e-02 8.727600000000002023e-02 2.389815288592487055e-02 3.759847125428747439e-02 2.389815288592487055e-02 1.754239999999999688e-01
1.922040000000000137e-01 2.115400530150404745e-02 4.177718431971335494e-02 2.115400530150404745e-02 8.727600000000002023e-02 3.046126534533520266e-02 4.177718431971335494e-02 3.046126534533520266e-02 1.754239999999999688e-01
1.922040000000000137e-01 2.408407773994639470e-02 5.205994165140059166e-02 2.408407773994639470e-02 8.727600000000002023e-02 3.423175541581487125e-02 5.205994165140059166e-02 3.423175541581487125e-02 1.754239999999999688e-01
1.922040000000000137e-01 2.942983177475182177e-02 5.914973157018160732e-02 2.942983177475182177e-02 8.727600000000002023e-02 4.221434604929164697e-02 5.914973157018160732e-02 4.221434604929164697e-02 1.754239999999999688e-01
1.922040000000000137e-01 3.277099022205495066e-02 6.587893589743791523e-02 3.277099022205495066e-02 8.727600000000002023e-02 4.551929375096749192e-02 6.587893589743791523e-02 4.551929375096749192e-02 1.754239999999999688e-01
1.922040000000000137e-01 3.486813077529683086e-02 7.745767600206246439e-02 3.486813077529683086e-02 8.727600000000002023e-02 4.820700737127615182e-02 7.745767600206246439e-02 4.820700737127615182e-02 1.754239999999999688e-01
1.922040000000000137e-01 4.059738723121614212e-02 8.102061908470173379e-02 4.059738723121614212e-02 8.727600000000002023e-02 5.339944191960759035e-02 8.102061908470173379e-02 5.339944191960759035e-02 1.754239999999999688e-01
1.922040000000000137e-01 4.190866197501412482e-02 9.201354125582063281e-02 4.190866197501412482e-02 8.727600000000002023e-02 6.311668793509861430e-02 9.201354125582063281e-02 6.311668793509861430e-02 1.754239999999999688e-01
1.922040000000000137e-01 4.506608939068017239e-02 9.853703728004367668e-02 4.506608939068017239e-02 8.727600000000002023e-02 6.607041566169016833e-02 9.853703728004367668e-02 6.607041566169016833e-02 1.754239999999999688e-01
1.922040000000000137e-01 5.172348506212266078e-02 1.038060431568506026e-01 5.172348506212266078e-02 8.727600000000002023e-02 7.263270475125195580e-02 1.038060431568506026e-01 7.263270475125195580e-02 1.754239999999999688e-01
1.922040000000000137e-01 5.273830617233179335e-02 1.109559866957850055e-01 5.273830617233179335e-02 8.727600000000002023e-02 7.825966321895476419e-02 1.109559866957850055e-01 7.825966321895476419e-02 1.754239999999999688e-01
1.922040000000000137e-01 5.882618437468745826e-02 1.241809245940604101e-01 5.882618437468745826e-02 8.727600000000002023e-02 8.412731728041462909e-02 1.241809245940604101e-01 8.412731728041462909e-02 1.754239999999999688e-01
1.922040000000000137e-01 6.227987073843761073e-02 1.292272325097258145e-01 6.227987073843761073e-02 8.727600000000002023e-02 8.643609333705720710e-02 1.292272325097258145e-01 8.643609333705720710e-02 1.754239999999999688e-01
1.922040000000000137e-01 6.602629478959004539e-02 1.413236853572581719e-01 6.602629478959004539e-02 8.727600000000002023e-02 9.504227266242686045e-02 1.413236853572581719e-01 9.504227266242686045e-02 1.754239999999999688e-01
1.922040000000000137e-01 6.695612069471336414e-02 1.472108347296212372e-01 6.695612069471336414e-02 8.727600000000002023e-02 9.640450841699073348e-02 1.472108347296212372e-01 9.640450841699073348e-02 1.754239999999999688e-01
1.922040000000000137e-01 7.025200000000000888e-02 1.492640000000000078e-01 7.025200000000000888e-02 8.727600000000002023e-02 1.012319999999999887e-01 1.492640000000000078e-01 1.012319999999999887e-01 1.754239999999999688e-01
c: 
1.887000000000000011e+00
2.714999999999999858e+00
2.369000000000000217e+00
