CDF: 
2.600000000000000089e-01 4.099999999999999756e-01 4.600000000000000200e-01 1.000000000000000000e+00
1.799999999999999933e-01 2.500000000000000000e-01 4.400000000000000022e-01 1.000000000000000000e+00
4.799999999999999822e-01 6.500000000000000222e-01 9.200000000000000400e-01 1.000000000000000000e+00
sigma: 
2.058999999999999997e-01 4.585490574182214153e-03 4.567484850788576002e-03 4.585490574182214153e-03 1.706999999999999906e-01 1.489645387354811366e-03 4.567484850788576002e-03 1.489645387354811366e-03 8.071600000000000996e-02
2.058999999999999997e-01 1.766300033785016960e-02 9.090154812883081623e-03 1.766300033785016960e-02 1.706999999999999906e-01 5.157906563139798978e-03 9.090154812883081623e-03 5.157906563139798978e-03 8.071600000000000996e-02
2.058999999999999997e-01 2.394390214509408907e-02 1.358970668650255099e-02 2.394390214509408907e-02 1.706999999999999906e-01 8.537704982907429185e-03 1.358970668650255099e-02 8.537704982907429185e-03 8.071600000000000996e-02
2.058999999999999997e-01 3.004104853375518663e-02 1.810099916452868191e-02 3.004104853375518663e-02 1.706999999999999906e-01 1.293119302437099882e-02 1.810099916452868191e-02 1.293119302437099882e-02 8.071600000000000996e-02
2.058999999999999997e-01 4.133620338153140561e-02 1.948880728520975894e-02 4.133620338153140561e-02 1.706999999999999906e-01 2.023807498302732447e-02 1.948880728520975894e-02 2.023807498302732447e-02 8.071600000000000996e-02
2.058999999999999997e-01 4.862032412891590522e-02 2.646735369781589089e-02 4.862032412891590522e-02 1.706999999999999906e-01 2.434512788539137246e-02 2.646735369781589089e-02 2.434512788539137246e-02 8.071600000000000996e-02
2.058999999999999997e-01 6.278072031844945944e-02 3.209954389875118580e-02 6.278072031844945944e-02 1.706999999999999906e-01 2.763994488034106356e-02 3.209954389875118580e-02 2.763994488034106356e-02 8.071600000000000996e-02
2.058999999999999997e-01 6.911043187964871493e-02 3.752001867257787060e-02 6.911043187964871493e-02 1.706999999999999906e-01 2.893019107016212010e-02 3.752001867257787060e-02 2.893019107016212010e-02 8.071600000000000996e-02
2.058999999999999997e-01 8.232548387524185607e-02 4.126509180516015757e-02 8.232548387524185607e-02 1.706999999999999906e-01 3.609730359937440847e-02 4.126509180516015757e-02 3.609730359937440847e-02 8.071600000000000996e-02
2.058999999999999997e-01 9.488374010271903580e-02 4.737617128305373487e-02 9.488374010271903580e-02 1.706999999999999906e-01 3.747826750844622523e-02 4.737617128305373487e-02 3.747826750844622523e-02 8.071600000000000996e-02
2.058999999999999997e-01 9.869181328784933094e-02 5.117144027641956638e-02 9.869181328784933094e-02 1.706999999999999906e-01 4.302529835224131599e-02 5.117144027641956638e-02 4.302529835224131599e-02 8.071600000000000996e-02
2.058999999999999997e-01 1.101186562931641827e-01 5.566438904053704062e-02 1.101186562931641827e-01 1.706999999999999906e-01 4.769675542209231983e-02 5.566438904053704062e-02 4.769675542209231983e-02 8.071600000000000996e-02
2.058999999999999997e-01 1.177846113481526291e-01 5.802344173257124177e-02 1.177846113481526291e-01 1.706999999999999906e-01 5.131658127041879153e-02 5.802344173257124177e-02 5.131658127041879153e-02 8.071600000000000996e-02
2.058999999999999997e-01 1.293741078701449720e-01 6.550785583220114505e-02 1.293741078701449720e-01 1.706999999999999906e-01 5.637484703237519157e-02 6.550785583220114505e-02 5.637484703237519157e-02 8.071600000000000996e-02
2.058999999999999997e-01 1.344226271372369053e-01 6.713475014114921036e-02 1.344226271372369053e-01 1.706999999999999906e-01 5.732551260598241216e-02 6.713475014114921036e-02 5.732551260598241216e-02 8.071600000000000996e-02
2.058999999999999997e-01 1.522568783796589553e-01 7.587947516378809598e-02 1.522568783796589553e-01 1.706999999999999906e-01 6.296297616062956903e-02 7.587947516378809598e-02 6.296297616062956903e-02 8.071600000000000996e-02
2.058999999999999997e-01 1.535514598959976940e-01 8.114078340479168039e-02 1.535514598959976940e-01 1.706999999999999906e-01 6.683574105265605025e-02 8.114078340479168039e-02 6.683574105265605025e-02 8.071600000000000996e-02
2.058999999999999997e-01 1.660639493338735562e-01 8.408209460385769607e-02 1.660639493338735562e-01 1.706999999999999906e-01 7.091773652667969496e-02 8.408209460385769607e-02 7.091773652667969496e-02 8.071600000000000996e-02
2.058999999999999997e-01 1.773771040814910438e-01 8.877745405714539129e-02 1.773771040814910438e-01 1.706999999999999906e-01 7.641903478133550698e-02 8.877745405714539129e-02 7.641903478133550698e-02 8.071600000000000996e-02
2.058999999999999997e-01 1.812999999999999889e-01 9.102000000000000368e-02 1.812999999999999889e-01 1.706999999999999906e-01 7.770000000000000517e-02 9.102000000000000368e-02 7.770000000000000517e-02 8.071600000000000996e-02
c: 
2.584000000000000075e+00
1.659999999999999920e+00
1.167999999999999927e+00
