CDF: 
2.399999999999999911e-01 4.699999999999999734e-01 8.199999999999999512e-01 1.000000000000000000e+00
3.699999999999999956e-01 5.000000000000000000e-01 6.400000000000000133e-01 1.000000000000000000e+00
2.099999999999999922e-01 3.900000000000000133e-01 5.899999999999999689e-01 1.000000000000000000e+00
sigma: 
1.112440000000000095e-01 2.143164913828391350e-03 4.911702342884265680e-03 2.143164913828391350e-03 1.922359999999999902e-01 4.032454644506064390e-03 4.911702342884265680e-03 4.032454644506064390e-03 1.725240000000000107e-01
1.112440000000000095e-01 1.117143751245269073e-02 6.993073891824399743e-03 1.117143751245269073e-02 1.922359999999999902e-01 1.450112310060774554e-02 6.993073891824399743e-03 1.450112310060774554e-02 1.725240000000000107e-01
1.112440000000000095e-01 1.450326144738063767e-02 1.254712411064650042e-02 1.450326144738063767e-02 1.922359999999999902e-01 2.204735560113365092e-02 1.254712411064650042e-02 2.204735560113365092e-02 1.725240000000000107e-01
1.112440000000000095e-01 2.364636268904651839e-02 2.090085628097285500e-02 2.364636268904651839e-02 1.922359999999999902e-01 3.257173089624034595e-02 2.090085628097285500e-02 3.257173089624034595e-02 1.725240000000000107e-01
1.112440000000000095e-01 2.728292582195083679e-02 2.356732163709682887e-02 2.728292582195083679e-02 1.922359999999999902e-01 4.050496797483803257e-02 2.356732163709682887e-02 4.050496797483803257e-02 1.725240000000000107e-01
1.112440000000000095e-01 3.463588971951144652e-02 3.325785839966732826e-02 3.463588971951144652e-02 1.922359999999999902e-01 4.661159527714955897e-02 3.325785839966732826e-02 4.661159527714955897e-02 1.725240000000000107e-01
1.112440000000000095e-01 4.364394417248831232e-02 3.704967841858827077e-02 4.364394417248831232e-02 1.922359999999999902e-01 6.067769810226256860e-02 3.704967841858827077e-02 6.067769810226256860e-02 1.725240000000000107e-01
1.112440000000000095e-01 4.551704060558355719e-02 4.481704870975666832e-02 4.551704060558355719e-02 1.922359999999999902e-01 6.370018676319334772e-02 4.481704870975666832e-02 6.370018676319334772e-02 1.725240000000000107e-01
1.112440000000000095e-01 5.438650628537392007e-02 4.942166152204065938e-02 5.438650628537392007e-02 1.922359999999999902e-01 7.869881642982587411e-02 4.942166152204065938e-02 7.869881642982587411e-02 1.725240000000000107e-01
1.112440000000000095e-01 5.857382207351048697e-02 5.683347556298647824e-02 5.857382207351048697e-02 1.922359999999999902e-01 8.304104984456443794e-02 5.683347556298647824e-02 8.304104984456443794e-02 1.725240000000000107e-01
1.112440000000000095e-01 6.477426829712058798e-02 6.244544048488100824e-02 6.477426829712058798e-02 1.922359999999999902e-01 9.524699781228172790e-02 6.244544048488100824e-02 9.524699781228172790e-02 1.725240000000000107e-01
1.112440000000000095e-01 6.993940057890631057e-02 6.923983888351493976e-02 6.993940057890631057e-02 1.922359999999999902e-01 1.017316186264522471e-01 6.923983888351493976e-02 1.017316186264522471e-01 1.725240000000000107e-01
1.112440000000000095e-01 7.529674696424980274e-02 7.098431979422939464e-02 7.529674696424980274e-02 1.922359999999999902e-01 1.161612162393761971e-01 7.098431979422939464e-02 1.161612162393761971e-01 1.725240000000000107e-01
1.112440000000000095e-01 8.495043173415502136e-02 8.027260695962076809e-02 8.495043173415502136e-02 1.922359999999999902e-01 1.257624124371141683e-01 8.027260695962076809e-02 1.257624124371141683e-01 1.725240000000000107e-01
1.112440000000000095e-01 8.864058928283741201e-02 8.490587082396516827e-02 8.864058928283741201e-02 1.922359999999999902e-01 1.338384967737814568e-01 8.490587082396516827e-02 1.338384967737814568e-01 1.725240000000000107e-01
1.112440000000000095e-01 9.782556761418849389e-02 9.206774014077989676e-02 9.782556761418849389e-02 1.922359999999999902e-01 1.426986723953101721e-01 9.206774014077989676e-02 1.426986723953101721e-01 1.725240000000000107e-01
1.112440000000000095e-01 1.049395964184667157e-01 9.892892588811935672e-02 1.049395964184667157e-01 1.922359999999999902e-01 1.525112097145471246e-01 9.892892588811935672e-02 1.525112097145471246e-01 1.725240000000000107e-01
1.112440000000000095e-01 1.075112982524436128e-01 1.044095358429287940e-01 1.075112982524436128e-01 1.922359999999999902e-01 1.537460576682253555e-01 1.044095358429287940e-01 1.537460576682253555e-01 1.725240000000000107e-01
1.112440000000000095e-01 1.165019401653053510e-01 1.090110253763268700e-01 1.165019401653053510e-01 1.922359999999999902e-01 1.699057933046831947e-01 1.090110253763268700e-01 1.699057933046831947e-01 1.725240000000000107e-01
1.112440000000000095e-01 1.190280000000000088e-01 1.110840000000000022e-01 1.190280000000000088e-01 1.922359999999999902e-01 1.715079999999999938e-01 1.110840000000000022e-01 1.715079999999999938e-01 1.725240000000000107e-01
c: 
2.716000000000000192e+00
1.889999999999999902e+00
2.971000000000000085e+00
