CDF: 
2.399999999999999911e-01 3.400000000000000244e-01 8.800000000000000044e-01 1.000000000000000000e+00
3.200000000000000067e-01 4.199999999999999845e-01 6.800000000000000488e-01 1.000000000000000000e+00
2.800000000000000266e-01 3.300000000000000155e-01 6.099999999999999867e-01 1.000000000000000000e+00
sigma: 
8.433599999999999430e-02 3.656593171794031883e-04 2.582463105346361962e-03 3.656593171794031883e-04 1.779359999999999831e-01 3.503017921746949363e-03 2.582463105346361962e-03 3.503017921746949363e-03 1.862590000000000079e-01
8.433599999999999430e-02 7.295362787488530662e-03 5.395729378861157874e-03 7.295362787488530662e-03 1.779359999999999831e-01 1.462165683722951512e-02 5.395729378861157874e-03 1.462165683722951512e-02 1.862590000000000079e-01
8.433599999999999430e-02 1.107008200123366093e-02 9.311882021159295295e-03 1.107008200123366093e-02 1.779359999999999831e-01 2.189427176305576428e-02 9.311882021159295295e-03 2.189427176305576428e-02 1.862590000000000079e-01
8.433599999999999430e-02 1.557856081584574857e-02 1.666511420701952476e-02 1.557856081584574857e-02 1.779359999999999831e-01 3.186870462381678065e-02 1.666511420701952476e-02 3.186870462381678065e-02 1.862590000000000079e-01
8.433599999999999430e-02 2.177304947598410895e-02 2.148761682591775538e-02 2.177304947598410895e-02 1.779359999999999831e-01 3.522227409268165188e-02 2.148761682591775538e-02 3.522227409268165188e-02 1.862590000000000079e-01
8.433599999999999430e-02 2.526724457229857432e-02 2.299273549077038639e-02 2.526724457229857432e-02 1.779359999999999831e-01 4.685251204564341854e-02 2.299273549077038639e-02 4.685251204564341854e-02 1.862590000000000079e-01
8.433599999999999430e-02 3.100414132194173958e-02 3.060467864939942981e-02 3.100414132194173958e-02 1.779359999999999831e-01 5.771131618599691093e-02 3.060467864939942981e-02 5.771131618599691093e-02 1.862590000000000079e-01
8.433599999999999430e-02 3.550971258020085147e-02 3.190103583384350239e-02 3.550971258020085147e-02 1.779359999999999831e-01 6.195817873944460541e-02 3.190103583384350239e-02 6.195817873944460541e-02 1.862590000000000079e-01
8.433599999999999430e-02 3.985018643638183616e-02 3.963098026938275537e-02 3.985018643638183616e-02 1.779359999999999831e-01 7.066535066406651189e-02 3.963098026938275537e-02 7.066535066406651189e-02 1.862590000000000079e-01
8.433599999999999430e-02 4.146204239352210830e-02 4.449847182014815550e-02 4.146204239352210830e-02 1.779359999999999831e-01 7.857278498911188236e-02 4.449847182014815550e-02 7.857278498911188236e-02 1.862590000000000079e-01
8.433599999999999430e-02 4.576633958507637240e-02 4.858055993038063597e-02 4.576633958507637240e-02 1.779359999999999831e-01 8.805241533363021567e-02 4.858055993038063597e-02 8.805241533363021567e-02 1.862590000000000079e-01
8.433599999999999430e-02 5.115213155588244770e-02 5.011044955320201333e-02 5.115213155588244770e-02 1.779359999999999831e-01 1.006912160959453628e-01 5.011044955320201333e-02 1.006912160959453628e-01 1.862590000000000079e-01
8.433599999999999430e-02 5.642299191088203519e-02 5.487253525703450485e-02 5.642299191088203519e-02 1.779359999999999831e-01 1.094918239856118303e-01 5.487253525703450485e-02 1.094918239856118303e-01 1.862590000000000079e-01
8.433599999999999430e-02 5.958414504852129617e-02 6.216875760281959790e-02 5.958414504852129617e-02 1.779359999999999831e-01 1.154740278305479845e-01 6.216875760281959790e-02 1.154740278305479845e-01 1.862590000000000079e-01
8.433599999999999430e-02 6.781744715180164362e-02 6.711789740039837693e-02 6.781744715180164362e-02 1.779359999999999831e-01 1.276409699503352480e-01 6.711789740039837693e-02 1.276409699503352480e-01 1.862590000000000079e-01
8.433599999999999430e-02 7.166479030778470649e-02 7.238896450242189584e-02 7.166479030778470649e-02 1.779359999999999831e-01 1.361566087850942519e-01 7.238896450242189584e-02 1.361566087850942519e-01 1.862590000000000079e-01
8.433599999999999430e-02 7.357495280813219907e-02 7.457644767932576635e-02 7.357495280813219907e-02 1.779359999999999831e-01 1.430986604835972897e-01 7.457644767932576635e-02 1.430986604835972897e-01 1.862590000000000079e-01
8.433599999999999430e-02 8.149583034261591308e-02 7.922753847340477384e-02 8.149583034261591308e-02 1.779359999999999831e-01 1.514635491270149847e-01 7.922753847340477384e-02 1.514635491270149847e-01 1.862590000000000079e-01
8.433599999999999430e-02 8.533355754669853799e-02 8.233682003936788896e-02 8.533355754669853799e-02 1.779359999999999831e-01 1.634824636786815222e-01 8.233682003936788896e-02 1.634824636786815222e-01 1.862590000000000079e-01
8.433599999999999430e-02 8.686399999999998289e-02 8.623200000000000309e-02 8.686399999999998289e-02 1.779359999999999831e-01 1.654680000000000040e-01 8.623200000000000309e-02 1.654680000000000040e-01 1.862590000000000079e-01
c: 
2.879999999999999893e+00
1.707000000000000073e+00
1.864999999999999991e+00
