CDF: 
1.000000000000000056e-01 3.200000000000000067e-01 4.500000000000000111e-01 1.000000000000000000e+00
3.599999999999999867e-01 5.500000000000000444e-01 5.600000000000000533e-01 1.000000000000000000e+00
5.400000000000000355e-01 6.500000000000000222e-01 6.999999999999999556e-01 1.000000000000000000e+00
sigma: 
1.905789999999999984e-01 1.074509499894969571e-03 2.935478098051417292e-03 1.074509499894969571e-03 2.293560000000000043e-01 5.861999456909945325e-03 2.935478098051417292e-03 5.861999456909945325e-03 1.993240000000000012e-01
1.905789999999999984e-01 9.518575604467706397e-03 7.925204485911881841e-03 9.518575604467706397e-03 2.293560000000000043e-01 1.096843750727872005e-02 7.925204485911881841e-03 1.096843750727872005e-02 1.993240000000000012e-01
1.905789999999999984e-01 1.828256039962564833e-02 1.656678795047835870e-02 1.828256039962564833e-02 2.293560000000000043e-01 1.855741726365849054e-02 1.656678795047835870e-02 1.855741726365849054e-02 1.993240000000000012e-01
1.905789999999999984e-01 2.782205180668858788e-02 2.506547022121454610e-02 2.782205180668858788e-02 2.293560000000000043e-01 3.020066929756121468e-02 2.506547022121454610e-02 3.020066929756121468e-02 1.993240000000000012e-01
1.905789999999999984e-01 3.697871526972839468e-02 3.000014092512480815e-02 3.697871526972839468e-02 2.293560000000000043e-01 3.779779155826647197e-02 3.000014092512480815e-02 3.779779155826647197e-02 1.993240000000000012e-01
1.905789999999999984e-01 5.476316937145584568e-02 3.902078909796237449e-02 5.476316937145584568e-02 2.293560000000000043e-01 5.168308111022687501e-02 3.902078909796237449e-02 5.168308111022687501e-02 1.993240000000000012e-01
1.905789999999999984e-01 5.717269140965502983e-02 4.244547066965720372e-02 5.717269140965502983e-02 2.293560000000000043e-01 5.755772144686881892e-02 4.244547066965720372e-02 5.755772144686881892e-02 1.993240000000000012e-01
1.905789999999999984e-01 6.781537619032418363e-02 5.275492237431487347e-02 6.781537619032418363e-02 2.293560000000000043e-01 6.842537805477443003e-02 5.275492237431487347e-02 6.842537805477443003e-02 1.993240000000000012e-01
1.905789999999999984e-01 8.112151644378497173e-02 5.443869243831568616e-02 8.112151644378497173e-02 2.293560000000000043e-01 7.696389955689762752e-02 5.443869243831568616e-02 7.696389955689762752e-02 1.993240000000000012e-01
1.905789999999999984e-01 8.517906088591116476e-02 6.504106556073629974e-02 8.517906088591116476e-02 2.293560000000000043e-01 8.684253598033229993e-02 6.504106556073629974e-02 8.684253598033229993e-02 1.993240000000000012e-01
1.905789999999999984e-01 9.609752522417920606e-02 7.260128056879038005e-02 9.609752522417920606e-02 2.293560000000000043e-01 9.756881495855700137e-02 7.260128056879038005e-02 9.756881495855700137e-02 1.993240000000000012e-01
1.905789999999999984e-01 1.034813172951186688e-01 7.346973160843038586e-02 1.034813172951186688e-01 2.293560000000000043e-01 1.047150402865139052e-01 7.346973160843038586e-02 1.047150402865139052e-01 1.993240000000000012e-01
1.905789999999999984e-01 1.120693574117291313e-01 8.276791819320400423e-02 1.120693574117291313e-01 2.293560000000000043e-01 1.178595950111989699e-01 8.276791819320400423e-02 1.178595950111989699e-01 1.993240000000000012e-01
1.905789999999999984e-01 1.271596572819382320e-01 9.116274447999241082e-02 1.271596572819382320e-01 2.293560000000000043e-01 1.266418001851472575e-01 9.116274447999241082e-02 1.266418001851472575e-01 1.993240000000000012e-01
1.905789999999999984e-01 1.321750397899043306e-01 9.967197155063858838e-02 1.321750397899043306e-01 2.293560000000000043e-01 1.314088477097930807e-01 9.967197155063858838e-02 1.314088477097930807e-01 1.993240000000000012e-01
1.905789999999999984e-01 1.453348981923514305e-01 1.011055193635115451e-01 1.453348981923514305e-01 2.293560000000000043e-01 1.436360171038814082e-01 1.011055193635115451e-01 1.436360171038814082e-01 1.993240000000000012e-01
1.905789999999999984e-01 1.499359457605675405e-01 1.110861043749913485e-01 1.499359457605675405e-01 2.293560000000000043e-01 1.552892593749667927e-01 1.110861043749913485e-01 1.552892593749667927e-01 1.993240000000000012e-01
1.905789999999999984e-01 1.565039884813261561e-01 1.176215320931530833e-01 1.565039884813261561e-01 2.293560000000000043e-01 1.559741356151843061e-01 1.176215320931530833e-01 1.559741356151843061e-01 1.993240000000000012e-01
1.905789999999999984e-01 1.643649007799725392e-01 1.232195841251191859e-01 1.643649007799725392e-01 2.293560000000000043e-01 1.649079453510756410e-01 1.232195841251191859e-01 1.649079453510756410e-01 1.993240000000000012e-01
1.905789999999999984e-01 1.734180000000000166e-01 1.268140000000000100e-01 1.734180000000000166e-01 2.293560000000000043e-01 1.737880000000000258e-01 1.268140000000000100e-01 1.737880000000000258e-01 1.993240000000000012e-01
c: 
1.352999999999999980e+00
1.999000000000000110e+00
2.423000000000000043e+00
