CDF: 
1.000000000000000056e-01 3.099999999999999978e-01 3.300000000000000155e-01 1.000000000000000000e+00
2.200000000000000011e-01 3.599999999999999867e-01 5.000000000000000000e-01 1.000000000000000000e+00
1.499999999999999944e-01 4.099999999999999756e-01 6.199999999999999956e-01 1.000000000000000000e+00
sigma: 
1.880910000000000082e-01 1.281565696693687468e-03 5.426166298343134547e-03 1.281565696693687468e-03 2.048640000000000183e-01 8.604992175202653276e-03 5.426166298343134547e-03 8.604992175202653276e-03 1.815390000000000059e-01
1.880910000000000082e-01 1.111244591715584810e-02 7.093205451868606765e-03 1.111244591715584810e-02 2.048640000000000183e-01 1.583297509836382316e-02 7.093205451868606765e-03 1.583297509836382316e-02 1.815390000000000059e-01
1.880910000000000082e-01 1.974689640692166293e-02 1.717392198201108180e-02 1.974689640692166293e-02 2.048640000000000183e-01 1.866720829005208415e-02 1.717392198201108180e-02 1.866720829005208415e-02 1.815390000000000059e-01
1.880910000000000082e-01 3.254564404427160579e-02 2.326133735446154691e-02 3.254564404427160579e-02 2.048640000000000183e-01 3.106789608057448915e-02 2.326133735446154691e-02 3.106789608057448915e-02 1.815390000000000059e-01
1.880910000000000082e-01 3.787341272263528708e-02 2.931501583275674880e-02 3.787341272263528708e-02 2.048640000000000183e-01 3.736060504680601552e-02 2.931501583275674880e-02 3.736060504680601552e-02 1.815390000000000059e-01
1.880910000000000082e-01 4.603063809874248513e-02 3.777070438511541395e-02 4.603063809874248513e-02 2.048640000000000183e-01 4.439365572848345126e-02 3.777070438511541395e-02 4.439365572848345126e-02 1.815390000000000059e-01
1.880910000000000082e-01 5.289816581113517685e-02 4.395462157831353522e-02 5.289816581113517685e-02 2.048640000000000183e-01 5.664036482974585396e-02 4.395462157831353522e-02 5.664036482974585396e-02 1.815390000000000059e-01
1.880910000000000082e-01 6.315629352144536135e-02 4.938331343199252321e-02 6.315629352144536135e-02 2.048640000000000183e-01 6.913490339787976835e-02 4.938331343199252321e-02 6.913490339787976835e-02 1.815390000000000059e-01
1.880910000000000082e-01 7.036245453383471737e-02 5.472500891685052465e-02 7.036245453383471737e-02 2.048640000000000183e-01 7.788780921083827968e-02 5.472500891685052465e-02 7.788780921083827968e-02 1.815390000000000059e-01
1.880910000000000082e-01 8.251158161565505522e-02 6.617296914578990608e-02 8.251158161565505522e-02 2.048640000000000183e-01 7.938330809639197738e-02 6.617296914578990608e-02 7.938330809639197738e-02 1.815390000000000059e-01
1.880910000000000082e-01 8.796489876716934164e-02 7.116540825274174364e-02 8.796489876716934164e-02 2.048640000000000183e-01 9.562664711050859745e-02 7.116540825274174364e-02 9.562664711050859745e-02 1.815390000000000059e-01
1.880910000000000082e-01 9.216783849749986268e-02 7.686863543975291924e-02 9.216783849749986268e-02 2.048640000000000183e-01 9.697871309697235487e-02 7.686863543975291924e-02 9.697871309697235487e-02 1.815390000000000059e-01
1.880910000000000082e-01 1.024057020920226546e-01 8.262124567518297491e-02 1.024057020920226546e-01 2.048640000000000183e-01 1.110404268467241606e-01 8.262124567518297491e-02 1.110404268467241606e-01 1.815390000000000059e-01
1.880910000000000082e-01 1.119746370660772844e-01 9.038362985781195347e-02 1.119746370660772844e-01 2.048640000000000183e-01 1.160098070457173808e-01 9.038362985781195347e-02 1.160098070457173808e-01 1.815390000000000059e-01
1.880910000000000082e-01 1.194228387371006617e-01 9.949169300865462473e-02 1.194228387371006617e-01 2.048640000000000183e-01 1.299327800719825843e-01 9.949169300865462473e-02 1.299327800719825843e-01 1.815390000000000059e-01
1.880910000000000082e-01 1.325703778666885435e-01 1.051064976717781402e-01 1.325703778666885435e-01 2.048640000000000183e-01 1.377239503034794477e-01 1.051064976717781402e-01 1.377239503034794477e-01 1.815390000000000059e-01
1.880910000000000082e-01 1.370699750978160991e-01 1.125330389067176751e-01 1.370699750978160991e-01 2.048640000000000183e-01 1.422345547961453016e-01 1.125330389067176751e-01 1.422345547961453016e-01 1.815390000000000059e-01
1.880910000000000082e-01 1.443349487034017165e-01 1.176530634652570850e-01 1.443349487034017165e-01 2.048640000000000183e-01 1.553143998901138634e-01 1.176530634652570850e-01 1.553143998901138634e-01 1.815390000000000059e-01
1.880910000000000082e-01 1.565360005556464540e-01 1.217333471113613147e-01 1.565360005556464540e-01 2.048640000000000183e-01 1.661638518983172552e-01 1.217333471113613147e-01 1.661638518983172552e-01 1.815390000000000059e-01
1.880910000000000082e-01 1.589679999999999982e-01 1.263070000000000304e-01 1.589679999999999982e-01 2.048640000000000183e-01 1.662359999999999949e-01 1.263070000000000304e-01 1.662359999999999949e-01 1.815390000000000059e-01
c: 
1.953999999999999959e+00
1.377000000000000002e+00
1.625000000000000000e+00
