CDF: 
2.000000000000000111e-01 4.000000000000000222e-01 4.199999999999999845e-01 1.000000000000000000e+00
1.900000000000000022e-01 4.500000000000000111e-01 8.399999999999999689e-01 1.000000000000000000e+00
2.200000000000000011e-01 7.800000000000000266e-01 8.000000000000000444e-01 1.000000000000000000e+00
sigma: 
1.968159999999999910e-01 1.800947030675597270e-03 2.939696191503315387e-07 1.800947030675597270e-03 9.737600000000000422e-02 4.003213779810177626e-03 2.939696191503315387e-07 4.003213779810177626e-03 1.231999999999999901e-01
1.968159999999999910e-01 9.033306999547302193e-03 7.908083020116224438e-03 9.033306999547302193e-03 9.737600000000000422e-02 5.718288548432684006e-03 7.908083020116224438e-03 5.718288548432684006e-03 1.231999999999999901e-01
1.968159999999999910e-01 1.483082615411105733e-02 1.123923194839450239e-02 1.483082615411105733e-02 9.737600000000000422e-02 1.377943366469641141e-02 1.123923194839450239e-02 1.377943366469641141e-02 1.231999999999999901e-01
1.968159999999999910e-01 1.648082343827852667e-02 1.443238096860728278e-02 1.648082343827852667e-02 9.737600000000000422e-02 1.642020174991154491e-02 1.443238096860728278e-02 1.642020174991154491e-02 1.231999999999999901e-01
1.968159999999999910e-01 2.436932322846770485e-02 1.933847125393448052e-02 2.436932322846770485e-02 9.737600000000000422e-02 2.110562966223795273e-02 1.933847125393448052e-02 2.110562966223795273e-02 1.231999999999999901e-01
1.968159999999999910e-01 2.902518013185886522e-02 2.753436804245193784e-02 2.902518013185886522e-02 9.737600000000000422e-02 2.918905883500314685e-02 2.753436804245193784e-02 2.918905883500314685e-02 1.231999999999999901e-01
1.968159999999999910e-01 3.660509344467913900e-02 2.967227467869547330e-02 3.660509344467913900e-02 9.737600000000000422e-02 3.107301520816199703e-02 2.967227467869547330e-02 3.107301520816199703e-02 1.231999999999999901e-01
1.968159999999999910e-01 4.131675304351661165e-02 3.256507956903546830e-02 4.131675304351661165e-02 9.737600000000000422e-02 4.012345576814630582e-02 3.256507956903546830e-02 4.012345576814630582e-02 1.231999999999999901e-01
1.968159999999999910e-01 4.372665494465131225e-02 4.031273087721572168e-02 4.372665494465131225e-02 9.737600000000000422e-02 4.330666187670856315e-02 4.031273087721572168e-02 4.330666187670856315e-02 1.231999999999999901e-01
1.968159999999999910e-01 5.146060294251997985e-02 4.341560128139065888e-02 5.146060294251997985e-02 9.737600000000000422e-02 5.063193079514870937e-02 4.341560128139065888e-02 5.063193079514870937e-02 1.231999999999999901e-01
1.968159999999999910e-01 5.573540542944754872e-02 4.646091700806919550e-02 5.573540542944754872e-02 9.737600000000000422e-02 5.248921554018277230e-02 4.646091700806919550e-02 5.248921554018277230e-02 1.231999999999999901e-01
1.968159999999999910e-01 6.101186860781736276e-02 5.312495925122016210e-02 6.101186860781736276e-02 9.737600000000000422e-02 5.624459289581273252e-02 5.312495925122016210e-02 5.624459289581273252e-02 1.231999999999999901e-01
1.968159999999999910e-01 6.750195714512190193e-02 5.933398624169396174e-02 6.750195714512190193e-02 9.737600000000000422e-02 6.164972559425397486e-02 5.933398624169396174e-02 6.164972559425397486e-02 1.231999999999999901e-01
1.968159999999999910e-01 7.148136819608555403e-02 6.341127511053151755e-02 7.148136819608555403e-02 9.737600000000000422e-02 6.949251272482791231e-02 6.341127511053151755e-02 6.949251272482791231e-02 1.231999999999999901e-01
1.968159999999999910e-01 7.466089655624241761e-02 6.528678177311293684e-02 7.466089655624241761e-02 9.737600000000000422e-02 7.259434291856760313e-02 6.528678177311293684e-02 7.259434291856760313e-02 1.231999999999999901e-01
1.968159999999999910e-01 8.413904351733282605e-02 7.139211657172898906e-02 8.413904351733282605e-02 9.737600000000000422e-02 7.881888057337284315e-02 7.139211657172898906e-02 7.881888057337284315e-02 1.231999999999999901e-01
1.968159999999999910e-01 8.943536041847033324e-02 7.740248127836926728e-02 8.943536041847033324e-02 9.737600000000000422e-02 8.298732010195150610e-02 7.740248127836926728e-02 8.298732010195150610e-02 1.231999999999999901e-01
1.968159999999999910e-01 9.438767571350492602e-02 8.165244488754408447e-02 9.438767571350492602e-02 9.737600000000000422e-02 8.923073277291029837e-02 8.165244488754408447e-02 8.923073277291029837e-02 1.231999999999999901e-01
1.968159999999999910e-01 9.648153489886571177e-02 8.431860082216330321e-02 9.648153489886571177e-02 9.737600000000000422e-02 9.358840287222325305e-02 8.431860082216330321e-02 9.358840287222325305e-02 1.231999999999999901e-01
1.968159999999999910e-01 1.004960000000000020e-01 8.783999999999998753e-02 1.004960000000000020e-01 9.737600000000000422e-02 9.703999999999998738e-02 8.783999999999998753e-02 9.703999999999998738e-02 1.231999999999999901e-01
c: 
2.588999999999999968e+00
1.943999999999999950e+00
2.153999999999999915e+00
