CDF: 
2.099999999999999922e-01 4.000000000000000222e-01 5.699999999999999512e-01 1.000000000000000000e+00
3.499999999999999778e-01 3.800000000000000044e-01 5.999999999999999778e-01 1.000000000000000000e+00
4.899999999999999911e-01 7.600000000000000089e-01 8.199999999999999512e-01 1.000000000000000000e+00
sigma: 
1.971999999999999864e-01 6.594344541302098878e-03 2.663412780445937895e-03 6.594344541302098878e-03 2.001389999999999836e-01 4.534708034672835057e-03 2.663412780445937895e-03 4.534708034672835057e-03 1.374749999999999861e-01
1.971999999999999864e-01 1.131055367291449593e-02 9.077331429489925510e-03 1.131055367291449593e-02 2.001389999999999836e-01 6.460767517764426024e-03 9.077331429489925510e-03 6.460767517764426024e-03 1.374749999999999861e-01
1.971999999999999864e-01 2.377172286899819839e-02 1.597623913677721427e-02 2.377172286899819839e-02 2.001389999999999836e-01 1.249599629583398631e-02 1.597623913677721427e-02 1.249599629583398631e-02 1.374749999999999861e-01
1.971999999999999864e-01 3.376389037947847421e-02 2.057415210081205842e-02 3.376389037947847421e-02 2.001389999999999836e-01 1.767668599112013836e-02 2.057415210081205842e-02 1.767668599112013836e-02 1.374749999999999861e-01
1.971999999999999864e-01 4.032120806460316731e-02 2.618432475673540538e-02 4.032120806460316731e-02 2.001389999999999836e-01 2.384903116022438208e-02 2.618432475673540538e-02 2.384903116022438208e-02 1.374749999999999861e-01
1.971999999999999864e-01 5.535221366300971391e-02 3.082430940566353861e-02 5.535221366300971391e-02 2.001389999999999836e-01 3.115748355269496589e-02 3.082430940566353861e-02 3.115748355269496589e-02 1.374749999999999861e-01
1.971999999999999864e-01 6.841565123764807577e-02 3.793907992368653753e-02 6.841565123764807577e-02 2.001389999999999836e-01 3.722647598883207370e-02 3.793907992368653753e-02 3.722647598883207370e-02 1.374749999999999861e-01
1.971999999999999864e-01 7.190587070849956131e-02 4.046971826453819171e-02 7.190587070849956131e-02 2.001389999999999836e-01 4.646712071671021266e-02 4.046971826453819171e-02 4.646712071671021266e-02 1.374749999999999861e-01
1.971999999999999864e-01 8.188330514661147641e-02 4.650553556471249961e-02 8.188330514661147641e-02 2.001389999999999836e-01 5.084187997050002017e-02 4.650553556471249961e-02 5.084187997050002017e-02 1.374749999999999861e-01
1.971999999999999864e-01 9.760347809961340826e-02 5.552624959066496113e-02 9.760347809961340826e-02 2.001389999999999836e-01 5.527195819202018745e-02 5.552624959066496113e-02 5.527195819202018745e-02 1.374749999999999861e-01
1.971999999999999864e-01 1.066804874389208346e-01 5.905587209594398423e-02 1.066804874389208346e-01 2.001389999999999836e-01 6.339223602939794699e-02 5.905587209594398423e-02 6.339223602939794699e-02 1.374749999999999861e-01
1.971999999999999864e-01 1.135639374282849667e-01 6.624506520518178010e-02 1.135639374282849667e-01 2.001389999999999836e-01 6.524893902909120746e-02 6.624506520518178010e-02 6.524893902909120746e-02 1.374749999999999861e-01
1.971999999999999864e-01 1.223432700275421947e-01 7.030948916921442304e-02 1.223432700275421947e-01 2.001389999999999836e-01 7.436383405889182563e-02 7.030948916921442304e-02 7.436383405889182563e-02 1.374749999999999861e-01
1.971999999999999864e-01 1.389641809248448878e-01 7.513732019266276818e-02 1.389641809248448878e-01 2.001389999999999836e-01 7.907421198807369767e-02 7.513732019266276818e-02 7.907421198807369767e-02 1.374749999999999861e-01
1.971999999999999864e-01 1.416660610038022738e-01 8.403821770675774794e-02 1.416660610038022738e-01 2.001389999999999836e-01 8.789195714933296932e-02 8.403821770675774794e-02 8.789195714933296932e-02 1.374749999999999861e-01
1.971999999999999864e-01 1.543723109852435937e-01 8.847027343974184221e-02 1.543723109852435937e-01 2.001389999999999836e-01 8.983142590079055967e-02 8.847027343974184221e-02 8.983142590079055967e-02 1.374749999999999861e-01
1.971999999999999864e-01 1.669593828001390279e-01 9.369237212777027646e-02 1.669593828001390279e-01 2.001389999999999836e-01 9.517720665277026870e-02 9.369237212777027646e-02 9.517720665277026870e-02 1.374749999999999861e-01
1.971999999999999864e-01 1.788329664687292320e-01 9.974247696729536539e-02 1.788329664687292320e-01 2.001389999999999836e-01 1.000199814482277405e-01 9.974247696729536539e-02 1.000199814482277405e-01 1.374749999999999861e-01
1.971999999999999864e-01 1.903032003366656177e-01 1.050869788284691797e-01 1.903032003366656177e-01 2.001389999999999836e-01 1.097043113745825305e-01 1.050869788284691797e-01 1.097043113745825305e-01 1.374749999999999861e-01
1.971999999999999864e-01 1.907000000000000084e-01 1.068999999999999950e-01 1.907000000000000084e-01 2.001389999999999836e-01 1.117749999999999855e-01 1.068999999999999950e-01 1.117749999999999855e-01 1.374749999999999861e-01
c: 
2.754000000000000004e+00
1.838000000000000078e+00
1.469000000000000083e+00
