CDF: 
2.700000000000000178e-01 3.699999999999999956e-01 6.199999999999999956e-01 1.000000000000000000e+00
1.700000000000000122e-01 5.500000000000000444e-01 6.500000000000000222e-01 1.000000000000000000e+00
5.000000000000000278e-02 2.099999999999999922e-01 4.500000000000000111e-01 1.000000000000000000e+00
sigma: 
1.872750000000000248e-01 7.121165506269551068e-03 2.034311481033682957e-03 7.121165506269551068e-03 1.880760000000000209e-01 4.870114852992470968e-03 2.034311481033682957e-03 4.870114852992470968e-03 1.661559999999999981e-01
1.872750000000000248e-01 1.817180744588644745e-02 1.318343469637703151e-02 1.817180744588644745e-02 1.880760000000000209e-01 1.227025151226460511e-02 1.318343469637703151e-02 1.227025151226460511e-02 1.661559999999999981e-01
1.872750000000000248e-01 2.670972429600455139e-02 1.672262916102881108e-02 2.670972429600455139e-02 1.880760000000000209e-01 1.665721322701369661e-02 1.672262916102881108e-02 1.665721322701369661e-02 1.661559999999999981e-01
1.872750000000000248e-01 3.580913140708295861e-02 2.346299369109096020e-02 3.580913140708295861e-02 1.880760000000000209e-01 2.729268220763005764e-02 2.346299369109096020e-02 2.729268220763005764e-02 1.661559999999999981e-01
1.872750000000000248e-01 4.483864865506549668e-02 3.243469349202549035e-02 4.483864865506549668e-02 1.880760000000000209e-01 3.375413794303809556e-02 3.243469349202549035e-02 3.375413794303809556e-02 1.661559999999999981e-01
1.872750000000000248e-01 5.366664704083212029e-02 4.510547503170245220e-02 5.366664704083212029e-02 1.880760000000000209e-01 3.569355876870265037e-02 4.510547503170245220e-02 3.569355876870265037e-02 1.661559999999999981e-01
1.872750000000000248e-01 6.196023039339038779e-02 5.235581126674130475e-02 6.196023039339038779e-02 1.880760000000000209e-01 4.407647981054001185e-02 5.235581126674130475e-02 4.407647981054001185e-02 1.661559999999999981e-01
1.872750000000000248e-01 7.114733498796839417e-02 5.734646048277505792e-02 7.114733498796839417e-02 1.880760000000000209e-01 5.509639046063103535e-02 5.734646048277505792e-02 5.509639046063103535e-02 1.661559999999999981e-01
1.872750000000000248e-01 7.651206216268235938e-02 6.586477227076689700e-02 7.651206216268235938e-02 1.880760000000000209e-01 5.908726216120552266e-02 6.586477227076689700e-02 5.908726216120552266e-02 1.661559999999999981e-01
1.872750000000000248e-01 8.835462170914215596e-02 6.915682221247605732e-02 8.835462170914215596e-02 1.880760000000000209e-01 6.536066511449800664e-02 6.915682221247605732e-02 6.536066511449800664e-02 1.661559999999999981e-01
1.872750000000000248e-01 9.462103107177123607e-02 8.048437608475325633e-02 9.462103107177123607e-02 1.880760000000000209e-01 7.438486059704466080e-02 8.048437608475325633e-02 7.438486059704466080e-02 1.661559999999999981e-01
1.872750000000000248e-01 1.037686330383305183e-01 8.582576879770506539e-02 1.037686330383305183e-01 1.880760000000000209e-01 8.183297338323008985e-02 8.582576879770506539e-02 8.183297338323008985e-02 1.661559999999999981e-01
1.872750000000000248e-01 1.148398483822697519e-01 9.362310727128035637e-02 1.148398483822697519e-01 1.880760000000000209e-01 8.854483223893627741e-02 9.362310727128035637e-02 8.854483223893627741e-02 1.661559999999999981e-01
1.872750000000000248e-01 1.225621708451975350e-01 1.051782758189566541e-01 1.225621708451975350e-01 1.880760000000000209e-01 9.538500880388520176e-02 1.051782758189566541e-01 9.538500880388520176e-02 1.661559999999999981e-01
1.872750000000000248e-01 1.396379419247905651e-01 1.132926316156407237e-01 1.396379419247905651e-01 1.880760000000000209e-01 1.024214875861084034e-01 1.132926316156407237e-01 1.024214875861084034e-01 1.661559999999999981e-01
1.872750000000000248e-01 1.482547147612536531e-01 1.193349850039813337e-01 1.482547147612536531e-01 1.880760000000000209e-01 1.090857052073488653e-01 1.193349850039813337e-01 1.090857052073488653e-01 1.661559999999999981e-01
1.872750000000000248e-01 1.523740976131589542e-01 1.267127600330406889e-01 1.523740976131589542e-01 1.880760000000000209e-01 1.165860633812765279e-01 1.267127600330406889e-01 1.165860633812765279e-01 1.661559999999999981e-01
1.872750000000000248e-01 1.587788281526448519e-01 1.343817411881198798e-01 1.587788281526448519e-01 1.880760000000000209e-01 1.213287556876258694e-01 1.343817411881198798e-01 1.213287556876258694e-01 1.661559999999999981e-01
1.872750000000000248e-01 1.707920064330967491e-01 1.443473549733882977e-01 1.707920064330967491e-01 1.880760000000000209e-01 1.253355080150971856e-01 1.443473549733882977e-01 1.253355080150971856e-01 1.661559999999999981e-01
1.872750000000000248e-01 1.773299999999999876e-01 1.445299999999999918e-01 1.773299999999999876e-01 1.880760000000000209e-01 1.309160000000000046e-01 1.445299999999999918e-01 1.309160000000000046e-01 1.661559999999999981e-01
c: 
2.794999999999999929e+00
2.787999999999999812e+00
2.838999999999999968e+00
