CDF: 
4.799999999999999822e-01 6.400000000000000133e-01 8.100000000000000533e-01 1.000000000000000000e+00
2.099999999999999922e-01 2.300000000000000100e-01 3.300000000000000155e-01 1.000000000000000000e+00
1.300000000000000044e-01 4.400000000000000022e-01 4.699999999999999734e-01 1.000000000000000000e+00
sigma: 
1.394999999999999851e-01 3.358539027121608248e-04 3.648924801284538725e-03 3.358539027121608248e-04 1.770039999999999947e-01 2.152507166571784696e-03 3.648924801284538725e-03 2.152507166571784696e-03 1.823840000000000183e-01
1.394999999999999851e-01 7.495568239401859643e-03 1.126270235103136313e-02 7.495568239401859643e-03 1.770039999999999947e-01 7.626462150864394413e-03 1.126270235103136313e-02 7.626462150864394413e-03 1.823840000000000183e-01
1.394999999999999851e-01 9.888295154820531466e-03 1.611944243931165074e-02 9.888295154820531466e-03 1.770039999999999947e-01 2.201611565885134431e-02 1.611944243931165074e-02 2.201611565885134431e-02 1.823840000000000183e-01
1.394999999999999851e-01 1.371316158533113054e-02 2.264296939575284953e-02 1.371316158533113054e-02 1.770039999999999947e-01 2.665428779347731730e-02 2.264296939575284953e-02 2.665428779347731730e-02 1.823840000000000183e-01
1.394999999999999851e-01 1.956218323682201721e-02 2.432834257584227944e-02 1.956218323682201721e-02 1.770039999999999947e-01 2.980620299848126681e-02 2.432834257584227944e-02 2.980620299848126681e-02 1.823840000000000183e-01
1.394999999999999851e-01 2.454182292730858542e-02 3.179754647435473897e-02 2.454182292730858542e-02 1.770039999999999947e-01 3.795818929720862905e-02 3.179754647435473897e-02 3.795818929720862905e-02 1.823840000000000183e-01
1.394999999999999851e-01 2.888679514315492872e-02 4.139578936414111537e-02 2.888679514315492872e-02 1.770039999999999947e-01 4.864669138770953000e-02 4.139578936414111537e-02 4.864669138770953000e-02 1.823840000000000183e-01
1.394999999999999851e-01 3.253654092388980762e-02 4.236922169053644605e-02 3.253654092388980762e-02 1.770039999999999947e-01 5.353971529075568503e-02 4.236922169053644605e-02 5.353971529075568503e-02 1.823840000000000183e-01
1.394999999999999851e-01 3.914491317458320546e-02 5.304639965631412213e-02 3.914491317458320546e-02 1.770039999999999947e-01 6.269843327838403590e-02 5.304639965631412213e-02 6.269843327838403590e-02 1.823840000000000183e-01
1.394999999999999851e-01 4.210392358579208294e-02 5.996772623085590281e-02 4.210392358579208294e-02 1.770039999999999947e-01 7.431149651093629793e-02 5.996772623085590281e-02 7.431149651093629793e-02 1.823840000000000183e-01
1.394999999999999851e-01 4.428376962849162046e-02 6.638558265995539442e-02 4.428376962849162046e-02 1.770039999999999947e-01 8.146406140698499165e-02 6.638558265995539442e-02 8.146406140698499165e-02 1.823840000000000183e-01
1.394999999999999851e-01 5.237683739086549523e-02 6.946560944137115945e-02 5.237683739086549523e-02 1.770039999999999947e-01 8.197165864675863556e-02 6.946560944137115945e-02 8.197165864675863556e-02 1.823840000000000183e-01
1.394999999999999851e-01 5.397209860176708368e-02 7.797010585773432589e-02 5.397209860176708368e-02 1.770039999999999947e-01 8.982605520763331519e-02 7.797010585773432589e-02 8.982605520763331519e-02 1.823840000000000183e-01
1.394999999999999851e-01 5.803798874535499169e-02 7.912392125276732080e-02 5.803798874535499169e-02 1.770039999999999947e-01 1.038748317814389560e-01 7.912392125276732080e-02 1.038748317814389560e-01 1.823840000000000183e-01
1.394999999999999851e-01 6.158376055567020557e-02 8.975396081546024862e-02 6.158376055567020557e-02 1.770039999999999947e-01 1.098026912486227830e-01 8.975396081546024862e-02 1.098026912486227830e-01 1.823840000000000183e-01
1.394999999999999851e-01 6.906518786718741920e-02 9.069762661165553519e-02 6.906518786718741920e-02 1.770039999999999947e-01 1.121083804859165783e-01 9.069762661165553519e-02 1.121083804859165783e-01 1.823840000000000183e-01
1.394999999999999851e-01 7.269519096408068315e-02 1.006507748374734640e-01 7.269519096408068315e-02 1.770039999999999947e-01 1.210320102345105592e-01 1.006507748374734640e-01 1.210320102345105592e-01 1.823840000000000183e-01
1.394999999999999851e-01 7.517473613380269704e-02 1.065389437558775659e-01 7.517473613380269704e-02 1.770039999999999947e-01 1.338401300091856538e-01 1.065389437558775659e-01 1.338401300091856538e-01 1.823840000000000183e-01
1.394999999999999851e-01 8.050753502613278156e-02 1.122523970703822038e-01 8.050753502613278156e-02 1.770039999999999947e-01 1.352836173444690315e-01 1.122523970703822038e-01 1.352836173444690315e-01 1.823840000000000183e-01
1.394999999999999851e-01 8.293999999999999984e-02 1.148399999999999976e-01 8.293999999999999984e-02 1.770039999999999947e-01 1.415440000000000031e-01 1.148399999999999976e-01 1.415440000000000031e-01 1.823840000000000183e-01
c: 
1.395000000000000018e+00
2.236000000000000210e+00
2.810000000000000053e+00
