CDF: 
3.599999999999999867e-01 4.000000000000000222e-01 4.799999999999999822e-01 1.000000000000000000e+00
1.700000000000000122e-01 4.199999999999999845e-01 5.100000000000000089e-01 1.000000000000000000e+00
2.000000000000000111e-01 5.300000000000000266e-01 6.800000000000000488e-01 1.000000000000000000e+00
sigma: 
2.207999999999999963e-01 5.387603147116777234e-04 2.263110171952670020e-03 5.387603147116778318e-04 1.826240000000000363e-01 5.033268393079111391e-03 2.263110171952670020e-03 5.033268393079111391e-03 1.582840000000000358e-01
2.207999999999999963e-01 1.161374663797552255e-02 8.879736182002074055e-03 1.161374663797552255e-02 1.826240000000000363e-01 1.081182309426407216e-02 8.879736182002074055e-03 1.081182309426407216e-02 1.582840000000000358e-01
2.207999999999999963e-01 2.971534303582529582e-02 1.648262274880903794e-02 2.971534303582529929e-02 1.826240000000000363e-01 1.528840564692021675e-02 1.648262274880903794e-02 1.528840564692021675e-02 1.582840000000000358e-01
2.207999999999999963e-01 3.870841307389465830e-02 2.736168067014147290e-02 3.870841307389466524e-02 1.826240000000000363e-01 2.482187634378693955e-02 2.736168067014147290e-02 2.482187634378693955e-02 1.582840000000000358e-01
2.207999999999999963e-01 4.944659712297365395e-02 3.204924443997656663e-02 4.944659712297366089e-02 1.826240000000000363e-01 3.372463278829106875e-02 3.204924443997656663e-02 3.372463278829106875e-02 1.582840000000000358e-01
2.207999999999999963e-01 5.671883553107476966e-02 3.983054617416300486e-02 5.671883553107478354e-02 1.826240000000000363e-01 4.022798143168837548e-02 3.983054617416300486e-02 4.022798143168837548e-02 1.582840000000000358e-01
2.207999999999999963e-01 6.836612605937107678e-02 5.037781049843206849e-02 6.836612605937107678e-02 1.826240000000000363e-01 4.788586861261780181e-02 5.037781049843206849e-02 4.788586861261780181e-02 1.582840000000000358e-01
2.207999999999999963e-01 7.122388517093156124e-02 6.054348558221651910e-02 7.122388517093157512e-02 1.826240000000000363e-01 5.788836403070540815e-02 6.054348558221651910e-02 5.788836403070540815e-02 1.582840000000000358e-01
2.207999999999999963e-01 8.956867739281892948e-02 6.822754018714750901e-02 8.956867739281894336e-02 1.826240000000000363e-01 6.149245961344451672e-02 6.822754018714750901e-02 6.149245961344451672e-02 1.582840000000000358e-01
2.207999999999999963e-01 9.554439314529693250e-02 7.203130156249279437e-02 9.554439314529694638e-02 1.826240000000000363e-01 6.852325661376260091e-02 7.203130156249279437e-02 6.852325661376260091e-02 1.582840000000000358e-01
2.207999999999999963e-01 1.107398456564759326e-01 8.023039737239917590e-02 1.107398456564759465e-01 1.826240000000000363e-01 8.163579035397605654e-02 8.023039737239917590e-02 8.163579035397605654e-02 1.582840000000000358e-01
2.207999999999999963e-01 1.129540625367796425e-01 9.288008056888064079e-02 1.129540625367796564e-01 1.826240000000000363e-01 8.741100512593261151e-02 9.288008056888064079e-02 8.741100512593261151e-02 1.582840000000000358e-01
2.207999999999999963e-01 1.304561907243259877e-01 9.546457691692721015e-02 1.304561907243260155e-01 1.826240000000000363e-01 9.539499105468306206e-02 9.546457691692721015e-02 9.539499105468306206e-02 1.582840000000000358e-01
2.207999999999999963e-01 1.389038352780944674e-01 1.045635220022092665e-01 1.389038352780944674e-01 1.826240000000000363e-01 9.992203844073922758e-02 1.045635220022092665e-01 9.992203844073922758e-02 1.582840000000000358e-01
2.207999999999999963e-01 1.474278659238456579e-01 1.161903027721079423e-01 1.474278659238456579e-01 1.826240000000000363e-01 1.115497902481114439e-01 1.161903027721079423e-01 1.115497902481114439e-01 1.582840000000000358e-01
2.207999999999999963e-01 1.526229451478515742e-01 1.175844027847923329e-01 1.526229451478515742e-01 1.826240000000000363e-01 1.165171001875324602e-01 1.175844027847923329e-01 1.165171001875324602e-01 1.582840000000000358e-01
2.207999999999999963e-01 1.676804924895902438e-01 1.318426661706580683e-01 1.676804924895902715e-01 1.826240000000000363e-01 1.236680743723156811e-01 1.318426661706580683e-01 1.236680743723156811e-01 1.582840000000000358e-01
2.207999999999999963e-01 1.740496526764339080e-01 1.334800796052051375e-01 1.740496526764339358e-01 1.826240000000000363e-01 1.351671632072297125e-01 1.334800796052051375e-01 1.351671632072297125e-01 1.582840000000000358e-01
2.207999999999999963e-01 1.845564663767129132e-01 1.420246005698321268e-01 1.845564663767129410e-01 1.826240000000000363e-01 1.363413737175877827e-01 1.420246005698321268e-01 1.363413737175877827e-01 1.582840000000000358e-01
2.207999999999999963e-01 1.922399999999999942e-01 1.482400000000000384e-01 1.922400000000000220e-01 1.826240000000000363e-01 1.431040000000000090e-01 1.482400000000000384e-01 1.431040000000000090e-01 1.582840000000000358e-01
c: 
1.502000000000000002e+00
2.870999999999999996e+00
2.435000000000000053e+00
