CDF: 
1.700000000000000122e-01 3.800000000000000044e-01 4.600000000000000200e-01 1.000000000000000000e+00
1.300000000000000044e-01 2.399999999999999911e-01 3.900000000000000133e-01 1.000000000000000000e+00
2.700000000000000178e-01 3.099999999999999978e-01 4.699999999999999734e-01 1.000000000000000000e+00
sigma: 
1.842040000000000066e-01 4.224472574848487120e-04 6.852310702614800020e-03 4.224472574848487120e-04 1.595360000000000111e-01 2.511867632869004691e-03 6.852310702614800020e-03 2.511867632869004691e-03 1.947959999999999692e-01
1.842040000000000066e-01 9.483081354098804941e-03 1.141984685025153150e-02 9.483081354098804941e-03 1.595360000000000111e-01 1.268099423174088615e-02 1.141984685025153150e-02 1.268099423174088615e-02 1.947959999999999692e-01
1.842040000000000066e-01 2.344378314466821073e-02 2.214131097067839268e-02 2.344378314466821073e-02 1.595360000000000111e-01 2.349694437478652698e-02 2.214131097067839268e-02 2.349694437478652698e-02 1.947959999999999692e-01
1.842040000000000066e-01 3.249356173691342331e-02 3.630376872498759094e-02 3.249356173691342331e-02 1.595360000000000111e-01 2.572230108696151735e-02 3.630376872498759094e-02 2.572230108696151735e-02 1.947959999999999692e-01
1.842040000000000066e-01 3.652692198595122730e-02 4.523137946474268395e-02 3.652692198595122730e-02 1.595360000000000111e-01 3.836083115594720455e-02 4.523137946474268395e-02 3.836083115594720455e-02 1.947959999999999692e-01
1.842040000000000066e-01 4.315899376119642500e-02 5.529114324439855094e-02 4.315899376119642500e-02 1.595360000000000111e-01 4.926988971995933247e-02 5.529114324439855094e-02 4.926988971995933247e-02 1.947959999999999692e-01
1.842040000000000066e-01 5.297559847911338660e-02 6.501893681264352132e-02 5.297559847911338660e-02 1.595360000000000111e-01 5.226338276940517558e-02 6.501893681264352132e-02 5.226338276940517558e-02 1.947959999999999692e-01
1.842040000000000066e-01 6.454231491613945937e-02 7.742704135166232626e-02 6.454231491613945937e-02 1.595360000000000111e-01 6.135327603691884818e-02 7.742704135166232626e-02 6.135327603691884818e-02 1.947959999999999692e-01
1.842040000000000066e-01 7.173470572010777480e-02 8.359868968183352400e-02 7.173470572010777480e-02 1.595360000000000111e-01 6.908677667015739043e-02 8.359868968183352400e-02 6.908677667015739043e-02 1.947959999999999692e-01
1.842040000000000066e-01 8.076448546472342338e-02 9.667931722505059000e-02 8.076448546472342338e-02 1.595360000000000111e-01 8.238232932760512772e-02 9.667931722505059000e-02 8.238232932760512772e-02 1.947959999999999692e-01
1.842040000000000066e-01 8.780278084319982634e-02 1.002962834981460799e-01 8.780278084319982634e-02 1.595360000000000111e-01 8.760415519715923638e-02 1.002962834981460799e-01 8.760415519715923638e-02 1.947959999999999692e-01
1.842040000000000066e-01 1.001183330729169957e-01 1.095269688361879129e-01 1.001183330729169957e-01 1.595360000000000111e-01 9.945095110459063747e-02 1.095269688361879129e-01 9.945095110459063747e-02 1.947959999999999692e-01
1.842040000000000066e-01 1.045914350470560222e-01 1.258843098317002918e-01 1.045914350470560222e-01 1.595360000000000111e-01 1.040325740259389481e-01 1.258843098317002918e-01 1.040325740259389481e-01 1.947959999999999692e-01
1.842040000000000066e-01 1.142942954524481108e-01 1.279971496154209409e-01 1.142942954524481108e-01 1.595360000000000111e-01 1.179579860493071841e-01 1.279971496154209409e-01 1.179579860493071841e-01 1.947959999999999692e-01
1.842040000000000066e-01 1.197014768692414022e-01 1.412488156538701245e-01 1.197014768692414022e-01 1.595360000000000111e-01 1.247045325258708953e-01 1.412488156538701245e-01 1.247045325258708953e-01 1.947959999999999692e-01
1.842040000000000066e-01 1.254133763582031269e-01 1.499685981038499649e-01 1.254133763582031269e-01 1.595360000000000111e-01 1.347176337346390196e-01 1.499685981038499649e-01 1.347176337346390196e-01 1.947959999999999692e-01
1.842040000000000066e-01 1.358235024816518421e-01 1.588657313928873160e-01 1.358235024816518421e-01 1.595360000000000111e-01 1.443635550065659745e-01 1.588657313928873160e-01 1.443635550065659745e-01 1.947959999999999692e-01
1.842040000000000066e-01 1.465264935719519379e-01 1.678900926448736453e-01 1.465264935719519379e-01 1.595360000000000111e-01 1.519888820958564812e-01 1.678900926448736453e-01 1.519888820958564812e-01 1.947959999999999692e-01
1.842040000000000066e-01 1.577057932212133362e-01 1.828818715866906697e-01 1.577057932212133362e-01 1.595360000000000111e-01 1.611463638194066406e-01 1.828818715866906697e-01 1.611463638194066406e-01 1.947959999999999692e-01
1.842040000000000066e-01 1.587119999999999920e-01 1.843720000000000359e-01 1.587119999999999920e-01 1.595360000000000111e-01 1.614160000000000039e-01 1.843720000000000359e-01 1.614160000000000039e-01 1.947959999999999692e-01
c: 
2.302999999999999936e+00
1.733000000000000096e+00
2.319999999999999840e+00
