CDF: 
7.000000000000000666e-02 2.000000000000000111e-01 5.899999999999999689e-01 1.000000000000000000e+00
1.100000000000000006e-01 3.499999999999999778e-01 3.800000000000000044e-01 1.000000000000000000e+00
5.999999999999999778e-02 6.099999999999999867e-01 6.700000000000000400e-01 1.000000000000000000e+00
sigma: 
1.271359999999999713e-01 5.274290074939337776e-03 2.918389335873960121e-03 5.274290074939337776e-03 1.719999999999999862e-01 2.680104582615823309e-04 2.918389335873960121e-03 2.680104582615823309e-04 1.463039999999999896e-01
1.271359999999999713e-01 9.760462352623480026e-03 7.376184401072067957e-03 9.760462352623480026e-03 1.719999999999999862e-01 8.496890611429981296e-03 7.376184401072067957e-03 8.496890611429981296e-03 1.463039999999999896e-01
1.271359999999999713e-01 1.535403349894893382e-02 1.636352587307760009e-02 1.535403349894893382e-02 1.719999999999999862e-01 1.466714617859770156e-02 1.636352587307760009e-02 1.466714617859770330e-02 1.463039999999999896e-01
1.271359999999999713e-01 2.036735979026156607e-02 2.391389400080868796e-02 2.036735979026156607e-02 1.719999999999999862e-01 1.941601239520070882e-02 2.391389400080868796e-02 1.941601239520070882e-02 1.463039999999999896e-01
1.271359999999999713e-01 2.864221081152938317e-02 2.923561381823856428e-02 2.864221081152938317e-02 1.719999999999999862e-01 2.193542437286457453e-02 2.923561381823856428e-02 2.193542437286457800e-02 1.463039999999999896e-01
1.271359999999999713e-01 3.378314852671989582e-02 3.167391225940710542e-02 3.378314852671989582e-02 1.719999999999999862e-01 2.718438030837861882e-02 3.167391225940710542e-02 2.718438030837862229e-02 1.463039999999999896e-01
1.271359999999999713e-01 3.717494650936223333e-02 3.935268671782467947e-02 3.717494650936223333e-02 1.719999999999999862e-01 3.480353705767685879e-02 3.935268671782467947e-02 3.480353705767686573e-02 1.463039999999999896e-01
1.271359999999999713e-01 4.675699183014412480e-02 4.838302678447540389e-02 4.675699183014412480e-02 1.719999999999999862e-01 3.830513390566536724e-02 4.838302678447540389e-02 3.830513390566536724e-02 1.463039999999999896e-01
1.271359999999999713e-01 4.978743912001919181e-02 5.323672620521341381e-02 4.978743912001919181e-02 1.719999999999999862e-01 4.490756872079489787e-02 5.323672620521341381e-02 4.490756872079490480e-02 1.463039999999999896e-01
1.271359999999999713e-01 5.829205981551927040e-02 5.979805034545829234e-02 5.829205981551927040e-02 1.719999999999999862e-01 4.929629844283203721e-02 5.979805034545829234e-02 4.929629844283205109e-02 1.463039999999999896e-01
1.271359999999999713e-01 6.324076578151739680e-02 6.748247681042966739e-02 6.324076578151739680e-02 1.719999999999999862e-01 5.440623943417104841e-02 6.748247681042966739e-02 5.440623943417106229e-02 1.463039999999999896e-01
1.271359999999999713e-01 6.662644368785386462e-02 7.350658929808456810e-02 6.662644368785386462e-02 1.719999999999999862e-01 5.709359447909964635e-02 7.350658929808456810e-02 5.709359447909966023e-02 1.463039999999999896e-01
1.271359999999999713e-01 7.399147312383887176e-02 7.901314185180867422e-02 7.399147312383887176e-02 1.719999999999999862e-01 6.289094654490108571e-02 7.901314185180867422e-02 6.289094654490109959e-02 1.463039999999999896e-01
1.271359999999999713e-01 7.776910106751137863e-02 8.398921181325094687e-02 7.776910106751137863e-02 1.719999999999999862e-01 6.987045189883168972e-02 8.398921181325094687e-02 6.987045189883170360e-02 1.463039999999999896e-01
1.271359999999999713e-01 8.657999081989969925e-02 9.442101200225004598e-02 8.657999081989969925e-02 1.719999999999999862e-01 7.299149436736873664e-02 9.442101200225004598e-02 7.299149436736873664e-02 1.463039999999999896e-01
1.271359999999999713e-01 9.391495374365355087e-02 9.823315463211673704e-02 9.391495374365355087e-02 1.719999999999999862e-01 7.835087028536658060e-02 9.823315463211673704e-02 7.835087028536659448e-02 1.463039999999999896e-01
1.271359999999999713e-01 9.700956565322438330e-02 1.031802714098901536e-01 9.700956565322438330e-02 1.719999999999999862e-01 8.486206452682376611e-02 1.031802714098901536e-01 8.486206452682377999e-02 1.463039999999999896e-01
1.271359999999999713e-01 1.020438957545907327e-01 1.112948356689068830e-01 1.020438957545907327e-01 1.719999999999999862e-01 8.854318857802842557e-02 1.112948356689068830e-01 8.854318857802843945e-02 1.463039999999999896e-01
1.271359999999999713e-01 1.096301703708709441e-01 1.152332993203798728e-01 1.096301703708709441e-01 1.719999999999999862e-01 9.355760249315632493e-02 1.152332993203798728e-01 9.355760249315633881e-02 1.463039999999999896e-01
1.271359999999999713e-01 1.118399999999999950e-01 1.197119999999999851e-01 1.118399999999999950e-01 1.719999999999999862e-01 9.647999999999998244e-02 1.197119999999999851e-01 9.647999999999999632e-02 1.463039999999999896e-01
c: 
2.603000000000000203e+00
2.515000000000000124e+00
1.790999999999999925e+00
