CDF: 
6.500000000000000222e-01 7.800000000000000266e-01 9.100000000000000311e-01 1.000000000000000000e+00
1.499999999999999944e-01 2.800000000000000266e-01 4.000000000000000222e-01 1.000000000000000000e+00
3.499999999999999778e-01 5.699999999999999512e-01 7.900000000000000355e-01 1.000000000000000000e+00
sigma: 
8.283599999999999297e-02 7.260067253269095785e-05 2.577087906297690582e-03 7.260067253269095785e-05 1.908989999999999854e-01 1.281574439364155903e-03 2.577087906297690582e-03 1.281574439364155903e-03 1.431959999999999900e-01
8.283599999999999297e-02 4.850708856965767028e-03 5.158206041338934261e-03 4.850708856965767028e-03 1.908989999999999854e-01 9.195688261098719507e-03 5.158206041338934261e-03 9.195688261098719507e-03 1.431959999999999900e-01
8.283599999999999297e-02 6.190972113369499000e-03 9.794553667069319167e-03 6.190972113369499000e-03 1.908989999999999854e-01 1.103518407979708557e-02 9.794553667069319167e-03 1.103518407979708557e-02 1.431959999999999900e-01
8.283599999999999297e-02 8.234304359030974671e-03 1.702338557552465770e-02 8.234304359030974671e-03 1.908989999999999854e-01 1.681286827242133713e-02 1.702338557552465770e-02 1.681286827242133713e-02 1.431959999999999900e-01
8.283599999999999297e-02 1.121968697597685791e-02 2.040285374695952059e-02 1.121968697597685791e-02 1.908989999999999854e-01 2.135835932306401688e-02 2.040285374695952059e-02 2.135835932306401688e-02 1.431959999999999900e-01
8.283599999999999297e-02 1.516202198985719223e-02 2.765788077275982068e-02 1.516202198985719223e-02 1.908989999999999854e-01 3.119500871411538118e-02 2.765788077275982068e-02 3.119500871411538118e-02 1.431959999999999900e-01
8.283599999999999297e-02 1.616355302244124742e-02 3.080456947941506707e-02 1.616355302244124742e-02 1.908989999999999854e-01 3.241533759274514009e-02 3.080456947941506707e-02 3.241533759274514009e-02 1.431959999999999900e-01
8.283599999999999297e-02 2.016142938528073247e-02 3.562821660663165885e-02 2.016142938528073247e-02 1.908989999999999854e-01 4.254440984257033126e-02 3.562821660663165885e-02 4.254440984257033126e-02 1.431959999999999900e-01
8.283599999999999297e-02 2.154104402377950839e-02 3.759861889908341914e-02 2.154104402377950839e-02 1.908989999999999854e-01 4.669055840751722836e-02 3.759861889908341914e-02 4.669055840751722836e-02 1.431959999999999900e-01
8.283599999999999297e-02 2.374618756018423080e-02 4.621381523798753083e-02 2.374618756018423080e-02 1.908989999999999854e-01 5.164131775085867293e-02 4.621381523798753083e-02 5.164131775085867293e-02 1.431959999999999900e-01
8.283599999999999297e-02 2.652298341837710377e-02 5.098851023838842089e-02 2.652298341837710377e-02 1.908989999999999854e-01 5.342818481177829398e-02 5.098851023838842089e-02 5.342818481177829398e-02 1.431959999999999900e-01
8.283599999999999297e-02 2.980682530840252434e-02 5.291240728623888834e-02 2.980682530840252434e-02 1.908989999999999854e-01 6.339017045252474947e-02 5.291240728623888834e-02 6.339017045252474947e-02 1.431959999999999900e-01
8.283599999999999297e-02 3.353581534427923366e-02 5.624470236999207923e-02 3.353581534427923366e-02 1.908989999999999854e-01 6.902321234720815157e-02 5.624470236999207923e-02 6.902321234720815157e-02 1.431959999999999900e-01
8.283599999999999297e-02 3.502337057746282567e-02 6.471239292018943212e-02 3.502337057746282567e-02 1.908989999999999854e-01 7.302395302480953199e-02 6.471239292018943212e-02 7.302395302480953199e-02 1.431959999999999900e-01
8.283599999999999297e-02 3.887671568814766998e-02 6.605048149595484086e-02 3.887671568814766998e-02 1.908989999999999854e-01 7.734069324463754835e-02 6.605048149595484086e-02 7.734069324463754835e-02 1.431959999999999900e-01
8.283599999999999297e-02 4.055636076492737108e-02 7.159490621120848108e-02 4.055636076492737108e-02 1.908989999999999854e-01 8.452108870908299487e-02 7.159490621120848108e-02 8.452108870908299487e-02 1.431959999999999900e-01
8.283599999999999297e-02 4.258276738175083981e-02 7.464468956111942888e-02 4.258276738175083981e-02 1.908989999999999854e-01 8.558297421298868835e-02 7.464468956111942888e-02 8.558297421298868835e-02 1.431959999999999900e-01
8.283599999999999297e-02 4.578597798771478350e-02 8.240134687999174645e-02 4.578597798771478350e-02 1.908989999999999854e-01 9.310256858011922709e-02 8.240134687999174645e-02 9.310256858011922709e-02 1.431959999999999900e-01
8.283599999999999297e-02 4.862757989898349592e-02 8.689693412732656108e-02 4.862757989898349592e-02 1.908989999999999854e-01 9.681054423343002369e-02 8.689693412732656108e-02 9.681054423343002369e-02 1.431959999999999900e-01
8.283599999999999297e-02 4.984200000000000436e-02 8.848399999999999321e-02 4.984200000000000436e-02 1.908989999999999854e-01 1.010980000000000073e-01 8.848399999999999321e-02 1.010980000000000073e-01 1.431959999999999900e-01
c: 
1.233000000000000096e+00
1.068000000000000060e+00
1.338000000000000078e+00
