CDF: 
5.200000000000000178e-01 5.899999999999999689e-01 6.500000000000000222e-01 1.000000000000000000e+00
3.300000000000000155e-01 7.800000000000000266e-01 8.100000000000000533e-01 1.000000000000000000e+00
2.800000000000000266e-01 7.199999999999999734e-01 7.700000000000000178e-01 1.000000000000000000e+00
sigma: 
2.154750000000000276e-01 4.075806882933422949e-03 5.705761740951125274e-03 4.075806882933422949e-03 1.376640000000000086e-01 5.945692764237594900e-03 5.705761740951125274e-03 5.945692764237594900e-03 1.553789999999999893e-01
2.154750000000000276e-01 8.407960199431366299e-03 1.037299431803095223e-02 8.407960199431366299e-03 1.376640000000000086e-01 1.107990995308138875e-02 1.037299431803095223e-02 1.107990995308138875e-02 1.553789999999999893e-01
2.154750000000000276e-01 1.385595826848273066e-02 1.607623269141240582e-02 1.385595826848273066e-02 1.376640000000000086e-01 1.869247324114462275e-02 1.607623269141240582e-02 1.869247324114462275e-02 1.553789999999999893e-01
2.154750000000000276e-01 1.947236599153581715e-02 2.812620322691494409e-02 1.947236599153581715e-02 1.376640000000000086e-01 2.708354553314632276e-02 2.812620322691494409e-02 2.708354553314632276e-02 1.553789999999999893e-01
2.154750000000000276e-01 2.608243851060461013e-02 3.562720183823649828e-02 2.608243851060461013e-02 1.376640000000000086e-01 3.149652722150709377e-02 3.562720183823649828e-02 3.149652722150709377e-02 1.553789999999999893e-01
2.154750000000000276e-01 3.684846725615232438e-02 3.885181705391629187e-02 3.684846725615232438e-02 1.376640000000000086e-01 3.975741594862074874e-02 3.885181705391629187e-02 3.975741594862074874e-02 1.553789999999999893e-01
2.154750000000000276e-01 4.433354688440522412e-02 4.867046290157804600e-02 4.433354688440522412e-02 1.376640000000000086e-01 4.798003510301768193e-02 4.867046290157804600e-02 4.798003510301768193e-02 1.553789999999999893e-01
2.154750000000000276e-01 5.073567356559754993e-02 5.621906116509357149e-02 5.073567356559754993e-02 1.376640000000000086e-01 5.508920711081559396e-02 5.621906116509357149e-02 5.508920711081559396e-02 1.553789999999999893e-01
2.154750000000000276e-01 5.737812626857522608e-02 6.224499628012133273e-02 5.737812626857522608e-02 1.376640000000000086e-01 6.294993238290588766e-02 6.224499628012133273e-02 6.294993238290588766e-02 1.553789999999999893e-01
2.154750000000000276e-01 6.329238213176006933e-02 7.685187276561881997e-02 6.329238213176006933e-02 1.376640000000000086e-01 6.494850242732590206e-02 7.685187276561881997e-02 6.494850242732590206e-02 1.553789999999999893e-01
2.154750000000000276e-01 6.545929792728452656e-02 8.422063082770187004e-02 6.545929792728452656e-02 1.376640000000000086e-01 7.533107432767753575e-02 8.422063082770187004e-02 7.533107432767753575e-02 1.553789999999999893e-01
2.154750000000000276e-01 7.132941786571606047e-02 8.603165606881947591e-02 7.132941786571606047e-02 1.376640000000000086e-01 7.974738022568508833e-02 8.603165606881947591e-02 7.974738022568508833e-02 1.553789999999999893e-01
2.154750000000000276e-01 8.011596569375825649e-02 9.509519330534135784e-02 8.011596569375825649e-02 1.376640000000000086e-01 8.815200611623338900e-02 9.509519330534135784e-02 8.815200611623338900e-02 1.553789999999999893e-01
2.154750000000000276e-01 8.556443826873229297e-02 1.037377079553122583e-01 8.556443826873229297e-02 1.376640000000000086e-01 9.922380543306859313e-02 1.037377079553122583e-01 9.922380543306859313e-02 1.553789999999999893e-01
2.154750000000000276e-01 9.241684750858412956e-02 1.107200378993332957e-01 9.241684750858412956e-02 1.376640000000000086e-01 1.056898751155269517e-01 1.107200378993332957e-01 1.056898751155269517e-01 1.553789999999999893e-01
2.154750000000000276e-01 1.021642218808029301e-01 1.196001863142537730e-01 1.021642218808029301e-01 1.376640000000000086e-01 1.129757211960178281e-01 1.196001863142537730e-01 1.129757211960178281e-01 1.553789999999999893e-01
2.154750000000000276e-01 1.092657787411923653e-01 1.291409180604421725e-01 1.092657787411923653e-01 1.376640000000000086e-01 1.205377190092686429e-01 1.291409180604421725e-01 1.205377190092686429e-01 1.553789999999999893e-01
2.154750000000000276e-01 1.163032909733865000e-01 1.325074884787419693e-01 1.163032909733865000e-01 1.376640000000000086e-01 1.215995974208915059e-01 1.325074884787419693e-01 1.215995974208915059e-01 1.553789999999999893e-01
2.154750000000000276e-01 1.191356375743590212e-01 1.436464095420977860e-01 1.191356375743590212e-01 1.376640000000000086e-01 1.312043899776095812e-01 1.436464095420977860e-01 1.312043899776095812e-01 1.553789999999999893e-01
2.154750000000000276e-01 1.229999999999999982e-01 1.461250000000000049e-01 1.229999999999999982e-01 1.376640000000000086e-01 1.348840000000000039e-01 1.461250000000000049e-01 1.348840000000000039e-01 1.553789999999999893e-01
c: 
2.423999999999999932e+00
2.130999999999999783e+00
1.457000000000000073e+00
