CDF: 
1.799999999999999933e-01 2.600000000000000089e-01 2.800000000000000266e-01 1.000000000000000000e+00
3.200000000000000067e-01 4.099999999999999756e-01 5.500000000000000444e-01 1.000000000000000000e+00
1.700000000000000122e-01 2.099999999999999922e-01 4.400000000000000022e-01 1.000000000000000000e+00
sigma: 
1.838440000000000074e-01 1.401997352798165127e-03 2.893918900308407351e-03 1.401997352798165127e-03 2.124990000000000212e-01 2.197213439602599492e-03 2.893918900308407351e-03 2.197213439602599492e-03 1.804110000000000158e-01
1.838440000000000074e-01 1.069309164174245610e-02 1.059435397109143549e-02 1.069309164174245610e-02 2.124990000000000212e-01 1.485604252424729474e-02 1.059435397109143549e-02 1.485604252424729474e-02 1.804110000000000158e-01
1.838440000000000074e-01 1.956065201701544243e-02 1.897439055788177967e-02 1.956065201701544243e-02 2.124990000000000212e-01 2.258378698113417890e-02 1.897439055788177967e-02 2.258378698113417890e-02 1.804110000000000158e-01
1.838440000000000074e-01 2.279840650396159143e-02 2.536418579603544679e-02 2.279840650396159143e-02 2.124990000000000212e-01 2.866500348751499852e-02 2.536418579603544679e-02 2.866500348751499852e-02 1.804110000000000158e-01
1.838440000000000074e-01 3.156966295797829225e-02 3.149720553444130405e-02 3.156966295797829225e-02 2.124990000000000212e-01 3.756980171626454063e-02 3.149720553444130405e-02 3.756980171626454063e-02 1.804110000000000158e-01
1.838440000000000074e-01 3.806167491450161700e-02 3.945079133685088640e-02 3.806167491450161700e-02 2.124990000000000212e-01 5.251350986525456233e-02 3.945079133685088640e-02 5.251350986525456233e-02 1.804110000000000158e-01
1.838440000000000074e-01 4.304952736830128940e-02 4.957820061938548323e-02 4.304952736830128940e-02 2.124990000000000212e-01 5.839446681778721199e-02 4.957820061938548323e-02 5.839446681778721199e-02 1.804110000000000158e-01
1.838440000000000074e-01 5.329345658421394405e-02 5.547379782280863897e-02 5.329345658421394405e-02 2.124990000000000212e-01 6.507830836089316395e-02 5.547379782280863897e-02 6.507830836089316395e-02 1.804110000000000158e-01
1.838440000000000074e-01 6.235030183102039519e-02 6.704049369908371414e-02 6.235030183102039519e-02 2.124990000000000212e-01 7.629844423101253548e-02 6.704049369908371414e-02 7.629844423101253548e-02 1.804110000000000158e-01
1.838440000000000074e-01 6.472396404394584191e-02 6.987946747743734033e-02 6.472396404394584191e-02 2.124990000000000212e-01 8.488855274707440834e-02 6.987946747743734033e-02 8.488855274707440834e-02 1.804110000000000158e-01
1.838440000000000074e-01 7.535097230906101506e-02 8.325279095054610723e-02 7.535097230906101506e-02 2.124990000000000212e-01 9.237477149544204291e-02 8.325279095054610723e-02 9.237477149544204291e-02 1.804110000000000158e-01
1.838440000000000074e-01 8.383435985891343756e-02 8.667400470987218775e-02 8.383435985891343756e-02 2.124990000000000212e-01 1.070412179018324500e-01 8.667400470987218775e-02 1.070412179018324500e-01 1.804110000000000158e-01
1.838440000000000074e-01 8.607512186300245172e-02 9.302303386105828520e-02 8.607512186300245172e-02 2.124990000000000212e-01 1.142728116653364406e-01 9.302303386105828520e-02 1.142728116653364406e-01 1.804110000000000158e-01
1.838440000000000074e-01 9.753538551360599329e-02 1.076125520581871914e-01 9.753538551360599329e-02 2.124990000000000212e-01 1.223044231785451463e-01 1.076125520581871914e-01 1.223044231785451463e-01 1.804110000000000158e-01
1.838440000000000074e-01 1.025597867914211092e-01 1.129660170666693525e-01 1.025597867914211092e-01 2.124990000000000212e-01 1.322111818521253812e-01 1.129660170666693525e-01 1.322111818521253812e-01 1.804110000000000158e-01
1.838440000000000074e-01 1.101395036319515325e-01 1.198496734246208006e-01 1.101395036319515325e-01 2.124990000000000212e-01 1.407292016452553474e-01 1.198496734246208006e-01 1.407292016452553474e-01 1.804110000000000158e-01
1.838440000000000074e-01 1.139268026338328132e-01 1.271525691823813531e-01 1.139268026338328132e-01 2.124990000000000212e-01 1.467579700939432574e-01 1.271525691823813531e-01 1.467579700939432574e-01 1.804110000000000158e-01
1.838440000000000074e-01 1.208766356889496851e-01 1.373777467262254082e-01 1.208766356889496851e-01 2.124990000000000212e-01 1.560481895207366243e-01 1.373777467262254082e-01 1.560481895207366243e-01 1.804110000000000158e-01
1.838440000000000074e-01 1.326388494999791445e-01 1.405532790130034904e-01 1.326388494999791445e-01 2.124990000000000212e-01 1.633433957211852527e-01 1.405532790130034904e-01 1.633433957211852527e-01 1.804110000000000158e-01
1.838440000000000074e-01 1.332659999999999956e-01 1.469779999999999975e-01 1.332659999999999956e-01 2.124990000000000212e-01 1.712670000000000026e-01 1.469779999999999975e-01 1.712670000000000026e-01 1.804110000000000158e-01
c: 
1.687999999999999945e+00
1.588000000000000078e+00
1.233999999999999986e+00
