CDF: 
2.099999999999999922e-01 2.899999999999999800e-01 4.500000000000000111e-01 1.000000000000000000e+00
2.700000000000000178e-01 7.099999999999999645e-01 8.699999999999999956e-01 1.000000000000000000e+00
2.000000000000000111e-01 5.799999999999999600e-01 6.300000000000000044e-01 1.000000000000000000e+00
sigma: 
1.979640000000000288e-01 3.246528149142158520e-03 4.959331953793806938e-03 3.246528149142158520e-03 9.951599999999999335e-02 3.199796379136046320e-03 4.959331953793806938e-03 3.199796379136046320e-03 1.993710000000000204e-01
1.979640000000000288e-01 6.456635245131959501e-03 1.463167083340244368e-02 6.456635245131959501e-03 9.951599999999999335e-02 8.864315095345543308e-03 1.463167083340244368e-02 8.864315095345543308e-03 1.993710000000000204e-01
1.979640000000000288e-01 1.096866140480457115e-02 2.102725062535108075e-02 1.096866140480457115e-02 9.951599999999999335e-02 1.100080930967824340e-02 2.102725062535108075e-02 1.100080930967824340e-02 1.993710000000000204e-01
1.979640000000000288e-01 1.396121971280236095e-02 2.670081206432246487e-02 1.396121971280236095e-02 9.951599999999999335e-02 1.902125016192289866e-02 2.670081206432246487e-02 1.902125016192289866e-02 1.993710000000000204e-01
1.979640000000000288e-01 1.855969394311967821e-02 3.184594189003341763e-02 1.855969394311967821e-02 9.951599999999999335e-02 2.489223458140716813e-02 3.184594189003341763e-02 2.489223458140716813e-02 1.993710000000000204e-01
1.979640000000000288e-01 2.235045066839718916e-02 4.604480945017754012e-02 2.235045066839718916e-02 9.951599999999999335e-02 3.011354361669871249e-02 4.604480945017754012e-02 3.011354361669871249e-02 1.993710000000000204e-01
1.979640000000000288e-01 2.725893556607299900e-02 4.669187908530152142e-02 2.725893556607299900e-02 9.951599999999999335e-02 3.151099088757197686e-02 4.669187908530152142e-02 3.151099088757197686e-02 1.993710000000000204e-01
1.979640000000000288e-01 3.098753571290684128e-02 5.935445437103337857e-02 3.098753571290684128e-02 9.951599999999999335e-02 3.629928909467856901e-02 5.935445437103337857e-02 3.629928909467856901e-02 1.993710000000000204e-01
1.979640000000000288e-01 3.426209584848168010e-02 6.294317036439286972e-02 3.426209584848168010e-02 9.951599999999999335e-02 4.410633342500588222e-02 6.294317036439286972e-02 4.410633342500588222e-02 1.993710000000000204e-01
1.979640000000000288e-01 3.803847210744346757e-02 7.247304716884996056e-02 3.803847210744346757e-02 9.951599999999999335e-02 5.065966699765336867e-02 7.247304716884996056e-02 5.065966699765336867e-02 1.993710000000000204e-01
1.979640000000000288e-01 4.300782410905996250e-02 7.827873743820193408e-02 4.300782410905996250e-02 9.951599999999999335e-02 5.483516811598206780e-02 7.827873743820193408e-02 5.483516811598206780e-02 1.993710000000000204e-01
1.979640000000000288e-01 4.597848236507022512e-02 8.800129151966715191e-02 4.597848236507022512e-02 9.951599999999999335e-02 5.688216865612470696e-02 8.800129151966715191e-02 5.688216865612470696e-02 1.993710000000000204e-01
1.979640000000000288e-01 4.863461007745117221e-02 9.556166394226048300e-02 4.863461007745117221e-02 9.951599999999999335e-02 6.583179081377385500e-02 9.556166394226048300e-02 6.583179081377385500e-02 1.993710000000000204e-01
1.979640000000000288e-01 5.229665405662837357e-02 1.056977973964604439e-01 5.229665405662837357e-02 9.951599999999999335e-02 6.833179227985214377e-02 1.056977973964604439e-01 6.833179227985214377e-02 1.993710000000000204e-01
1.979640000000000288e-01 5.549145580228075775e-02 1.136395471004542218e-01 5.549145580228075775e-02 9.951599999999999335e-02 7.544949546966561726e-02 1.136395471004542218e-01 7.544949546966561726e-02 1.993710000000000204e-01
1.979640000000000288e-01 5.999916162154036309e-02 1.227578635695093789e-01 5.999916162154036309e-02 9.951599999999999335e-02 8.112341305846103301e-02 1.227578635695093789e-01 8.112341305846103301e-02 1.993710000000000204e-01
1.979640000000000288e-01 6.306417505435731041e-02 1.313071807022692661e-01 6.306417505435731041e-02 9.951599999999999335e-02 8.405354950434595906e-02 1.313071807022692661e-01 8.405354950434595906e-02 1.993710000000000204e-01
1.979640000000000288e-01 6.701188424421967993e-02 1.319433182739131460e-01 6.701188424421967993e-02 9.951599999999999335e-02 8.703624077503743783e-02 1.319433182739131460e-01 8.703624077503743783e-02 1.993710000000000204e-01
1.979640000000000288e-01 7.082714321408581370e-02 1.405980343166594593e-01 7.082714321408581370e-02 9.951599999999999335e-02 9.547770175122467784e-02 1.405980343166594593e-01 9.547770175122467784e-02 1.993710000000000204e-01
1.979640000000000288e-01 7.446800000000000641e-02 1.472620000000000040e-01 7.446800000000000641e-02 9.951599999999999335e-02 9.669400000000000217e-02 1.472620000000000040e-01 9.669400000000000217e-02 1.993710000000000204e-01
c: 
2.517999999999999794e+00
1.891999999999999904e+00
1.560000000000000053e+00
