CDF: 
1.100000000000000006e-01 3.099999999999999978e-01 6.500000000000000222e-01 1.000000000000000000e+00
2.500000000000000000e-01 3.499999999999999778e-01 4.699999999999999734e-01 1.000000000000000000e+00
3.300000000000000155e-01 3.900000000000000133e-01 4.099999999999999756e-01 1.000000000000000000e+00
sigma: 
1.598160000000000136e-01 5.401956162251751389e-03 1.629820910709749507e-03 5.401956162251751389e-03 2.100239999999999885e-01 4.619172283709505056e-03 1.629820910709749507e-03 4.619172283709505056e-03 2.299960000000000060e-01
1.598160000000000136e-01 8.071697058272864905e-03 1.278631029890382222e-02 8.071697058272864905e-03 2.100239999999999885e-01 1.392760356894504059e-02 1.278631029890382222e-02 1.392760356894504059e-02 2.299960000000000060e-01
1.598160000000000136e-01 2.282335753339783876e-02 1.972166305382961823e-02 2.282335753339783876e-02 2.100239999999999885e-01 3.156866456620612688e-02 1.972166305382961823e-02 3.156866456620612688e-02 2.299960000000000060e-01
1.598160000000000136e-01 2.898179904187662623e-02 2.847758728768165146e-02 2.898179904187662623e-02 2.100239999999999885e-01 3.992862482116013578e-02 2.847758728768165146e-02 3.992862482116013578e-02 2.299960000000000060e-01
1.598160000000000136e-01 3.793385726400591573e-02 3.099161343923570108e-02 3.793385726400591573e-02 2.100239999999999885e-01 5.189750520589073851e-02 3.099161343923570108e-02 5.189750520589073851e-02 2.299960000000000060e-01
1.598160000000000136e-01 4.053109950273299511e-02 3.891989409724000426e-02 4.053109950273299511e-02 2.100239999999999885e-01 5.953107525171989073e-02 3.891989409724000426e-02 5.953107525171989073e-02 2.299960000000000060e-01
1.598160000000000136e-01 5.323102413039089431e-02 4.584014698092011425e-02 5.323102413039089431e-02 2.100239999999999885e-01 6.724782642566386193e-02 4.584014698092011425e-02 6.724782642566386193e-02 2.299960000000000060e-01
1.598160000000000136e-01 5.479027086299382426e-02 5.920385224206130975e-02 5.479027086299382426e-02 2.100239999999999885e-01 8.578658559901609915e-02 5.920385224206130975e-02 8.578658559901609915e-02 2.299960000000000060e-01
1.598160000000000136e-01 6.568780750239892885e-02 6.677502337544106992e-02 6.568780750239892885e-02 2.100239999999999885e-01 8.814857346613505507e-02 6.677502337544106992e-02 8.814857346613505507e-02 2.299960000000000060e-01
1.598160000000000136e-01 6.897722648623343111e-02 7.236896689591050535e-02 6.897722648623343111e-02 2.100239999999999885e-01 1.002632059962267203e-01 7.236896689591050535e-02 1.002632059962267203e-01 2.299960000000000060e-01
1.598160000000000136e-01 8.374386761002469703e-02 7.674813963622276192e-02 8.374386761002469703e-02 2.100239999999999885e-01 1.115250501407127892e-01 7.674813963622276192e-02 1.115250501407127892e-01 2.299960000000000060e-01
1.598160000000000136e-01 8.451707643698484762e-02 8.572133505267072462e-02 8.451707643698484762e-02 2.100239999999999885e-01 1.216642414010309092e-01 8.572133505267072462e-02 1.216642414010309092e-01 2.299960000000000060e-01
1.598160000000000136e-01 9.859687364156836942e-02 9.551105713965393762e-02 9.859687364156836942e-02 2.100239999999999885e-01 1.342705129717243484e-01 9.551105713965393762e-02 1.342705129717243484e-01 2.299960000000000060e-01
1.598160000000000136e-01 1.028327314670573339e-01 9.833214029096953857e-02 1.028327314670573339e-01 2.100239999999999885e-01 1.504342365234339896e-01 9.833214029096953857e-02 1.504342365234339896e-01 2.299960000000000060e-01
1.598160000000000136e-01 1.137319488872960832e-01 1.095855272862437529e-01 1.137319488872960832e-01 2.100239999999999885e-01 1.564834248349438739e-01 1.095855272862437529e-01 1.564834248349438739e-01 2.299960000000000060e-01
1.598160000000000136e-01 1.200529469239297181e-01 1.149384347258825267e-01 1.200529469239297181e-01 2.100239999999999885e-01 1.634788109824749369e-01 1.149384347258825267e-01 1.634788109824749369e-01 2.299960000000000060e-01
1.598160000000000136e-01 1.250327234025483958e-01 1.258010466250254200e-01 1.250327234025483958e-01 2.100239999999999885e-01 1.779826175611902705e-01 1.258010466250254200e-01 1.779826175611902705e-01 2.299960000000000060e-01
1.598160000000000136e-01 1.349668914957119492e-01 1.273124177482473640e-01 1.349668914957119492e-01 2.100239999999999885e-01 1.919815594929273339e-01 1.273124177482473640e-01 1.919815594929273339e-01 2.299960000000000060e-01
1.598160000000000136e-01 1.385416138496731731e-01 1.353517206681695284e-01 1.385416138496731731e-01 2.100239999999999885e-01 1.981845614909070463e-01 1.353517206681695284e-01 1.981845614909070463e-01 2.299960000000000060e-01
1.598160000000000136e-01 1.447280000000000233e-01 1.414559999999999984e-01 1.447280000000000233e-01 2.100239999999999885e-01 2.044480000000000186e-01 1.414559999999999984e-01 2.044480000000000186e-01 2.299960000000000060e-01
c: 
1.506999999999999895e+00
1.993000000000000105e+00
1.997000000000000108e+00
