CDF: 
2.300000000000000100e-01 5.699999999999999512e-01 9.300000000000000488e-01 1.000000000000000000e+00
6.099999999999999867e-01 6.700000000000000400e-01 7.399999999999999911e-01 1.000000000000000000e+00
1.799999999999999933e-01 6.199999999999999956e-01 9.399999999999999467e-01 1.000000000000000000e+00
sigma: 
6.085600000000000037e-02 8.060501736324422956e-04 1.137959709344309005e-03 8.060501736324422956e-04 1.845310000000000006e-01 2.370068305542903393e-03 1.137959709344309005e-03 2.370068305542903393e-03 5.319999999999999729e-02
6.085600000000000037e-02 7.608239633863043798e-03 4.549074096319077019e-03 7.608239633863043798e-03 1.845310000000000006e-01 6.978662223271518521e-03 4.549074096319077019e-03 6.978662223271518521e-03 5.319999999999999729e-02
6.085600000000000037e-02 1.015234499602695253e-02 5.663393633339312491e-03 1.015234499602695253e-02 1.845310000000000006e-01 1.068754814353171066e-02 5.663393633339312491e-03 1.068754814353171066e-02 5.319999999999999729e-02
6.085600000000000037e-02 1.313500013181972785e-02 9.053264058730274219e-03 1.313500013181972785e-02 1.845310000000000006e-01 1.404249525402122452e-02 9.053264058730274219e-03 1.404249525402122452e-02 5.319999999999999729e-02
6.085600000000000037e-02 1.572080803397209528e-02 1.233369907819313258e-02 1.572080803397209528e-02 1.845310000000000006e-01 1.788444226185320271e-02 1.233369907819313258e-02 1.788444226185320271e-02 5.319999999999999729e-02
6.085600000000000037e-02 2.263073508995329386e-02 1.406079233423782743e-02 2.263073508995329386e-02 1.845310000000000006e-01 2.026874045959262474e-02 1.406079233423782743e-02 2.026874045959262474e-02 5.319999999999999729e-02
6.085600000000000037e-02 2.401794200085190581e-02 1.940565857208435135e-02 2.401794200085190581e-02 1.845310000000000006e-01 2.320460129685706155e-02 1.940565857208435135e-02 2.320460129685706155e-02 5.319999999999999729e-02
6.085600000000000037e-02 2.870851708527944260e-02 2.039708247311458958e-02 2.870851708527944260e-02 1.845310000000000006e-01 2.806584658197707957e-02 2.039708247311458958e-02 2.806584658197707957e-02 5.319999999999999729e-02
6.085600000000000037e-02 3.166046015689533838e-02 2.345271547063434645e-02 3.166046015689533838e-02 1.845310000000000006e-01 3.123371598033868046e-02 2.345271547063434645e-02 3.123371598033868046e-02 5.319999999999999729e-02
6.085600000000000037e-02 3.678962807167247134e-02 2.583121070087910850e-02 3.678962807167247134e-02 1.845310000000000006e-01 3.354016194789490035e-02 2.583121070087910850e-02 3.354016194789490035e-02 5.319999999999999729e-02
6.085600000000000037e-02 3.919737756266969408e-02 3.022733053822630397e-02 3.919737756266969408e-02 1.845310000000000006e-01 4.006255376616451452e-02 3.022733053822630397e-02 4.006255376616451452e-02 5.319999999999999729e-02
6.085600000000000037e-02 4.346141235103009870e-02 3.140671400875254260e-02 4.346141235103009870e-02 1.845310000000000006e-01 4.360394449075439410e-02 3.140671400875254260e-02 4.360394449075439410e-02 5.319999999999999729e-02
6.085600000000000037e-02 5.056496988002434634e-02 3.426769040176625564e-02 5.056496988002434634e-02 1.845310000000000006e-01 4.741710015168475872e-02 3.426769040176625564e-02 4.741710015168475872e-02 5.319999999999999729e-02
6.085600000000000037e-02 5.284145694262470938e-02 3.741277452106411827e-02 5.284145694262470938e-02 1.845310000000000006e-01 5.009440164826108044e-02 3.741277452106411827e-02 5.009440164826108044e-02 5.319999999999999729e-02
6.085600000000000037e-02 5.817521920461851681e-02 4.151134786762934736e-02 5.817521920461851681e-02 1.845310000000000006e-01 5.239468656877591113e-02 4.151134786762934736e-02 5.239468656877591113e-02 5.319999999999999729e-02
6.085600000000000037e-02 6.163667480554268358e-02 4.412936964683848717e-02 6.163667480554268358e-02 1.845310000000000006e-01 5.726666981719878702e-02 4.412936964683848717e-02 5.726666981719878702e-02 5.319999999999999729e-02
6.085600000000000037e-02 6.619049825384847041e-02 4.635677234447676404e-02 6.619049825384847041e-02 1.845310000000000006e-01 6.237470613301610012e-02 4.635677234447676404e-02 6.237470613301610012e-02 5.319999999999999729e-02
6.085600000000000037e-02 6.915723149687710847e-02 4.869145322348603089e-02 6.915723149687710847e-02 1.845310000000000006e-01 6.468517748905050491e-02 4.869145322348603089e-02 6.468517748905050491e-02 5.319999999999999729e-02
6.085600000000000037e-02 7.276489773102935710e-02 5.226438527140044726e-02 7.276489773102935710e-02 1.845310000000000006e-01 6.840802516521471421e-02 5.226438527140044726e-02 6.840802516521471421e-02 5.319999999999999729e-02
6.085600000000000037e-02 7.425600000000000256e-02 5.340000000000000302e-02 7.425600000000000256e-02 1.845310000000000006e-01 7.049999999999999323e-02 5.340000000000000302e-02 7.049999999999999323e-02 5.319999999999999729e-02
c: 
1.318000000000000060e+00
1.018999999999999906e+00
2.242999999999999883e+00
