CDF: 
1.700000000000000122e-01 2.500000000000000000e-01 8.299999999999999600e-01 1.000000000000000000e+00
6.600000000000000311e-01 6.999999999999999556e-01 7.399999999999999911e-01 1.000000000000000000e+00
5.100000000000000089e-01 8.100000000000000533e-01 8.199999999999999512e-01 1.000000000000000000e+00
sigma: 
9.909599999999998965e-02 3.977894504150547746e-03 3.801109745666806836e-04 3.977894504150547746e-03 1.878240000000000187e-01 4.323329477353005969e-03 3.801109745666806836e-04 4.323329477353005969e-03 1.385310000000000152e-01
9.909599999999998965e-02 9.226461978079117734e-03 6.891690094010632407e-03 9.226461978079117734e-03 1.878240000000000187e-01 1.022947571731967244e-02 6.891690094010632407e-03 1.022947571731967244e-02 1.385310000000000152e-01
9.909599999999998965e-02 1.203347234278079672e-02 1.691025862260574567e-02 1.203347234278079672e-02 1.878240000000000187e-01 1.638460413328540408e-02 1.691025862260574567e-02 1.638460413328540408e-02 1.385310000000000152e-01
9.909599999999998965e-02 2.048680504130429361e-02 2.185462635255737418e-02 2.048680504130429361e-02 1.878240000000000187e-01 2.677185892992500066e-02 2.185462635255737418e-02 2.677185892992500066e-02 1.385310000000000152e-01
9.909599999999998965e-02 2.654479907798870664e-02 2.789190572181880420e-02 2.654479907798870664e-02 1.878240000000000187e-01 3.223413722657842567e-02 2.789190572181880420e-02 3.223413722657842567e-02 1.385310000000000152e-01
9.909599999999998965e-02 3.277198415453538849e-02 3.122451965391716613e-02 3.277198415453538849e-02 1.878240000000000187e-01 3.692275125797689350e-02 3.122451965391716613e-02 3.692275125797689350e-02 1.385310000000000152e-01
9.909599999999998965e-02 3.309796226539311187e-02 3.440850663927961378e-02 3.309796226539311187e-02 1.878240000000000187e-01 4.835694097587856649e-02 3.440850663927961378e-02 4.835694097587856649e-02 1.385310000000000152e-01
9.909599999999998965e-02 3.945722765220026351e-02 4.440634992034809408e-02 3.945722765220026351e-02 1.878240000000000187e-01 5.262103978910018937e-02 4.440634992034809408e-02 5.262103978910018937e-02 1.385310000000000152e-01
9.909599999999998965e-02 4.860176536662449281e-02 4.565546760718106750e-02 4.860176536662449281e-02 1.878240000000000187e-01 6.169180303776305996e-02 4.565546760718106750e-02 6.169180303776305996e-02 1.385310000000000152e-01
9.909599999999998965e-02 5.289172835488867991e-02 5.500136864954204008e-02 5.289172835488867991e-02 1.878240000000000187e-01 6.500536497106834677e-02 5.500136864954204008e-02 6.500536497106834677e-02 1.385310000000000152e-01
9.909599999999998965e-02 5.545407951133203561e-02 5.755722136598832861e-02 5.545407951133203561e-02 1.878240000000000187e-01 7.366721499317599453e-02 5.755722136598832861e-02 7.366721499317599453e-02 1.385310000000000152e-01
9.909599999999998965e-02 6.062007034160628305e-02 6.626929445858309453e-02 6.062007034160628305e-02 1.878240000000000187e-01 8.092986960285583620e-02 6.626929445858309453e-02 8.092986960285583620e-02 1.385310000000000152e-01
9.909599999999998965e-02 6.975130733324336196e-02 7.354471677673898866e-02 6.975130733324336196e-02 1.878240000000000187e-01 9.005667055538368881e-02 7.354471677673898866e-02 9.005667055538368881e-02 1.385310000000000152e-01
9.909599999999998965e-02 7.413798052178816045e-02 7.577827595505801095e-02 7.413798052178816045e-02 1.878240000000000187e-01 9.477347458314655526e-02 7.577827595505801095e-02 9.477347458314655526e-02 1.385310000000000152e-01
9.909599999999998965e-02 7.896491838267508112e-02 8.300753318750218879e-02 7.896491838267508112e-02 1.878240000000000187e-01 1.030654933035706072e-01 8.300753318750218879e-02 1.030654933035706072e-01 1.385310000000000152e-01
9.909599999999998965e-02 8.324537281537132405e-02 8.773743602315310641e-02 8.324537281537132405e-02 1.878240000000000187e-01 1.058490307069881453e-01 8.773743602315310641e-02 1.058490307069881453e-01 1.385310000000000152e-01
9.909599999999998965e-02 8.988776529595171594e-02 9.235041929510844072e-02 8.988776529595171594e-02 1.878240000000000187e-01 1.177776306042794402e-01 9.235041929510844072e-02 1.177776306042794402e-01 1.385310000000000152e-01
9.909599999999998965e-02 9.527759652037828819e-02 9.791346857246144286e-02 9.527759652037828819e-02 1.878240000000000187e-01 1.232937451082234265e-01 9.791346857246144286e-02 1.232937451082234265e-01 1.385310000000000152e-01
9.909599999999998965e-02 1.003438520610107354e-01 1.065750699987517286e-01 1.003438520610107354e-01 1.878240000000000187e-01 1.265967737487014577e-01 1.065750699987517286e-01 1.265967737487014577e-01 1.385310000000000152e-01
9.909599999999998965e-02 1.046480000000000188e-01 1.079240000000000060e-01 1.046480000000000188e-01 1.878240000000000187e-01 1.328120000000000134e-01 1.079240000000000060e-01 1.328120000000000134e-01 1.385310000000000152e-01
c: 
2.166999999999999815e+00
1.443999999999999950e+00
2.044999999999999929e+00
