CDF: 
1.400000000000000133e-01 1.700000000000000122e-01 2.999999999999999889e-01 1.000000000000000000e+00
2.600000000000000089e-01 5.200000000000000178e-01 6.600000000000000311e-01 1.000000000000000000e+00
3.800000000000000044e-01 5.100000000000000089e-01 6.099999999999999867e-01 1.000000000000000000e+00
sigma: 
1.474360000000000115e-01 3.507932717369986395e-03 9.124446070781041163e-05 3.507932717369986395e-03 1.720959999999999990e-01 6.178755441350742813e-04 9.124446070781041163e-05 6.178755441350742813e-04 2.032640000000000002e-01
1.474360000000000115e-01 8.468552399228845146e-03 1.058041528643785881e-02 8.468552399228845146e-03 1.720959999999999990e-01 9.983391674170449814e-03 1.058041528643785881e-02 9.983391674170449814e-03 2.032640000000000002e-01
1.474360000000000115e-01 1.300014062677290472e-02 1.347994475214678994e-02 1.300014062677290472e-02 1.720959999999999990e-01 2.537451736054803508e-02 1.347994475214678994e-02 2.537451736054803508e-02 2.032640000000000002e-01
1.474360000000000115e-01 2.091046809481525090e-02 1.849831949945178466e-02 2.091046809481525090e-02 1.720959999999999990e-01 2.897800347661906931e-02 1.849831949945178466e-02 2.897800347661906931e-02 2.032640000000000002e-01
1.474360000000000115e-01 2.289750261802895107e-02 2.728192058047345173e-02 2.289750261802895107e-02 1.720959999999999990e-01 4.479718032202061051e-02 2.728192058047345173e-02 4.479718032202061051e-02 2.032640000000000002e-01
1.474360000000000115e-01 2.960155955109881887e-02 2.938653529067016684e-02 2.960155955109881887e-02 1.720959999999999990e-01 5.366314492099193145e-02 2.938653529067016684e-02 5.366314492099193145e-02 2.032640000000000002e-01
1.474360000000000115e-01 3.472874581890713491e-02 4.006802024696560355e-02 3.472874581890713491e-02 1.720959999999999990e-01 6.173330129203497690e-02 4.006802024696560355e-02 6.173330129203497690e-02 2.032640000000000002e-01
1.474360000000000115e-01 4.101737938799014660e-02 4.301289704615773868e-02 4.101737938799014660e-02 1.720959999999999990e-01 7.158326219950010560e-02 4.301289704615773868e-02 7.158326219950010560e-02 2.032640000000000002e-01
1.474360000000000115e-01 4.499889743681080578e-02 4.752235663267043858e-02 4.499889743681080578e-02 1.720959999999999990e-01 7.512574841196202613e-02 4.752235663267043858e-02 7.512574841196202613e-02 2.032640000000000002e-01
1.474360000000000115e-01 4.951933028450565544e-02 5.417429901685490851e-02 4.951933028450565544e-02 1.720959999999999990e-01 8.756205958786743293e-02 5.417429901685490851e-02 8.756205958786743293e-02 2.032640000000000002e-01
1.474360000000000115e-01 5.826211618201017350e-02 6.173369474617070723e-02 5.826211618201017350e-02 1.720959999999999990e-01 9.847784280156408887e-02 6.173369474617070723e-02 9.847784280156408887e-02 2.032640000000000002e-01
1.474360000000000115e-01 6.452727995255390370e-02 6.584184914400346977e-02 6.452727995255390370e-02 1.720959999999999990e-01 1.079171343619375889e-01 6.584184914400346977e-02 1.079171343619375889e-01 2.032640000000000002e-01
1.474360000000000115e-01 7.029772492501802639e-02 7.519115956609412343e-02 7.029772492501802639e-02 1.720959999999999990e-01 1.172415453397886442e-01 7.519115956609412343e-02 1.172415453397886442e-01 2.032640000000000002e-01
1.474360000000000115e-01 7.473729669930437303e-02 7.739169064661048647e-02 7.473729669930437303e-02 1.720959999999999990e-01 1.256216602312098252e-01 7.739169064661048647e-02 1.256216602312098252e-01 2.032640000000000002e-01
1.474360000000000115e-01 8.159945921580250006e-02 8.677735148902002149e-02 8.159945921580250006e-02 1.720959999999999990e-01 1.310602000676679424e-01 8.677735148902002149e-02 1.310602000676679424e-01 2.032640000000000002e-01
1.474360000000000115e-01 8.512151828374064921e-02 8.770882847828623263e-02 8.512151828374064921e-02 1.720959999999999990e-01 1.390670117860100530e-01 8.770882847828623263e-02 1.390670117860100530e-01 2.032640000000000002e-01
1.474360000000000115e-01 8.810454273639305167e-02 9.589093974141192633e-02 8.810454273639305167e-02 1.720959999999999990e-01 1.500204050095201858e-01 9.589093974141192633e-02 1.500204050095201858e-01 2.032640000000000002e-01
1.474360000000000115e-01 9.521198552589953124e-02 1.034261020470722270e-01 9.521198552589953124e-02 1.720959999999999990e-01 1.605910368788591724e-01 1.034261020470722270e-01 1.605910368788591724e-01 2.032640000000000002e-01
1.474360000000000115e-01 9.915026366503702782e-02 1.064613756500290831e-01 9.915026366503702782e-02 1.720959999999999990e-01 1.731564791959524230e-01 1.064613756500290831e-01 1.731564791959524230e-01 2.032640000000000002e-01
1.474360000000000115e-01 1.036159999999999998e-01 1.103520000000000056e-01 1.036159999999999998e-01 1.720959999999999990e-01 1.761119999999999908e-01 1.103520000000000056e-01 1.761119999999999908e-01 2.032640000000000002e-01
c: 
2.202999999999999847e+00
1.387000000000000011e+00
1.701999999999999957e+00
