CDF: 
2.500000000000000000e-01 3.200000000000000067e-01 4.299999999999999933e-01 1.000000000000000000e+00
5.000000000000000278e-02 3.900000000000000133e-01 6.500000000000000222e-01 1.000000000000000000e+00
2.600000000000000089e-01 3.099999999999999978e-01 7.199999999999999734e-01 1.000000000000000000e+00
sigma: 
2.085000000000000187e-01 3.362439352385158893e-05 5.701710579738382759e-03 3.362439352385158893e-05 1.633560000000000567e-01 3.880918210685310905e-03 5.701710579738382759e-03 3.880918210685310905e-03 1.509360000000000146e-01
2.085000000000000187e-01 1.009495243573410757e-02 8.393902470419463760e-03 1.009495243573410757e-02 1.633560000000000567e-01 1.095138471993834309e-02 8.393902470419463760e-03 1.095138471993834309e-02 1.509360000000000146e-01
2.085000000000000187e-01 2.027462385690669347e-02 2.004589570121069475e-02 2.027462385690669347e-02 1.633560000000000567e-01 1.664149890649534516e-02 2.004589570121069475e-02 1.664149890649534516e-02 1.509360000000000146e-01
2.085000000000000187e-01 2.792541794640116676e-02 2.131803494202538091e-02 2.792541794640116676e-02 1.633560000000000567e-01 2.281320686302179893e-02 2.131803494202538091e-02 2.281320686302179893e-02 1.509360000000000146e-01
2.085000000000000187e-01 3.158295916732086622e-02 2.920382827471971685e-02 3.158295916732086622e-02 1.633560000000000567e-01 2.947947647284873338e-02 2.920382827471971685e-02 2.947947647284873338e-02 1.509360000000000146e-01
2.085000000000000187e-01 4.378596012113043084e-02 3.660249314628826606e-02 4.378596012113043084e-02 1.633560000000000567e-01 4.238562311256760529e-02 3.660249314628826606e-02 4.238562311256760529e-02 1.509360000000000146e-01
2.085000000000000187e-01 4.486595721862501190e-02 4.602529836589445283e-02 4.486595721862501190e-02 1.633560000000000567e-01 4.610321113144916910e-02 4.602529836589445283e-02 4.610321113144916910e-02 1.509360000000000146e-01
2.085000000000000187e-01 5.394768017846324204e-02 5.088008560237813199e-02 5.394768017846324204e-02 1.633560000000000567e-01 5.761092230525501068e-02 5.088008560237813199e-02 5.761092230525501068e-02 1.509360000000000146e-01
2.085000000000000187e-01 6.092748936172888430e-02 5.988440118892834896e-02 6.092748936172888430e-02 1.633560000000000567e-01 5.875090019507701877e-02 5.988440118892834896e-02 5.875090019507701877e-02 1.509360000000000146e-01
2.085000000000000187e-01 7.012167357451060123e-02 6.456712237759754114e-02 7.012167357451060123e-02 1.633560000000000567e-01 6.927575926725822175e-02 6.456712237759754114e-02 6.927575926725822175e-02 1.509360000000000146e-01
2.085000000000000187e-01 7.730875180524257595e-02 7.150369829341465810e-02 7.730875180524257595e-02 1.633560000000000567e-01 7.523876604717505412e-02 7.150369829341465810e-02 7.523876604717505412e-02 1.509360000000000146e-01
2.085000000000000187e-01 8.149742172802472429e-02 7.516978332234762472e-02 8.149742172802472429e-02 1.633560000000000567e-01 8.637082844460926279e-02 7.516978332234762472e-02 8.637082844460926279e-02 1.509360000000000146e-01
2.085000000000000187e-01 9.032657774843438903e-02 8.300425435441803612e-02 9.032657774843438903e-02 1.633560000000000567e-01 8.854326362044685761e-02 8.300425435441803612e-02 8.854326362044685761e-02 1.509360000000000146e-01
2.085000000000000187e-01 9.834693340308084397e-02 8.899056107180415565e-02 9.834693340308084397e-02 1.633560000000000567e-01 9.961555663314251852e-02 8.899056107180415565e-02 9.961555663314251852e-02 1.509360000000000146e-01
2.085000000000000187e-01 1.105174437837525281e-01 1.004383496908670403e-01 1.105174437837525281e-01 1.633560000000000567e-01 1.073862125155292530e-01 1.004383496908670403e-01 1.073862125155292530e-01 1.509360000000000146e-01
2.085000000000000187e-01 1.164197439048766658e-01 1.075315616631564025e-01 1.164197439048766658e-01 1.633560000000000567e-01 1.129839501720973916e-01 1.075315616631564025e-01 1.129839501720973916e-01 1.509360000000000146e-01
2.085000000000000187e-01 1.187387224035271749e-01 1.092814320373508702e-01 1.187387224035271749e-01 1.633560000000000567e-01 1.206829393686416896e-01 1.092814320373508702e-01 1.206829393686416896e-01 1.509360000000000146e-01
2.085000000000000187e-01 1.324958031198576192e-01 1.199780853919174411e-01 1.324958031198576192e-01 1.633560000000000567e-01 1.282700706740158292e-01 1.199780853919174411e-01 1.282700706740158292e-01 1.509360000000000146e-01
2.085000000000000187e-01 1.387279659172463153e-01 1.224399248596263340e-01 1.387279659172463153e-01 1.633560000000000567e-01 1.357314949992499686e-01 1.224399248596263340e-01 1.357314949992499686e-01 1.509360000000000146e-01
2.085000000000000187e-01 1.405800000000000383e-01 1.288199999999999901e-01 1.405800000000000383e-01 1.633560000000000567e-01 1.388040000000000385e-01 1.288199999999999901e-01 1.388040000000000385e-01 1.509360000000000146e-01
c: 
1.643999999999999906e+00
1.143999999999999906e+00
2.938000000000000167e+00
