CDF: 
2.399999999999999911e-01 3.599999999999999867e-01 5.500000000000000444e-01 1.000000000000000000e+00
4.500000000000000111e-01 5.600000000000000533e-01 6.300000000000000044e-01 1.000000000000000000e+00
2.000000000000000111e-01 4.199999999999999845e-01 6.199999999999999956e-01 1.000000000000000000e+00
sigma: 
1.989389999999999770e-01 9.509559366306001918e-03 7.105955261455425623e-03 9.509559366306001918e-03 2.157959999999999878e-01 8.288612389571461351e-04 7.105955261455425623e-03 8.288612389571461351e-04 1.867560000000000331e-01
1.989389999999999770e-01 1.589816978370681144e-02 1.215213888061356107e-02 1.589816978370681144e-02 2.157959999999999878e-01 2.023940180147926204e-02 1.215213888061356107e-02 2.023940180147926204e-02 1.867560000000000331e-01
1.989389999999999770e-01 2.363886519585551085e-02 2.061718041977950513e-02 2.363886519585551085e-02 2.157959999999999878e-01 2.065814789459416087e-02 2.061718041977950513e-02 2.065814789459416087e-02 1.867560000000000331e-01
1.989389999999999770e-01 3.018818767281390009e-02 3.575841516634527262e-02 3.018818767281390009e-02 2.157959999999999878e-01 4.091556872713340148e-02 3.575841516634527262e-02 4.091556872713340148e-02 1.867560000000000331e-01
1.989389999999999770e-01 4.526828399395198960e-02 4.181248222512599921e-02 4.526828399395198960e-02 2.157959999999999878e-01 4.993565865789455216e-02 4.181248222512599921e-02 4.993565865789455216e-02 1.867560000000000331e-01
1.989389999999999770e-01 5.266775753903424340e-02 4.993554757707656389e-02 5.266775753903424340e-02 2.157959999999999878e-01 5.211612116566578107e-02 4.993554757707656389e-02 5.211612116566578107e-02 1.867560000000000331e-01
1.989389999999999770e-01 6.193448552587863670e-02 6.197435224509656448e-02 6.193448552587863670e-02 2.157959999999999878e-01 6.441377685852170409e-02 6.197435224509656448e-02 6.441377685852170409e-02 1.867560000000000331e-01
1.989389999999999770e-01 7.412410105120881276e-02 7.263959032194595988e-02 7.412410105120881276e-02 2.157959999999999878e-01 7.627364943237510686e-02 7.263959032194595988e-02 7.627364943237510686e-02 1.867560000000000331e-01
1.989389999999999770e-01 8.657510382105396141e-02 8.208917753828069708e-02 8.657510382105396141e-02 2.157959999999999878e-01 8.541565869734571437e-02 8.208917753828069708e-02 8.541565869734571437e-02 1.867560000000000331e-01
1.989389999999999770e-01 9.245179487956799169e-02 8.531073992060742017e-02 9.245179487956799169e-02 2.157959999999999878e-01 9.782704212297611834e-02 8.531073992060742017e-02 9.782704212297611834e-02 1.867560000000000331e-01
1.989389999999999770e-01 1.076159476042914398e-01 9.824603720060255674e-02 1.076159476042914398e-01 2.157959999999999878e-01 1.074836281079814410e-01 9.824603720060255674e-02 1.074836281079814410e-01 1.867560000000000331e-01
1.989389999999999770e-01 1.093797874985260044e-01 1.044891634718053686e-01 1.093797874985260044e-01 2.157959999999999878e-01 1.153980221316231181e-01 1.044891634718053686e-01 1.153980221316231181e-01 1.867560000000000331e-01
1.989389999999999770e-01 1.243247651934015069e-01 1.181058836388060584e-01 1.243247651934015069e-01 2.157959999999999878e-01 1.253602385593246271e-01 1.181058836388060584e-01 1.253602385593246271e-01 1.867560000000000331e-01
1.989389999999999770e-01 1.333654251110662214e-01 1.225538454963741170e-01 1.333654251110662214e-01 2.157959999999999878e-01 1.417666789500205970e-01 1.225538454963741170e-01 1.417666789500205970e-01 1.867560000000000331e-01
1.989389999999999770e-01 1.394633969826453157e-01 1.316179432803107063e-01 1.394633969826453157e-01 2.157959999999999878e-01 1.532826055590850722e-01 1.316179432803107063e-01 1.532826055590850722e-01 1.867560000000000331e-01
1.989389999999999770e-01 1.502237917441323900e-01 1.455618254340594886e-01 1.502237917441323900e-01 2.157959999999999878e-01 1.571512916073680988e-01 1.455618254340594886e-01 1.571512916073680988e-01 1.867560000000000331e-01
1.989389999999999770e-01 1.660229889463225861e-01 1.557887581518111186e-01 1.660229889463225861e-01 2.157959999999999878e-01 1.683512307266558095e-01 1.557887581518111186e-01 1.683512307266558095e-01 1.867560000000000331e-01
1.989389999999999770e-01 1.730603790605964309e-01 1.607523849816389072e-01 1.730603790605964309e-01 2.157959999999999878e-01 1.778983243750135723e-01 1.607523849816389072e-01 1.778983243750135723e-01 1.867560000000000331e-01
1.989389999999999770e-01 1.853493086619678321e-01 1.689248474466410466e-01 1.853493086619678321e-01 2.157959999999999878e-01 1.932940825868268708e-01 1.689248474466410466e-01 1.932940825868268708e-01 1.867560000000000331e-01
1.989389999999999770e-01 1.863620000000000276e-01 1.759220000000000228e-01 1.863620000000000276e-01 2.157959999999999878e-01 1.959760000000000391e-01 1.759220000000000228e-01 1.959760000000000391e-01 1.867560000000000331e-01
c: 
1.002999999999999892e+00
2.088000000000000078e+00
2.636000000000000121e+00
