CDF: 
3.099999999999999978e-01 7.099999999999999645e-01 7.299999999999999822e-01 1.000000000000000000e+00
1.799999999999999933e-01 2.099999999999999922e-01 2.200000000000000011e-01 1.000000000000000000e+00
5.699999999999999512e-01 6.400000000000000133e-01 6.700000000000000400e-01 1.000000000000000000e+00
sigma: 
1.759439999999999893e-01 2.399855262537153259e-03 8.721019424333740014e-03 2.399855262537153259e-03 1.634039999999999937e-01 3.685120862163656068e-03 8.721019424333740014e-03 3.685120862163656068e-03 2.136839999999999851e-01
1.759439999999999893e-01 3.673206433162327228e-03 1.081848859743060609e-02 3.673206433162327228e-03 1.634039999999999937e-01 5.018385831657556397e-03 1.081848859743060609e-02 5.018385831657556397e-03 2.136839999999999851e-01
1.759439999999999893e-01 9.431281775780458662e-03 2.019331661763663910e-02 9.431281775780458662e-03 1.634039999999999937e-01 9.470736743681587230e-03 2.019331661763663910e-02 9.470736743681587230e-03 2.136839999999999851e-01
1.759439999999999893e-01 1.254271792267806426e-02 2.843032298971324978e-02 1.254271792267806426e-02 1.634039999999999937e-01 1.372751672034360632e-02 2.843032298971324978e-02 1.372751672034360632e-02 2.136839999999999851e-01
1.759439999999999893e-01 1.443751055587948022e-02 4.046329628794620437e-02 1.443751055587948022e-02 1.634039999999999937e-01 1.708281281525428352e-02 4.046329628794620437e-02 1.708281281525428352e-02 2.136839999999999851e-01
1.759439999999999893e-01 1.999688213054652899e-02 5.331426412227772971e-02 1.999688213054652899e-02 1.634039999999999937e-01 2.257089509508505842e-02 5.331426412227772971e-02 2.257089509508505842e-02 2.136839999999999851e-01
1.759439999999999893e-01 2.394956476400489018e-02 6.131463049775558172e-02 2.394956476400489018e-02 1.634039999999999937e-01 2.465563928325069723e-02 6.131463049775558172e-02 2.465563928325069723e-02 2.136839999999999851e-01
1.759439999999999893e-01 2.757980140957044801e-02 6.859733168567538897e-02 2.757980140957044801e-02 1.634039999999999937e-01 3.103502928686958581e-02 6.859733168567538897e-02 3.103502928686958581e-02 2.136839999999999851e-01
1.759439999999999893e-01 2.858100702258470002e-02 7.347673654113776043e-02 2.858100702258470002e-02 1.634039999999999937e-01 3.245881717635165642e-02 7.347673654113776043e-02 3.245881717635165642e-02 2.136839999999999851e-01
1.759439999999999893e-01 3.395806993035678512e-02 8.268397010274951275e-02 3.395806993035678512e-02 1.634039999999999937e-01 3.518240892158878280e-02 8.268397010274951275e-02 3.518240892158878280e-02 2.136839999999999851e-01
1.759439999999999893e-01 3.869678635212454865e-02 9.606011333249603323e-02 3.869678635212454865e-02 1.634039999999999937e-01 4.072667665888515115e-02 9.606011333249603323e-02 4.072667665888515115e-02 2.136839999999999851e-01
1.759439999999999893e-01 3.947249611274086800e-02 1.045689808845993579e-01 3.947249611274086800e-02 1.634039999999999937e-01 4.292016853030120038e-02 1.045689808845993579e-01 4.292016853030120038e-02 2.136839999999999851e-01
1.759439999999999893e-01 4.280245574611598464e-02 1.138977457234270629e-01 4.280245574611598464e-02 1.634039999999999937e-01 5.054319130277769301e-02 1.138977457234270629e-01 5.054319130277769301e-02 2.136839999999999851e-01
1.759439999999999893e-01 4.971370349704921227e-02 1.221041799009284085e-01 4.971370349704921227e-02 1.634039999999999937e-01 5.392192578311614387e-02 1.221041799009284085e-01 5.392192578311614387e-02 2.136839999999999851e-01
1.759439999999999893e-01 5.203259196518582319e-02 1.333113863441245939e-01 5.203259196518582319e-02 1.634039999999999937e-01 5.696427609865144931e-02 1.333113863441245939e-01 5.696427609865144931e-02 2.136839999999999851e-01
1.759439999999999893e-01 5.684670240945770281e-02 1.422347362580468899e-01 5.684670240945770281e-02 1.634039999999999937e-01 5.857488219599700507e-02 1.422347362580468899e-01 5.857488219599700507e-02 2.136839999999999851e-01
1.759439999999999893e-01 5.715735003759735144e-02 1.522352359801563415e-01 5.715735003759735144e-02 1.634039999999999937e-01 6.422112825056566776e-02 1.522352359801563415e-01 6.422112825056566776e-02 2.136839999999999851e-01
1.759439999999999893e-01 6.100566814996753739e-02 1.549546984935772365e-01 6.100566814996753739e-02 1.634039999999999937e-01 6.862726623567586004e-02 1.549546984935772365e-01 6.862726623567586004e-02 2.136839999999999851e-01
1.759439999999999893e-01 6.545725842916685910e-02 1.676171906907892584e-01 6.545725842916685910e-02 1.634039999999999937e-01 7.193264784742356421e-02 1.676171906907892584e-01 7.193264784742356421e-02 2.136839999999999851e-01
1.759439999999999893e-01 6.762399999999998967e-02 1.722639999999999727e-01 6.762399999999998967e-02 1.634039999999999937e-01 7.404399999999999871e-02 1.722639999999999727e-01 7.404399999999999871e-02 2.136839999999999851e-01
c: 
2.839999999999999858e+00
2.794000000000000039e+00
1.171999999999999931e+00
