CDF: 
3.300000000000000155e-01 4.500000000000000111e-01 5.899999999999999689e-01 1.000000000000000000e+00
5.000000000000000000e-01 5.600000000000000533e-01 6.099999999999999867e-01 1.000000000000000000e+00
5.000000000000000278e-02 5.999999999999999778e-02 4.600000000000000200e-01 1.000000000000000000e+00
sigma: 
1.970999999999999974e-01 2.687320011092575196e-03 3.370721502584002761e-03 2.687320011092575196e-03 2.223159999999999858e-01 5.823766891237580666e-04 3.370721502584002761e-03 5.823766891237580666e-04 1.115960000000000008e-01
1.970999999999999974e-01 1.634215000191878431e-02 7.218197239377960144e-03 1.634215000191878431e-02 2.223159999999999858e-01 8.507383729693330371e-03 7.218197239377960144e-03 8.507383729693330371e-03 1.115960000000000008e-01
1.970999999999999974e-01 2.928680707596555133e-02 1.894871548914784515e-02 2.928680707596555133e-02 2.223159999999999858e-01 1.521473963236676975e-02 1.894871548914784515e-02 1.521473963236676975e-02 1.115960000000000008e-01
1.970999999999999974e-01 3.621473702878560963e-02 2.511300252739557745e-02 3.621473702878560963e-02 2.223159999999999858e-01 2.616352388271151602e-02 2.511300252739557745e-02 2.616352388271151602e-02 1.115960000000000008e-01
1.970999999999999974e-01 4.608922408932698833e-02 3.189496843234490564e-02 4.608922408932698833e-02 2.223159999999999858e-01 2.665417438901486122e-02 3.189496843234490564e-02 2.665417438901486122e-02 1.115960000000000008e-01
1.970999999999999974e-01 5.362754592999575270e-02 3.888522169417218954e-02 5.362754592999575270e-02 2.223159999999999858e-01 3.721351776753255292e-02 3.888522169417218954e-02 3.721351776753255292e-02 1.115960000000000008e-01
1.970999999999999974e-01 6.965585929789823438e-02 4.680539110470909731e-02 6.965585929789823438e-02 2.223159999999999858e-01 4.042150614194994773e-02 4.680539110470909731e-02 4.042150614194994773e-02 1.115960000000000008e-01
1.970999999999999974e-01 7.781092302400861860e-02 5.220417871261381904e-02 7.781092302400861860e-02 2.223159999999999858e-01 5.113133525163941762e-02 5.220417871261381904e-02 5.113133525163941762e-02 1.115960000000000008e-01
1.970999999999999974e-01 8.729109418317608504e-02 6.033570612149291579e-02 8.729109418317608504e-02 2.223159999999999858e-01 5.697510722754964979e-02 6.033570612149291579e-02 5.697510722754964979e-02 1.115960000000000008e-01
1.970999999999999974e-01 9.552660812543668778e-02 6.635451710499179478e-02 9.552660812543668778e-02 2.223159999999999858e-01 6.295588858642270358e-02 6.635451710499179478e-02 6.295588858642270358e-02 1.115960000000000008e-01
1.970999999999999974e-01 1.116128892468164213e-01 7.143755907334840838e-02 1.116128892468164213e-01 2.223159999999999858e-01 7.108400950134668994e-02 7.143755907334840838e-02 7.108400950134668994e-02 1.115960000000000008e-01
1.970999999999999974e-01 1.220558138873003018e-01 8.091284965356645986e-02 1.220558138873003018e-01 2.223159999999999858e-01 7.701657780936300990e-02 8.091284965356645986e-02 7.701657780936300990e-02 1.115960000000000008e-01
1.970999999999999974e-01 1.370338017522644281e-01 8.826593647824469702e-02 1.370338017522644281e-01 2.223159999999999858e-01 8.449486111721085657e-02 8.826593647824469702e-02 8.449486111721085657e-02 1.115960000000000008e-01
1.970999999999999974e-01 1.478777678965197129e-01 8.962112719156313523e-02 1.478777678965197129e-01 2.223159999999999858e-01 8.839540235725923401e-02 8.962112719156313523e-02 8.839540235725923401e-02 1.115960000000000008e-01
1.970999999999999974e-01 1.508023717286539334e-01 9.937813411853099743e-02 1.508023717286539334e-01 2.223159999999999858e-01 9.800086942710233007e-02 9.937813411853099743e-02 9.800086942710233007e-02 1.115960000000000008e-01
1.970999999999999974e-01 1.663943499380316493e-01 1.042240845243971176e-01 1.663943499380316493e-01 2.223159999999999858e-01 1.038375981033240886e-01 1.042240845243971176e-01 1.038375981033240886e-01 1.115960000000000008e-01
1.970999999999999974e-01 1.791815689228961062e-01 1.114650018210453924e-01 1.791815689228961062e-01 2.223159999999999858e-01 1.116685972278694816e-01 1.114650018210453924e-01 1.116685972278694816e-01 1.115960000000000008e-01
1.970999999999999974e-01 1.871401989144349520e-01 1.206384836758075951e-01 1.871401989144349520e-01 2.223159999999999858e-01 1.187026062407108423e-01 1.206384836758075951e-01 1.187026062407108423e-01 1.115960000000000008e-01
1.970999999999999974e-01 1.975315840616569119e-01 1.269662237764648538e-01 1.975315840616569119e-01 2.223159999999999858e-01 1.228998058064173504e-01 1.269662237764648538e-01 1.228998058064173504e-01 1.115960000000000008e-01
1.970999999999999974e-01 2.008199999999999985e-01 1.292200000000000015e-01 2.008199999999999985e-01 2.223159999999999858e-01 1.257560000000000067e-01 1.292200000000000015e-01 1.257560000000000067e-01 1.115960000000000008e-01
c: 
2.819999999999999840e+00
2.978000000000000203e+00
2.414000000000000146e+00
