CDF: 
4.899999999999999911e-01 5.200000000000000178e-01 6.099999999999999867e-01 1.000000000000000000e+00
3.099999999999999978e-01 4.799999999999999822e-01 7.299999999999999822e-01 1.000000000000000000e+00
2.899999999999999800e-01 3.499999999999999778e-01 4.299999999999999933e-01 1.000000000000000000e+00
sigma: 
2.189759999999999762e-01 8.011855622891654941e-03 5.119560141689057618e-03 8.011855622891654941e-03 1.535839999999999983e-01 3.722533529060256634e-03 5.119560141689057618e-03 3.722533529060256634e-03 2.082040000000000279e-01
2.189759999999999762e-01 1.673009625959421404e-02 1.086142455217983110e-02 1.673009625959421404e-02 1.535839999999999983e-01 1.377317144225149309e-02 1.086142455217983110e-02 1.377317144225149309e-02 2.082040000000000279e-01
2.189759999999999762e-01 1.835983628792820302e-02 1.871406507235404137e-02 1.835983628792820302e-02 1.535839999999999983e-01 1.925772014596695628e-02 1.871406507235404137e-02 1.925772014596695628e-02 2.082040000000000279e-01
2.189759999999999762e-01 2.770762037505251907e-02 3.150989095559902226e-02 2.770762037505251907e-02 1.535839999999999983e-01 2.536106095755903678e-02 3.150989095559902226e-02 2.536106095755903678e-02 2.082040000000000279e-01
2.189759999999999762e-01 3.443988417741511432e-02 4.190885432038080061e-02 3.443988417741511432e-02 1.535839999999999983e-01 3.616823386212557334e-02 4.190885432038080061e-02 3.616823386212557334e-02 2.082040000000000279e-01
2.189759999999999762e-01 4.684773513322577909e-02 4.528269754420186782e-02 4.684773513322577909e-02 1.535839999999999983e-01 3.866150274447842372e-02 4.528269754420186782e-02 3.866150274447842372e-02 2.082040000000000279e-01
2.189759999999999762e-01 5.636032982603337432e-02 5.422651322292650067e-02 5.636032982603337432e-02 1.535839999999999983e-01 4.700588404215319538e-02 5.422651322292650067e-02 4.700588404215319538e-02 2.082040000000000279e-01
2.189759999999999762e-01 6.596684019770519825e-02 6.298255617769220327e-02 6.596684019770519825e-02 1.535839999999999983e-01 5.668429895967549981e-02 6.298255617769220327e-02 5.668429895967549981e-02 2.082040000000000279e-01
2.189759999999999762e-01 6.930793073644675450e-02 7.412388258326738089e-02 6.930793073644675450e-02 1.535839999999999983e-01 6.115212418688766027e-02 7.412388258326738089e-02 6.115212418688766027e-02 2.082040000000000279e-01
2.189759999999999762e-01 7.759225298180665031e-02 8.191727839586204762e-02 7.759225298180665031e-02 1.535839999999999983e-01 6.697350227410429901e-02 8.191727839586204762e-02 6.697350227410429901e-02 2.082040000000000279e-01
2.189759999999999762e-01 8.724612298582699876e-02 9.047345178493239326e-02 8.724612298582699876e-02 1.535839999999999983e-01 7.782299710119798541e-02 9.047345178493239326e-02 7.782299710119798541e-02 2.082040000000000279e-01
2.189759999999999762e-01 9.735984144104822824e-02 9.727267632582776991e-02 9.735984144104822824e-02 1.535839999999999983e-01 8.359266752033990555e-02 9.727267632582776991e-02 8.359266752033990555e-02 2.082040000000000279e-01
2.189759999999999762e-01 1.079093903323909281e-01 1.074643140517608786e-01 1.079093903323909281e-01 1.535839999999999983e-01 9.210242970256703188e-02 1.074643140517608786e-01 9.210242970256703188e-02 2.082040000000000279e-01
2.189759999999999762e-01 1.101227568786368599e-01 1.217392807703825547e-01 1.101227568786368599e-01 1.535839999999999983e-01 9.938126789287118901e-02 1.217392807703825547e-01 9.938126789287118901e-02 2.082040000000000279e-01
2.189759999999999762e-01 1.239722739732137119e-01 1.236040513300006860e-01 1.239722739732137119e-01 1.535839999999999983e-01 1.092408058017054623e-01 1.236040513300006860e-01 1.092408058017054623e-01 2.082040000000000279e-01
2.189759999999999762e-01 1.318365315863403442e-01 1.378895431359234147e-01 1.318365315863403442e-01 1.535839999999999983e-01 1.173223022983342911e-01 1.378895431359234147e-01 1.173223022983342911e-01 2.082040000000000279e-01
2.189759999999999762e-01 1.431507119745482337e-01 1.448602387667030367e-01 1.431507119745482337e-01 1.535839999999999983e-01 1.251213486708528111e-01 1.448602387667030367e-01 1.251213486708528111e-01 2.082040000000000279e-01
2.189759999999999762e-01 1.497545374281449293e-01 1.540683331920601473e-01 1.497545374281449293e-01 1.535839999999999983e-01 1.269667064776114906e-01 1.540683331920601473e-01 1.269667064776114906e-01 2.082040000000000279e-01
2.189759999999999762e-01 1.542504988706097091e-01 1.586742796411340639e-01 1.542504988706097091e-01 1.535839999999999983e-01 1.387135035022733498e-01 1.586742796411340639e-01 1.387135035022733498e-01 2.082040000000000279e-01
2.189759999999999762e-01 1.602719999999999978e-01 1.667519999999999836e-01 1.602719999999999978e-01 1.535839999999999983e-01 1.399440000000000128e-01 1.667519999999999836e-01 1.399440000000000128e-01 2.082040000000000279e-01
c: 
2.475000000000000089e+00
3.000000000000000000e+00
2.912999999999999812e+00
