CDF: 
3.499999999999999778e-01 5.100000000000000089e-01 5.400000000000000355e-01 1.000000000000000000e+00
2.200000000000000011e-01 2.700000000000000178e-01 3.400000000000000244e-01 1.000000000000000000e+00
5.999999999999999778e-02 1.100000000000000006e-01 6.999999999999999556e-01 1.000000000000000000e+00
sigma: 
2.171839999999999882e-01 1.199709039623535981e-03 1.286629001894171740e-03 1.199709039623535981e-03 1.859959999999999669e-01 2.512843571715208009e-03 1.286629001894171740e-03 2.512843571715208009e-03 9.828399999999999637e-02
2.171839999999999882e-01 1.136604200954084362e-02 9.896575257542759158e-03 1.136604200954084362e-02 1.859959999999999669e-01 5.797667136649919950e-03 9.896575257542759158e-03 5.797667136649919950e-03 9.828399999999999637e-02
2.171839999999999882e-01 1.873677921862296897e-02 1.616440553508662059e-02 1.873677921862296897e-02 1.859959999999999669e-01 1.172996626319705582e-02 1.616440553508662059e-02 1.172996626319705582e-02 9.828399999999999637e-02
2.171839999999999882e-01 2.903301125627001655e-02 1.945445514380501201e-02 2.903301125627001655e-02 1.859959999999999669e-01 1.265754438126173546e-02 1.945445514380501201e-02 1.265754438126173546e-02 9.828399999999999637e-02
2.171839999999999882e-01 3.999477839796240081e-02 2.311934803366757357e-02 3.999477839796240081e-02 1.859959999999999669e-01 1.965036133852829728e-02 2.311934803366757357e-02 1.965036133852829728e-02 9.828399999999999637e-02
2.171839999999999882e-01 4.633403157852911819e-02 2.985848762646278742e-02 4.633403157852911819e-02 1.859959999999999669e-01 2.229806261939315873e-02 2.985848762646278742e-02 2.229806261939315873e-02 9.828399999999999637e-02
2.171839999999999882e-01 5.276038568434608667e-02 3.734031056808326948e-02 5.276038568434608667e-02 1.859959999999999669e-01 2.548182086220292936e-02 3.734031056808326948e-02 2.548182086220292936e-02 9.828399999999999637e-02
2.171839999999999882e-01 5.752429288958704062e-02 4.463033686394735078e-02 5.752429288958704062e-02 1.859959999999999669e-01 2.890935445942796958e-02 4.463033686394735078e-02 2.890935445942796958e-02 9.828399999999999637e-02
2.171839999999999882e-01 6.588498420039630432e-02 4.881437873271383954e-02 6.588498420039630432e-02 1.859959999999999669e-01 3.330897256569114590e-02 4.881437873271383954e-02 3.330897256569114590e-02 9.828399999999999637e-02
2.171839999999999882e-01 7.997214894400128671e-02 5.204689549390100617e-02 7.997214894400128671e-02 1.859959999999999669e-01 3.742171424709968969e-02 5.204689549390100617e-02 3.742171424709968969e-02 9.828399999999999637e-02
2.171839999999999882e-01 8.022564305878626678e-02 5.673891699776934666e-02 8.022564305878626678e-02 1.859959999999999669e-01 4.239654010832110548e-02 5.673891699776934666e-02 4.239654010832110548e-02 9.828399999999999637e-02
2.171839999999999882e-01 9.325838906167774334e-02 6.437384343981598922e-02 9.325838906167774334e-02 1.859959999999999669e-01 4.765274305019874534e-02 6.437384343981598922e-02 4.765274305019874534e-02 9.828399999999999637e-02
2.171839999999999882e-01 9.670578486071340629e-02 6.963075936069310079e-02 9.670578486071340629e-02 1.859959999999999669e-01 5.028904647719183857e-02 6.963075936069310079e-02 5.028904647719183857e-02 9.828399999999999637e-02
2.171839999999999882e-01 1.119377070669578811e-01 7.834661794128491841e-02 1.119377070669578811e-01 1.859959999999999669e-01 5.421345581303932404e-02 7.834661794128491841e-02 5.421345581303932404e-02 9.828399999999999637e-02
2.171839999999999882e-01 1.148000646166886102e-01 8.161572377168804793e-02 1.148000646166886102e-01 1.859959999999999669e-01 5.928197986336401770e-02 8.161572377168804793e-02 5.928197986336401770e-02 9.828399999999999637e-02
2.171839999999999882e-01 1.273969482153544941e-01 8.658673821414634986e-02 1.273969482153544941e-01 1.859959999999999669e-01 6.178213735347533320e-02 8.658673821414634986e-02 6.178213735347533320e-02 9.828399999999999637e-02
2.171839999999999882e-01 1.288263786113586495e-01 9.521170277399107484e-02 1.288263786113586495e-01 1.859959999999999669e-01 6.778843350827001846e-02 9.521170277399107484e-02 6.778843350827001846e-02 9.828399999999999637e-02
2.171839999999999882e-01 1.423619074106061144e-01 9.978441550353898959e-02 1.423619074106061144e-01 1.859959999999999669e-01 7.190770136032911819e-02 9.978441550353898959e-02 7.190770136032911819e-02 9.828399999999999637e-02
2.171839999999999882e-01 1.498416610250249970e-01 1.009006548690123406e-01 1.498416610250249970e-01 1.859959999999999669e-01 7.445363564073928520e-02 1.009006548690123406e-01 7.445363564073928520e-02 9.828399999999999637e-02
2.171839999999999882e-01 1.522080000000000100e-01 1.064159999999999967e-01 1.522080000000000100e-01 1.859959999999999669e-01 7.809200000000000863e-02 1.064159999999999967e-01 7.809200000000000863e-02 9.828399999999999637e-02
c: 
1.921000000000000041e+00
1.451000000000000068e+00
1.318999999999999950e+00
