CDF: 
5.100000000000000089e-01 5.999999999999999778e-01 8.800000000000000044e-01 1.000000000000000000e+00
6.099999999999999867e-01 7.700000000000000178e-01 8.100000000000000533e-01 1.000000000000000000e+00
2.399999999999999911e-01 3.499999999999999778e-01 5.899999999999999689e-01 1.000000000000000000e+00
sigma: 
1.058999999999999941e-01 3.359584402892049678e-03 2.436710128528048799e-03 3.359584402892049678e-03 1.461560000000000081e-01 1.710091287114603748e-03 2.436710128528048799e-03 1.710091287114603965e-03 1.740160000000000040e-01
1.058999999999999941e-01 9.034000859364583330e-03 8.516034993019356431e-03 9.034000859364583330e-03 1.461560000000000081e-01 1.077284812031750229e-02 8.516034993019356431e-03 1.077284812031750402e-02 1.740160000000000040e-01
1.058999999999999941e-01 1.144104649673706973e-02 1.519739498944868220e-02 1.144104649673706973e-02 1.461560000000000081e-01 1.550294045615898710e-02 1.519739498944868220e-02 1.550294045615898883e-02 1.740160000000000040e-01
1.058999999999999941e-01 2.225178842268898602e-02 1.811911779536076739e-02 2.225178842268898602e-02 1.461560000000000081e-01 1.836230220742701702e-02 1.811911779536076739e-02 1.836230220742702049e-02 1.740160000000000040e-01
1.058999999999999941e-01 2.346428184188430882e-02 2.572212157019037812e-02 2.346428184188430882e-02 1.461560000000000081e-01 2.899986171734646873e-02 2.572212157019037812e-02 2.899986171734647220e-02 1.740160000000000040e-01
1.058999999999999941e-01 3.047505847171858365e-02 3.050934471269840798e-02 3.047505847171858365e-02 1.461560000000000081e-01 3.288165686009094507e-02 3.050934471269840798e-02 3.288165686009095201e-02 1.740160000000000040e-01
1.058999999999999941e-01 3.649617654364526592e-02 3.989994434436833909e-02 3.649617654364526592e-02 1.461560000000000081e-01 4.137371174778834565e-02 3.989994434436833909e-02 4.137371174778834565e-02 1.740160000000000040e-01
1.058999999999999941e-01 4.232651178190234564e-02 4.252989676304991251e-02 4.232651178190234564e-02 1.461560000000000081e-01 4.712842637358435893e-02 4.252989676304991251e-02 4.712842637358436587e-02 1.740160000000000040e-01
1.058999999999999941e-01 4.793170357883666521e-02 4.909822815313957117e-02 4.793170357883666521e-02 1.461560000000000081e-01 4.944225914855463616e-02 4.909822815313957117e-02 4.944225914855464310e-02 1.740160000000000040e-01
1.058999999999999941e-01 5.366248416010222649e-02 5.229601370567490970e-02 5.366248416010222649e-02 1.461560000000000081e-01 5.597655389356941819e-02 5.229601370567490970e-02 5.597655389356942512e-02 1.740160000000000040e-01
1.058999999999999941e-01 5.820220016690304254e-02 6.175487637467990537e-02 5.820220016690304254e-02 1.461560000000000081e-01 6.369155690950938087e-02 6.175487637467990537e-02 6.369155690950938087e-02 1.740160000000000040e-01
1.058999999999999941e-01 6.641265872429077954e-02 6.583042134451277949e-02 6.641265872429077954e-02 1.461560000000000081e-01 6.820901575809844297e-02 6.583042134451277949e-02 6.820901575809844297e-02 1.740160000000000040e-01
1.058999999999999941e-01 7.147141700508925777e-02 7.125576903345684499e-02 7.147141700508925777e-02 1.461560000000000081e-01 7.390173720399141610e-02 7.125576903345684499e-02 7.390173720399142998e-02 1.740160000000000040e-01
1.058999999999999941e-01 7.657945628375864566e-02 7.447567249726155802e-02 7.657945628375864566e-02 1.461560000000000081e-01 8.050336075377556577e-02 7.447567249726155802e-02 8.050336075377557965e-02 1.740160000000000040e-01
1.058999999999999941e-01 8.468433729635432838e-02 8.435054908475714264e-02 8.468433729635432838e-02 1.461560000000000081e-01 8.332591514536981381e-02 8.435054908475714264e-02 8.332591514536982769e-02 1.740160000000000040e-01
1.058999999999999941e-01 8.844714371026796140e-02 8.812688058622526743e-02 8.844714371026796140e-02 1.461560000000000081e-01 9.071587268892063183e-02 8.812688058622526743e-02 9.071587268892064571e-02 1.740160000000000040e-01
1.058999999999999941e-01 9.421054620617384801e-02 9.546117831481377991e-02 9.421054620617384801e-02 1.461560000000000081e-01 9.519224810968575368e-02 9.546117831481377991e-02 9.519224810968575368e-02 1.740160000000000040e-01
1.058999999999999941e-01 1.004351590164470343e-01 9.864983203692491431e-02 1.004351590164470343e-01 1.461560000000000081e-01 1.033303845918329689e-01 9.864983203692491431e-02 1.033303845918329827e-01 1.740160000000000040e-01
1.058999999999999941e-01 1.030447978110423934e-01 1.031203256809990337e-01 1.030447978110423934e-01 1.461560000000000081e-01 1.073886796226273393e-01 1.031203256809990337e-01 1.073886796226273532e-01 1.740160000000000040e-01
1.058999999999999941e-01 1.077000000000000041e-01 1.083999999999999964e-01 1.077000000000000041e-01 1.461560000000000081e-01 1.123359999999999914e-01 1.083999999999999964e-01 1.123360000000000053e-01 1.740160000000000040e-01
c: 
2.624000000000000110e+00
2.617999999999999883e+00
2.063000000000000167e+00
