CDF: 
4.799999999999999822e-01 7.099999999999999645e-01 7.299999999999999822e-01 1.000000000000000000e+00
2.700000000000000178e-01 2.899999999999999800e-01 3.099999999999999978e-01 1.000000000000000000e+00
2.000000000000000111e-01 2.600000000000000089e-01 4.199999999999999845e-01 1.000000000000000000e+00
sigma: 
1.846990000000000021e-01 1.955169613327115748e-03 3.460747564212492394e-03 1.955169613327115748e-03 2.047959999999999781e-01 9.967168291151672858e-04 3.460747564212492394e-03 9.967168291151672858e-04 1.930440000000000211e-01
1.846990000000000021e-01 5.741910220122706764e-03 6.343218989930461682e-03 5.741910220122706764e-03 2.047959999999999781e-01 1.540337866511073787e-02 6.343218989930461682e-03 1.540337866511073787e-02 1.930440000000000211e-01
1.846990000000000021e-01 1.268262072286829682e-02 1.674192174269385422e-02 1.268262072286829682e-02 2.047959999999999781e-01 2.336709433041552278e-02 1.674192174269385422e-02 2.336709433041552278e-02 1.930440000000000211e-01
1.846990000000000021e-01 1.842189550102778239e-02 1.779339879141083117e-02 1.842189550102778239e-02 2.047959999999999781e-01 3.470339256032304448e-02 1.779339879141083117e-02 3.470339256032304448e-02 1.930440000000000211e-01
1.846990000000000021e-01 2.043149038366109255e-02 2.656877262522132702e-02 2.043149038366109255e-02 2.047959999999999781e-01 3.964890984657414713e-02 2.656877262522132702e-02 3.964890984657414713e-02 1.930440000000000211e-01
1.846990000000000021e-01 2.527157843929352110e-02 2.964271489594024964e-02 2.527157843929352110e-02 2.047959999999999781e-01 4.732302279510477994e-02 2.964271489594024964e-02 4.732302279510477994e-02 1.930440000000000211e-01
1.846990000000000021e-01 2.910652300862122746e-02 3.814634190180244550e-02 2.910652300862122746e-02 2.047959999999999781e-01 5.741889186893076036e-02 3.814634190180244550e-02 5.741889186893076036e-02 1.930440000000000211e-01
1.846990000000000021e-01 3.772795192273624421e-02 4.129216337452037977e-02 3.772795192273624421e-02 2.047959999999999781e-01 6.531616903649579975e-02 4.129216337452037977e-02 6.531616903649579975e-02 1.930440000000000211e-01
1.846990000000000021e-01 4.125807387595570308e-02 4.830710620768100677e-02 4.125807387595570308e-02 2.047959999999999781e-01 7.467295434873816307e-02 4.830710620768100677e-02 7.467295434873816307e-02 1.930440000000000211e-01
1.846990000000000021e-01 4.624078663952282259e-02 5.384120177359746906e-02 4.624078663952282259e-02 2.047959999999999781e-01 8.741817978451281446e-02 5.384120177359746906e-02 8.741817978451281446e-02 1.930440000000000211e-01
1.846990000000000021e-01 5.028556018250858461e-02 5.934781177371730582e-02 5.028556018250858461e-02 2.047959999999999781e-01 9.991691419455990542e-02 5.934781177371730582e-02 9.991691419455990542e-02 1.930440000000000211e-01
1.846990000000000021e-01 5.287087101576698478e-02 6.491161858489628844e-02 5.287087101576698478e-02 2.047959999999999781e-01 1.070242361565051925e-01 6.491161858489628844e-02 1.070242361565051925e-01 1.930440000000000211e-01
1.846990000000000021e-01 5.903926170859413736e-02 7.087887651488347651e-02 5.903926170859413736e-02 2.047959999999999781e-01 1.157413235052884432e-01 7.087887651488347651e-02 1.157413235052884432e-01 1.930440000000000211e-01
1.846990000000000021e-01 6.186008213741085032e-02 7.568910753321644869e-02 6.186008213741085032e-02 2.047959999999999781e-01 1.256086174010217493e-01 7.568910753321644869e-02 1.256086174010217493e-01 1.930440000000000211e-01
1.846990000000000021e-01 7.045573973532456846e-02 8.621460952292150925e-02 7.045573973532456846e-02 2.047959999999999781e-01 1.342533389807778199e-01 8.621460952292150925e-02 1.342533389807778199e-01 1.930440000000000211e-01
1.846990000000000021e-01 7.413608918774999834e-02 8.794177655399808280e-02 7.413608918774999834e-02 2.047959999999999781e-01 1.368514066384251271e-01 8.794177655399808280e-02 1.368514066384251271e-01 1.930440000000000211e-01
1.846990000000000021e-01 7.658772813574311888e-02 9.543235661643646728e-02 7.658772813574311888e-02 2.047959999999999781e-01 1.464544812722745337e-01 9.543235661643646728e-02 1.464544812722745337e-01 1.930440000000000211e-01
1.846990000000000021e-01 8.160043866753222130e-02 1.036212697026802493e-01 8.160043866753222130e-02 2.047959999999999781e-01 1.632537810275548340e-01 1.036212697026802493e-01 1.632537810275548340e-01 1.930440000000000211e-01
1.846990000000000021e-01 8.940545801283486527e-02 1.050612603183243010e-01 8.940545801283486527e-02 2.047959999999999781e-01 1.703277795461555222e-01 1.050612603183243010e-01 1.703277795461555222e-01 1.930440000000000211e-01
1.846990000000000021e-01 9.029800000000000326e-02 1.094339999999999757e-01 9.029800000000000326e-02 2.047959999999999781e-01 1.728679999999999939e-01 1.094339999999999757e-01 1.728679999999999939e-01 1.930440000000000211e-01
c: 
2.849000000000000199e+00
1.389000000000000012e+00
2.501999999999999780e+00
