CDF: 
4.699999999999999734e-01 7.199999999999999734e-01 8.100000000000000533e-01 1.000000000000000000e+00
3.599999999999999867e-01 5.400000000000000355e-01 8.800000000000000044e-01 1.000000000000000000e+00
2.700000000000000178e-01 9.000000000000000222e-01 9.100000000000000311e-01 1.000000000000000000e+00
sigma: 
1.382240000000000135e-01 3.550529098974178864e-03 1.938656079901303212e-03 3.550529098974178864e-03 9.633599999999999108e-02 5.959456883667586281e-04 1.938656079901303212e-03 5.959456883667586281e-04 6.840000000000000246e-02
1.382240000000000135e-01 6.204761227561466676e-03 4.881583428040597861e-03 6.204761227561466676e-03 9.633599999999999108e-02 5.519477369292632128e-03 4.881583428040597861e-03 5.519477369292632128e-03 6.840000000000000246e-02
1.382240000000000135e-01 1.372042817188162851e-02 9.379442178855024528e-03 1.372042817188162851e-02 9.633599999999999108e-02 1.033808097466047508e-02 9.379442178855024528e-03 1.033808097466047508e-02 6.840000000000000246e-02
1.382240000000000135e-01 1.710925490198118501e-02 1.225961011224161248e-02 1.710925490198118501e-02 9.633599999999999108e-02 1.232040544446165800e-02 1.225961011224161248e-02 1.232040544446165800e-02 6.840000000000000246e-02
1.382240000000000135e-01 2.549392718903289307e-02 1.753543691987288766e-02 2.549392718903289307e-02 9.633599999999999108e-02 1.765249447149672135e-02 1.753543691987288766e-02 1.765249447149672135e-02 6.840000000000000246e-02
1.382240000000000135e-01 2.775935907022489962e-02 2.060114866763072122e-02 2.775935907022489962e-02 9.633599999999999108e-02 2.009723981307333374e-02 2.060114866763072122e-02 2.009723981307333374e-02 6.840000000000000246e-02
1.382240000000000135e-01 3.186981084385510921e-02 2.385862560431267765e-02 3.186981084385510921e-02 9.633599999999999108e-02 2.189638397469742190e-02 2.385862560431267765e-02 2.189638397469742190e-02 6.840000000000000246e-02
1.382240000000000135e-01 3.891441096247835740e-02 2.578053216112288770e-02 3.891441096247835740e-02 9.633599999999999108e-02 2.818798002360087263e-02 2.578053216112288770e-02 2.818798002360087263e-02 6.840000000000000246e-02
1.382240000000000135e-01 4.684741769663400973e-02 3.054943013137792138e-02 4.684741769663400973e-02 9.633599999999999108e-02 3.076307597826375903e-02 3.054943013137792138e-02 3.076307597826375903e-02 6.840000000000000246e-02
1.382240000000000135e-01 4.989604864708557797e-02 3.351922167772867361e-02 4.989604864708557797e-02 9.633599999999999108e-02 3.573560393206274416e-02 3.351922167772867361e-02 3.573560393206274416e-02 6.840000000000000246e-02
1.382240000000000135e-01 5.665696608071016382e-02 3.899760747439020431e-02 5.665696608071016382e-02 9.633599999999999108e-02 3.851702602193732977e-02 3.899760747439020431e-02 3.851702602193732977e-02 6.840000000000000246e-02
1.382240000000000135e-01 5.960805903152582852e-02 4.311571361026969584e-02 5.960805903152582852e-02 9.633599999999999108e-02 4.040668792988887786e-02 4.311571361026969584e-02 4.040668792988887786e-02 6.840000000000000246e-02
1.382240000000000135e-01 6.567268601332153233e-02 4.645198568883866785e-02 6.567268601332153233e-02 9.633599999999999108e-02 4.653629692503714887e-02 4.645198568883866785e-02 4.653629692503714887e-02 6.840000000000000246e-02
1.382240000000000135e-01 7.156666259847066502e-02 4.700724736872547577e-02 7.156666259847066502e-02 9.633599999999999108e-02 4.695238349012605811e-02 4.700724736872547577e-02 4.695238349012605811e-02 6.840000000000000246e-02
1.382240000000000135e-01 7.680358713914771374e-02 5.387811959742692253e-02 7.680358713914771374e-02 9.633599999999999108e-02 5.212241701175061859e-02 5.387811959742692253e-02 5.212241701175061859e-02 6.840000000000000246e-02
1.382240000000000135e-01 7.923471762916220462e-02 5.750428467420931611e-02 7.923471762916220462e-02 9.633599999999999108e-02 5.576656703613072641e-02 5.750428467420931611e-02 5.576656703613072641e-02 6.840000000000000246e-02
1.382240000000000135e-01 8.505738527209305566e-02 5.941232431484339688e-02 8.505738527209305566e-02 9.633599999999999108e-02 5.855786594707761833e-02 5.941232431484339688e-02 5.855786594707761833e-02 6.840000000000000246e-02
1.382240000000000135e-01 9.320921424035560898e-02 6.369157538532772833e-02 9.320921424035560898e-02 9.633599999999999108e-02 6.447706957622149904e-02 6.369157538532772833e-02 6.447706957622149904e-02 6.840000000000000246e-02
1.382240000000000135e-01 9.410526058841192643e-02 6.543267280858149071e-02 9.410526058841192643e-02 9.633599999999999108e-02 6.504600805648887152e-02 6.543267280858149071e-02 6.504600805648887152e-02 6.840000000000000246e-02
1.382240000000000135e-01 9.900799999999998491e-02 6.847999999999999921e-02 9.900799999999998491e-02 9.633599999999999108e-02 6.815999999999999837e-02 6.847999999999999921e-02 6.815999999999999837e-02 6.840000000000000246e-02
c: 
2.080000000000000071e+00
2.873000000000000220e+00
1.493999999999999995e+00
