CDF: 
6.700000000000000400e-01 8.499999999999999778e-01 9.000000000000000222e-01 1.000000000000000000e+00
2.600000000000000089e-01 7.199999999999999734e-01 8.299999999999999600e-01 1.000000000000000000e+00
5.400000000000000355e-01 6.199999999999999956e-01 6.800000000000000488e-01 1.000000000000000000e+00
sigma: 
8.861099999999999532e-02 1.856431937782382314e-03 1.884758456456277285e-04 1.856431937782382314e-03 1.224989999999999968e-01 5.403183202346385945e-03 1.884758456456277285e-04 5.403183202346385945e-03 2.064840000000000009e-01
8.861099999999999532e-02 6.066596665337223304e-03 5.955088944203660445e-03 6.066596665337223304e-03 1.224989999999999968e-01 9.919927536288092318e-03 5.955088944203660445e-03 9.919927536288092318e-03 2.064840000000000009e-01
8.861099999999999532e-02 1.141610541295486926e-02 1.117646235059166493e-02 1.141610541295486926e-02 1.224989999999999968e-01 1.649956407981311574e-02 1.117646235059166493e-02 1.649956407981311574e-02 2.064840000000000009e-01
8.861099999999999532e-02 1.553407117619836665e-02 1.563352447606534273e-02 1.553407117619836665e-02 1.224989999999999968e-01 2.193101778005700914e-02 1.563352447606534273e-02 2.193101778005700914e-02 2.064840000000000009e-01
8.861099999999999532e-02 2.205158551990439586e-02 1.956476297636721567e-02 2.205158551990439586e-02 1.224989999999999968e-01 2.872426831959233248e-02 1.956476297636721567e-02 2.872426831959233248e-02 2.064840000000000009e-01
8.861099999999999532e-02 2.519954207416257724e-02 2.377810321952748135e-02 2.519954207416257724e-02 1.224989999999999968e-01 3.300561129215183465e-02 2.377810321952748135e-02 3.300561129215183465e-02 2.064840000000000009e-01
8.861099999999999532e-02 3.160408448738322162e-02 2.966271746520142416e-02 3.160408448738322162e-02 1.224989999999999968e-01 4.309453881604299180e-02 2.966271746520142416e-02 4.309453881604299180e-02 2.064840000000000009e-01
8.861099999999999532e-02 3.380218925954250192e-02 3.615417201982639578e-02 3.380218925954250192e-02 1.224989999999999968e-01 4.807695739731864676e-02 3.615417201982639578e-02 4.807695739731864676e-02 2.064840000000000009e-01
8.861099999999999532e-02 3.822692708136537360e-02 3.801089460249472418e-02 3.822692708136537360e-02 1.224989999999999968e-01 5.421269371725532388e-02 3.801089460249472418e-02 5.421269371725532388e-02 2.064840000000000009e-01
8.861099999999999532e-02 4.288557838956810059e-02 4.332680382827013704e-02 4.288557838956810059e-02 1.224989999999999968e-01 6.149043970007381232e-02 4.332680382827013704e-02 6.149043970007381232e-02 2.064840000000000009e-01
8.861099999999999532e-02 4.845683683674198439e-02 4.654418625757535122e-02 4.845683683674198439e-02 1.224989999999999968e-01 7.017766264287882139e-02 4.654418625757535122e-02 7.017766264287882139e-02 2.064840000000000009e-01
8.861099999999999532e-02 5.241760421520389596e-02 5.001938141403215743e-02 5.241760421520389596e-02 1.224989999999999968e-01 7.642929269852011265e-02 5.001938141403215743e-02 7.642929269852011265e-02 2.064840000000000009e-01
8.861099999999999532e-02 5.855245127055538207e-02 5.880868313185737967e-02 5.855245127055538207e-02 1.224989999999999968e-01 8.118632892154699354e-02 5.880868313185737967e-02 8.118632892154699354e-02 2.064840000000000009e-01
8.861099999999999532e-02 6.403186661331745910e-02 6.015176399637624238e-02 6.403186661331745910e-02 1.224989999999999968e-01 8.643897672877073890e-02 6.015176399637624238e-02 8.643897672877073890e-02 2.064840000000000009e-01
8.861099999999999532e-02 6.551278398396720437e-02 6.407522797209658227e-02 6.551278398396720437e-02 1.224989999999999968e-01 9.570036847452551010e-02 6.407522797209658227e-02 9.570036847452551010e-02 2.064840000000000009e-01
8.861099999999999532e-02 7.036717201064202065e-02 6.834560507869469337e-02 7.036717201064202065e-02 1.224989999999999968e-01 1.003904300566508256e-01 6.834560507869469337e-02 1.003904300566508256e-01 2.064840000000000009e-01
8.861099999999999532e-02 7.522989173031233157e-02 7.397745564489129066e-02 7.522989173031233157e-02 1.224989999999999968e-01 1.088370363623998860e-01 7.397745564489129066e-02 1.088370363623998860e-01 2.064840000000000009e-01
8.861099999999999532e-02 8.105127249479236740e-02 7.905828120965308070e-02 8.105127249479236740e-02 1.224989999999999968e-01 1.147208515321748168e-01 7.905828120965308070e-02 1.147208515321748168e-01 2.064840000000000009e-01
8.861099999999999532e-02 8.552439076826194586e-02 8.365756878456595547e-02 8.552439076826194586e-02 1.224989999999999968e-01 1.224280943272968297e-01 8.365756878456595547e-02 1.224280943272968297e-01 2.064840000000000009e-01
8.861099999999999532e-02 8.768299999999999705e-02 8.628199999999999759e-02 8.768299999999999705e-02 1.224989999999999968e-01 1.234460000000000002e-01 8.628199999999999759e-02 1.234460000000000002e-01 2.064840000000000009e-01
c: 
1.610999999999999988e+00
1.256999999999999895e+00
2.895000000000000018e+00
