CDF: 
1.000000000000000056e-01 3.800000000000000044e-01 5.500000000000000444e-01 1.000000000000000000e+00
1.600000000000000033e-01 5.200000000000000178e-01 6.300000000000000044e-01 1.000000000000000000e+00
1.199999999999999956e-01 2.099999999999999922e-01 6.999999999999999556e-01 1.000000000000000000e+00
sigma: 
1.589239999999999819e-01 5.718757961122301713e-05 4.037293186457771056e-03 5.718757961122301713e-05 1.658040000000000069e-01 6.187217146470862413e-03 4.037293186457771056e-03 6.187217146470862413e-03 1.178039999999999921e-01
1.589239999999999819e-01 1.022754378445241835e-02 8.040702273234274014e-03 1.022754378445241835e-02 1.658040000000000069e-01 1.086570861094523707e-02 8.040702273234274014e-03 1.086570861094523707e-02 1.178039999999999921e-01
1.589239999999999819e-01 1.699030190443116123e-02 1.284529797794852976e-02 1.699030190443116123e-02 1.658040000000000069e-01 1.887754052930683615e-02 1.284529797794852976e-02 1.887754052930683615e-02 1.178039999999999921e-01
1.589239999999999819e-01 2.766853892003636947e-02 2.230756896258934835e-02 2.766853892003636947e-02 1.658040000000000069e-01 2.060621256647054284e-02 2.230756896258934835e-02 2.060621256647054284e-02 1.178039999999999921e-01
1.589239999999999819e-01 3.264452993983790047e-02 2.873871802132996894e-02 3.264452993983790047e-02 1.658040000000000069e-01 2.610874417287365606e-02 2.873871802132996894e-02 2.610874417287365606e-02 1.178039999999999921e-01
1.589239999999999819e-01 4.637716564560252774e-02 2.899281388358041292e-02 4.637716564560252774e-02 1.658040000000000069e-01 3.556598311822646574e-02 2.899281388358041292e-02 3.556598311822646574e-02 1.178039999999999921e-01
1.589239999999999819e-01 4.838912060235125989e-02 3.697006996389945455e-02 4.838912060235125989e-02 1.658040000000000069e-01 4.512541618474921745e-02 3.697006996389945455e-02 4.512541618474921745e-02 1.178039999999999921e-01
1.589239999999999819e-01 5.989341302619437257e-02 4.408532555191646551e-02 5.989341302619437257e-02 1.658040000000000069e-01 4.800203981192079083e-02 4.408532555191646551e-02 4.800203981192079083e-02 1.178039999999999921e-01
1.589239999999999819e-01 6.785568674153216739e-02 5.137325043439472383e-02 6.785568674153216739e-02 1.658040000000000069e-01 5.227274233842311990e-02 5.137325043439472383e-02 5.227274233842311990e-02 1.178039999999999921e-01
1.589239999999999819e-01 7.039248899964183070e-02 5.604437322402899130e-02 7.039248899964183070e-02 1.658040000000000069e-01 5.917524648788451136e-02 5.604437322402899130e-02 5.917524648788451136e-02 1.178039999999999921e-01
1.589239999999999819e-01 7.863857206659452537e-02 5.974242018028931567e-02 7.863857206659452537e-02 1.658040000000000069e-01 6.814580381337448367e-02 5.974242018028931567e-02 6.814580381337448367e-02 1.178039999999999921e-01
1.589239999999999819e-01 9.050394193691156663e-02 6.858315377086687814e-02 9.050394193691156663e-02 1.658040000000000069e-01 7.254775690056707027e-02 6.858315377086687814e-02 7.254775690056707027e-02 1.178039999999999921e-01
1.589239999999999819e-01 9.798530568351540571e-02 7.112149719627328115e-02 9.798530568351540571e-02 1.658040000000000069e-01 8.205447875962369741e-02 7.112149719627328115e-02 8.205447875962369741e-02 1.178039999999999921e-01
1.589239999999999819e-01 1.088229860490757539e-01 7.910223493871040845e-02 1.088229860490757539e-01 1.658040000000000069e-01 8.431206489449573349e-02 7.910223493871040845e-02 8.431206489449573349e-02 1.178039999999999921e-01
1.589239999999999819e-01 1.123245165520461858e-01 8.295985855030264811e-02 1.123245165520461858e-01 1.658040000000000069e-01 9.090684794769757215e-02 8.295985855030264811e-02 9.090684794769757215e-02 1.178039999999999921e-01
1.589239999999999819e-01 1.224869566078543442e-01 9.173999596773581289e-02 1.224869566078543442e-01 1.658040000000000069e-01 1.027115835714292463e-01 9.173999596773581289e-02 1.027115835714292463e-01 1.178039999999999921e-01
1.589239999999999819e-01 1.320380431925514408e-01 9.668902776664048404e-02 1.320380431925514408e-01 1.658040000000000069e-01 1.076809688259202230e-01 9.668902776664048404e-02 1.076809688259202230e-01 1.178039999999999921e-01
1.589239999999999819e-01 1.381064060257814197e-01 1.020171461129636276e-01 1.381064060257814197e-01 1.658040000000000069e-01 1.133836746354125319e-01 1.020171461129636276e-01 1.133836746354125319e-01 1.178039999999999921e-01
1.589239999999999819e-01 1.464803186815537561e-01 1.086512110889927968e-01 1.464803186815537561e-01 1.658040000000000069e-01 1.218899359094903490e-01 1.086512110889927968e-01 1.218899359094903490e-01 1.178039999999999921e-01
1.589239999999999819e-01 1.478360000000000229e-01 1.093640000000000168e-01 1.478360000000000229e-01 1.658040000000000069e-01 1.225960000000000105e-01 1.093640000000000168e-01 1.225960000000000105e-01 1.178039999999999921e-01
c: 
2.649000000000000021e+00
2.505999999999999783e+00
2.016000000000000014e+00
