CDF: 
5.000000000000000278e-02 6.600000000000000311e-01 7.299999999999999822e-01 1.000000000000000000e+00
3.800000000000000044e-01 6.300000000000000044e-01 6.899999999999999467e-01 1.000000000000000000e+00
8.999999999999999667e-02 6.099999999999999867e-01 7.199999999999999734e-01 1.000000000000000000e+00
sigma: 
1.584959999999999702e-01 3.190584660500688646e-03 2.777236738661478972e-03 3.190584660500688646e-03 1.932910000000000184e-01 6.452469112051998495e-03 2.777236738661478972e-03 6.452469112051998495e-03 1.618750000000000189e-01
1.584959999999999702e-01 1.501632290252391359e-02 1.321237938456733610e-02 1.501632290252391359e-02 1.932910000000000184e-01 1.697440563927272300e-02 1.321237938456733610e-02 1.697440563927272300e-02 1.618750000000000189e-01
1.584959999999999702e-01 2.405724117398539905e-02 1.730981533888688306e-02 2.405724117398539905e-02 1.932910000000000184e-01 1.940159811389157926e-02 1.730981533888688306e-02 1.940159811389157926e-02 1.618750000000000189e-01
1.584959999999999702e-01 3.184534254328862807e-02 2.974805183906899242e-02 3.184534254328862807e-02 1.932910000000000184e-01 3.082779875118488860e-02 2.974805183906899242e-02 3.082779875118488860e-02 1.618750000000000189e-01
1.584959999999999702e-01 3.947259521274752020e-02 3.600473559632422910e-02 3.947259521274752020e-02 1.932910000000000184e-01 3.625206308263562854e-02 3.600473559632422910e-02 3.625206308263562854e-02 1.618750000000000189e-01
1.584959999999999702e-01 4.329749574371991733e-02 4.233925236648353185e-02 4.329749574371991733e-02 1.932910000000000184e-01 4.933147278308004646e-02 4.233925236648353185e-02 4.933147278308004646e-02 1.618750000000000189e-01
1.584959999999999702e-01 5.239769237878546398e-02 5.068457727755095593e-02 5.239769237878546398e-02 1.932910000000000184e-01 5.798351969574291886e-02 5.068457727755095593e-02 5.798351969574291886e-02 1.618750000000000189e-01
1.584959999999999702e-01 6.320531024139118548e-02 6.183386490478588043e-02 6.320531024139118548e-02 1.932910000000000184e-01 7.051439555115844582e-02 6.183386490478588043e-02 7.051439555115844582e-02 1.618750000000000189e-01
1.584959999999999702e-01 7.526534985073156381e-02 7.114502189092034024e-02 7.526534985073156381e-02 1.932910000000000184e-01 7.868694918308322128e-02 7.114502189092034024e-02 7.868694918308322128e-02 1.618750000000000189e-01
1.584959999999999702e-01 7.796002723178842297e-02 8.140149981938983592e-02 7.796002723178842297e-02 1.932910000000000184e-01 8.589339276022016356e-02 8.140149981938983592e-02 8.589339276022016356e-02 1.618750000000000189e-01
1.584959999999999702e-01 9.166827955812273387e-02 8.539959557394755096e-02 9.166827955812273387e-02 1.932910000000000184e-01 9.480160286282912629e-02 8.539959557394755096e-02 9.480160286282912629e-02 1.618750000000000189e-01
1.584959999999999702e-01 1.001491956503763187e-01 9.729104521949513695e-02 1.001491956503763187e-01 1.932910000000000184e-01 1.014597005018978010e-01 9.729104521949513695e-02 1.014597005018978010e-01 1.618750000000000189e-01
1.584959999999999702e-01 1.088705490922571156e-01 1.067171286665361818e-01 1.088705490922571156e-01 1.932910000000000184e-01 1.095831805234686596e-01 1.067171286665361818e-01 1.095831805234686596e-01 1.618750000000000189e-01
1.584959999999999702e-01 1.150391422100654759e-01 1.115998937584010003e-01 1.150391422100654759e-01 1.932910000000000184e-01 1.239429534837440811e-01 1.115998937584010003e-01 1.239429534837440811e-01 1.618750000000000189e-01
1.584959999999999702e-01 1.291647823643800874e-01 1.208756191442885708e-01 1.291647823643800874e-01 1.932910000000000184e-01 1.324120854064569919e-01 1.208756191442885708e-01 1.324120854064569919e-01 1.618750000000000189e-01
1.584959999999999702e-01 1.340980494775368681e-01 1.260558952729173288e-01 1.340980494775368681e-01 1.932910000000000184e-01 1.379711691050132805e-01 1.260558952729173288e-01 1.379711691050132805e-01 1.618750000000000189e-01
1.584959999999999702e-01 1.408210288710936842e-01 1.346495244638777622e-01 1.408210288710936842e-01 1.932910000000000184e-01 1.459110943671047544e-01 1.346495244638777622e-01 1.459110943671047544e-01 1.618750000000000189e-01
1.584959999999999702e-01 1.531681773899395138e-01 1.467077871392023780e-01 1.531681773899395138e-01 1.932910000000000184e-01 1.579420375889322437e-01 1.467077871392023780e-01 1.579420375889322437e-01 1.618750000000000189e-01
1.584959999999999702e-01 1.571192075963768198e-01 1.534918374765908422e-01 1.571192075963768198e-01 1.932910000000000184e-01 1.677299664826533421e-01 1.534918374765908422e-01 1.677299664826533421e-01 1.618750000000000189e-01
1.584959999999999702e-01 1.638439999999999896e-01 1.566199999999999815e-01 1.638439999999999896e-01 1.932910000000000184e-01 1.684550000000000214e-01 1.566199999999999815e-01 1.684550000000000214e-01 1.618750000000000189e-01
c: 
1.018000000000000016e+00
1.701999999999999957e+00
1.151000000000000023e+00
