CDF: 
3.400000000000000244e-01 4.500000000000000111e-01 8.199999999999999512e-01 1.000000000000000000e+00
2.200000000000000011e-01 5.400000000000000355e-01 7.700000000000000178e-01 1.000000000000000000e+00
5.899999999999999689e-01 7.299999999999999822e-01 7.800000000000000266e-01 1.000000000000000000e+00
sigma: 
1.210999999999999854e-01 5.078321955751126035e-03 7.066381920423412235e-05 5.078321955751126035e-03 1.306039999999999979e-01 4.469745239335044443e-05 7.066381920423412235e-05 4.469745239335044443e-05 1.617760000000000031e-01
1.210999999999999854e-01 1.158686412593817362e-02 8.309996111437687252e-03 1.158686412593817362e-02 1.306039999999999979e-01 1.213934094740691874e-02 8.309996111437687252e-03 1.213934094740691874e-02 1.617760000000000031e-01
1.210999999999999854e-01 1.572845843749885383e-02 1.866826450275961904e-02 1.572845843749885383e-02 1.306039999999999979e-01 1.925984332748574904e-02 1.866826450275961904e-02 1.925984332748574904e-02 1.617760000000000031e-01
1.210999999999999854e-01 2.272878802992495811e-02 2.174373488773938615e-02 2.272878802992495811e-02 1.306039999999999979e-01 2.298156346072022238e-02 2.174373488773938615e-02 2.298156346072022238e-02 1.617760000000000031e-01
1.210999999999999854e-01 2.896007649306340387e-02 3.157430874097578305e-02 2.896007649306340387e-02 1.306039999999999979e-01 3.051663460981891840e-02 3.157430874097578305e-02 3.051663460981891840e-02 1.617760000000000031e-01
1.210999999999999854e-01 3.341390741763506506e-02 3.202208197750641000e-02 3.341390741763506506e-02 1.306039999999999979e-01 4.202625268423650778e-02 3.202208197750641000e-02 4.202625268423650778e-02 1.617760000000000031e-01
1.210999999999999854e-01 3.802940206307912907e-02 4.244302513980310193e-02 3.802940206307912907e-02 1.306039999999999979e-01 4.369877960624472119e-02 4.244302513980310193e-02 4.369877960624472119e-02 1.617760000000000031e-01
1.210999999999999854e-01 4.324532181026022326e-02 4.954004928992903484e-02 4.324532181026022326e-02 1.306039999999999979e-01 5.684816382113622169e-02 4.954004928992903484e-02 5.684816382113622169e-02 1.617760000000000031e-01
1.210999999999999854e-01 4.875439805360067685e-02 5.388384330069669742e-02 4.875439805360067685e-02 1.306039999999999979e-01 6.103459754205001198e-02 5.388384330069669742e-02 6.103459754205001198e-02 1.617760000000000031e-01
1.210999999999999854e-01 5.606593786565965132e-02 5.758475235365943801e-02 5.606593786565965132e-02 1.306039999999999979e-01 6.660746147935543704e-02 5.758475235365943801e-02 6.660746147935543704e-02 1.617760000000000031e-01
1.210999999999999854e-01 6.391659092869775294e-02 6.741401014972803196e-02 6.391659092869775294e-02 1.306039999999999979e-01 7.788824391952664516e-02 6.741401014972803196e-02 7.788824391952664516e-02 1.617760000000000031e-01
1.210999999999999854e-01 6.701567234921249061e-02 7.062163928683327929e-02 6.701567234921249061e-02 1.306039999999999979e-01 8.287647548893478655e-02 7.062163928683327929e-02 8.287647548893478655e-02 1.617760000000000031e-01
1.210999999999999854e-01 7.724308323186630798e-02 8.247062817838454740e-02 7.724308323186630798e-02 1.306039999999999979e-01 9.399410512389683170e-02 8.247062817838454740e-02 9.399410512389683170e-02 1.617760000000000031e-01
1.210999999999999854e-01 7.810601508330886067e-02 8.523756952286527799e-02 7.810601508330886067e-02 1.306039999999999979e-01 9.555218003764859303e-02 8.523756952286527799e-02 9.555218003764859303e-02 1.617760000000000031e-01
1.210999999999999854e-01 8.491480209876609009e-02 9.244785295537526204e-02 8.491480209876609009e-02 1.306039999999999979e-01 1.051841396368657783e-01 9.244785295537526204e-02 1.051841396368657783e-01 1.617760000000000031e-01
1.210999999999999854e-01 8.953048049658633711e-02 9.605935444805321910e-02 8.953048049658633711e-02 1.306039999999999979e-01 1.138297075069432812e-01 9.605935444805321910e-02 1.138297075069432812e-01 1.617760000000000031e-01
1.210999999999999854e-01 1.000294421920692872e-01 1.038870982493652895e-01 1.000294421920692872e-01 1.306039999999999979e-01 1.194681481018208397e-01 1.038870982493652895e-01 1.194681481018208397e-01 1.617760000000000031e-01
1.210999999999999854e-01 1.045997052040930353e-01 1.106070639437639336e-01 1.045997052040930353e-01 1.306039999999999979e-01 1.287509354671738659e-01 1.106070639437639336e-01 1.287509354671738659e-01 1.617760000000000031e-01
1.210999999999999854e-01 1.090075253017772222e-01 1.168431265050700052e-01 1.090075253017772222e-01 1.306039999999999979e-01 1.375036475624212273e-01 1.168431265050700052e-01 1.375036475624212273e-01 1.617760000000000031e-01
1.210999999999999854e-01 1.133000000000000118e-01 1.214000000000000079e-01 1.133000000000000118e-01 1.306039999999999979e-01 1.381519999999999970e-01 1.214000000000000079e-01 1.381519999999999970e-01 1.617760000000000031e-01
c: 
1.243000000000000105e+00
1.864999999999999991e+00
2.432999999999999829e+00
