CDF: 
1.799999999999999933e-01 4.500000000000000111e-01 8.900000000000000133e-01 1.000000000000000000e+00
2.500000000000000000e-01 4.199999999999999845e-01 8.000000000000000444e-01 1.000000000000000000e+00
2.800000000000000266e-01 6.500000000000000222e-01 6.600000000000000311e-01 1.000000000000000000e+00
sigma: 
7.993899999999999617e-02 4.262397766189562551e-03 4.615474783824212728e-04 4.262397766189562551e-03 1.263390000000000346e-01 4.618130279330053684e-03 4.615474783824212728e-04 4.618130279330053684e-03 2.001999999999999891e-01
7.993899999999999617e-02 6.631650559811835127e-03 7.151537633811390869e-03 6.631650559811835127e-03 1.263390000000000346e-01 1.094460003360685392e-02 7.151537633811390869e-03 1.094460003360685392e-02 2.001999999999999891e-01
7.993899999999999617e-02 9.533714051290814034e-03 9.298906267110322588e-03 9.533714051290814034e-03 1.263390000000000346e-01 1.668835079926030834e-02 9.298906267110322588e-03 1.668835079926030834e-02 2.001999999999999891e-01
7.993899999999999617e-02 1.533313815865205119e-02 1.467315111334819774e-02 1.533313815865205119e-02 1.263390000000000346e-01 2.534161602362355187e-02 1.467315111334819774e-02 2.534161602362355187e-02 2.001999999999999891e-01
7.993899999999999617e-02 2.001417886149404676e-02 2.201556880372856906e-02 2.001417886149404676e-02 1.263390000000000346e-01 2.650116215400496675e-02 2.201556880372856906e-02 2.650116215400496675e-02 2.001999999999999891e-01
7.993899999999999617e-02 2.456683421144529103e-02 2.663621519410701299e-02 2.456683421144529103e-02 1.263390000000000346e-01 3.854865173338247603e-02 2.663621519410701299e-02 3.854865173338247603e-02 2.001999999999999891e-01
7.993899999999999617e-02 3.018640877450265783e-02 3.080823745587301515e-02 3.018640877450265783e-02 1.263390000000000346e-01 4.119665155723040845e-02 3.080823745587301515e-02 4.119665155723040845e-02 2.001999999999999891e-01
7.993899999999999617e-02 3.065566530733191547e-02 3.555041995409278371e-02 3.065566530733191547e-02 1.263390000000000346e-01 4.693727321037376166e-02 3.555041995409278371e-02 4.693727321037376166e-02 2.001999999999999891e-01
7.993899999999999617e-02 3.510259652958139936e-02 3.751931526765470842e-02 3.510259652958139936e-02 1.263390000000000346e-01 5.529090908824865758e-02 3.751931526765470842e-02 5.529090908824865758e-02 2.001999999999999891e-01
7.993899999999999617e-02 4.094298222196297854e-02 4.464306419766837092e-02 4.094298222196297854e-02 1.263390000000000346e-01 6.350088476759180312e-02 4.464306419766837092e-02 6.350088476759180312e-02 2.001999999999999891e-01
7.993899999999999617e-02 4.365548193779530267e-02 4.766195238304559573e-02 4.365548193779530267e-02 1.263390000000000346e-01 6.885430492113286949e-02 4.766195238304559573e-02 6.885430492113286949e-02 2.001999999999999891e-01
7.993899999999999617e-02 4.939491103795206478e-02 5.197744679576103005e-02 4.939491103795206478e-02 1.263390000000000346e-01 7.854314947439976213e-02 5.197744679576103005e-02 7.854314947439976213e-02 2.001999999999999891e-01
7.993899999999999617e-02 5.254295489470738045e-02 5.580567899523408010e-02 5.254295489470738045e-02 1.263390000000000346e-01 7.989345329854066757e-02 5.580567899523408010e-02 7.989345329854066757e-02 2.001999999999999891e-01
7.993899999999999617e-02 5.866122400094566508e-02 6.156816285786051446e-02 5.866122400094566508e-02 1.263390000000000346e-01 8.770482952773071827e-02 6.156816285786051446e-02 8.770482952773071827e-02 2.001999999999999891e-01
7.993899999999999617e-02 6.320895043660440527e-02 6.294534698409548490e-02 6.320895043660440527e-02 1.263390000000000346e-01 9.582136741137259328e-02 6.294534698409548490e-02 9.582136741137259328e-02 2.001999999999999891e-01
7.993899999999999617e-02 6.905327267972179162e-02 7.117830194243583708e-02 6.905327267972179162e-02 1.263390000000000346e-01 1.029424651931200585e-01 7.117830194243583708e-02 1.029424651931200585e-01 2.001999999999999891e-01
7.993899999999999617e-02 7.103194133255198717e-02 7.392813005335480137e-02 7.103194133255198717e-02 1.263390000000000346e-01 1.074766548573212605e-01 7.392813005335480137e-02 1.074766548573212605e-01 2.001999999999999891e-01
7.993899999999999617e-02 7.388267482726484925e-02 7.922275962718181019e-02 7.388267482726484925e-02 1.263390000000000346e-01 1.175666655574553049e-01 7.922275962718181019e-02 1.175666655574553049e-01 2.001999999999999891e-01
7.993899999999999617e-02 7.875585266169909948e-02 8.533158079337782587e-02 7.875585266169909948e-02 1.263390000000000346e-01 1.210650867415466736e-01 8.533158079337782587e-02 1.210650867415466736e-01 2.001999999999999891e-01
7.993899999999999617e-02 8.206100000000000894e-02 8.537999999999999756e-02 8.206100000000000894e-02 1.263390000000000346e-01 1.254200000000000037e-01 8.537999999999999756e-02 1.254200000000000037e-01 2.001999999999999891e-01
c: 
1.681999999999999940e+00
2.648000000000000131e+00
1.421999999999999931e+00
