CDF: 
2.500000000000000000e-01 6.300000000000000044e-01 7.399999999999999911e-01 1.000000000000000000e+00
5.400000000000000355e-01 5.699999999999999512e-01 8.100000000000000533e-01 1.000000000000000000e+00
4.199999999999999845e-01 8.000000000000000444e-01 9.000000000000000222e-01 1.000000000000000000e+00
sigma: 
1.484000000000000041e-01 3.296054999055875873e-03 4.295841406327568709e-03 3.296054999055875873e-03 1.443359999999999921e-01 3.374959235081250765e-03 4.295841406327568709e-03 3.374959235081250765e-03 8.454400000000000803e-02
1.484000000000000041e-01 7.115704445909497300e-03 7.310960028786449814e-03 7.115704445909497300e-03 1.443359999999999921e-01 9.534831693398795535e-03 7.310960028786449814e-03 9.534831693398795535e-03 8.454400000000000803e-02
1.484000000000000041e-01 1.557033619395323081e-02 1.011216563576070385e-02 1.557033619395323081e-02 1.443359999999999921e-01 1.479699820985735589e-02 1.011216563576070385e-02 1.479699820985735589e-02 8.454400000000000803e-02
1.484000000000000041e-01 2.484078707490451968e-02 1.398246283458852261e-02 2.484078707490451968e-02 1.443359999999999921e-01 1.660281898667624600e-02 1.398246283458852261e-02 1.660281898667624600e-02 8.454400000000000803e-02
1.484000000000000041e-01 3.317920720605786744e-02 2.022670948388922280e-02 3.317920720605786744e-02 1.443359999999999921e-01 2.273685359860659269e-02 2.022670948388922280e-02 2.273685359860659269e-02 8.454400000000000803e-02
1.484000000000000041e-01 3.896793804433260761e-02 2.592365110046292165e-02 3.896793804433260761e-02 1.443359999999999921e-01 2.545173181687747366e-02 2.592365110046292165e-02 2.545173181687747366e-02 8.454400000000000803e-02
1.484000000000000041e-01 4.379982889725903689e-02 3.144957008142110211e-02 4.379982889725903689e-02 1.443359999999999921e-01 2.979072524563490532e-02 3.144957008142110211e-02 2.979072524563490532e-02 8.454400000000000803e-02
1.484000000000000041e-01 5.472057832058051935e-02 3.313194193103640578e-02 5.472057832058051935e-02 1.443359999999999921e-01 3.728017041960422773e-02 3.313194193103640578e-02 3.728017041960422773e-02 8.454400000000000803e-02
1.484000000000000041e-01 5.643082409148800910e-02 3.940045204227202863e-02 5.643082409148800910e-02 1.443359999999999921e-01 4.446708481460739937e-02 3.940045204227202863e-02 4.446708481460739937e-02 8.454400000000000803e-02
1.484000000000000041e-01 6.342133169902404444e-02 4.320596637502967241e-02 6.342133169902404444e-02 1.443359999999999921e-01 4.597192128076218326e-02 4.320596637502967241e-02 4.597192128076218326e-02 8.454400000000000803e-02
1.484000000000000041e-01 7.272280768967685771e-02 4.982011947955884701e-02 7.272280768967685771e-02 1.443359999999999921e-01 5.305569407392483200e-02 4.982011947955884701e-02 5.305569407392483200e-02 8.454400000000000803e-02
1.484000000000000041e-01 7.985760014095051595e-02 5.049712990066368423e-02 7.985760014095051595e-02 1.443359999999999921e-01 5.715585743064312274e-02 5.049712990066368423e-02 5.715585743064312274e-02 8.454400000000000803e-02
1.484000000000000041e-01 8.876505737477230484e-02 5.696876007387524643e-02 8.876505737477230484e-02 1.443359999999999921e-01 6.288195024356603435e-02 5.696876007387524643e-02 6.288195024356603435e-02 8.454400000000000803e-02
1.484000000000000041e-01 8.957718578709403245e-02 6.085655505810638743e-02 8.957718578709403245e-02 1.443359999999999921e-01 6.703223343811440249e-02 6.085655505810638743e-02 6.703223343811440249e-02 8.454400000000000803e-02
1.484000000000000041e-01 1.028214356531979845e-01 6.470598358753726353e-02 1.028214356531979845e-01 1.443359999999999921e-01 7.321788000181018996e-02 6.470598358753726353e-02 7.321788000181018996e-02 8.454400000000000803e-02
1.484000000000000041e-01 1.064450080828328316e-01 7.141601541441709722e-02 1.064450080828328316e-01 1.443359999999999921e-01 7.769519546131622989e-02 7.141601541441709722e-02 7.769519546131622989e-02 8.454400000000000803e-02
1.484000000000000041e-01 1.149034580311842219e-01 7.438054080767896037e-02 1.149034580311842219e-01 1.443359999999999921e-01 8.121519803582187558e-02 7.438054080767896037e-02 8.121519803582187558e-02 8.454400000000000803e-02
1.484000000000000041e-01 1.205345592254726539e-01 7.816753013669494599e-02 1.205345592254726539e-01 1.443359999999999921e-01 8.625972870539129478e-02 7.816753013669494599e-02 8.625972870539129478e-02 8.454400000000000803e-02
1.484000000000000041e-01 1.272513922599139147e-01 8.616811774150751058e-02 1.272513922599139147e-01 1.443359999999999921e-01 9.372098096161309011e-02 8.616811774150751058e-02 9.372098096161309011e-02 8.454400000000000803e-02
1.484000000000000041e-01 1.306399999999999784e-01 8.712000000000000299e-02 1.306399999999999784e-01 1.443359999999999921e-01 9.412800000000001721e-02 8.712000000000000299e-02 9.412800000000001721e-02 8.454400000000000803e-02
c: 
2.604000000000000092e+00
2.612000000000000099e+00
2.908999999999999808e+00
