CDF: 
1.600000000000000033e-01 2.000000000000000111e-01 3.599999999999999867e-01 1.000000000000000000e+00
2.500000000000000000e-01 5.999999999999999778e-01 8.000000000000000444e-01 1.000000000000000000e+00
1.400000000000000133e-01 4.299999999999999933e-01 4.500000000000000111e-01 1.000000000000000000e+00
sigma: 
1.602560000000000373e-01 1.439340845620367673e-03 6.171923319337202681e-03 1.439340845620367673e-03 1.234999999999999987e-01 4.281085000582420083e-04 6.171923319337202681e-03 4.281085000582420083e-04 1.853439999999999810e-01
1.602560000000000373e-01 8.633960895985009695e-03 8.144308951879720287e-03 8.633960895985009695e-03 1.234999999999999987e-01 1.031596685628393198e-02 8.144308951879720287e-03 1.031596685628393198e-02 1.853439999999999810e-01
1.602560000000000373e-01 9.709750161332776630e-03 2.027770474400442113e-02 9.709750161332776630e-03 1.234999999999999987e-01 1.488548511929729118e-02 2.027770474400442113e-02 1.488548511929729118e-02 1.853439999999999810e-01
1.602560000000000373e-01 1.637697849613891504e-02 2.850733569984010771e-02 1.637697849613891504e-02 1.234999999999999987e-01 1.697185816813788842e-02 2.850733569984010771e-02 1.697185816813788842e-02 1.853439999999999810e-01
1.602560000000000373e-01 1.850069447273683040e-02 3.859967986573253906e-02 1.850069447273683040e-02 1.234999999999999987e-01 2.583421959420942673e-02 3.859967986573253906e-02 2.583421959420942673e-02 1.853439999999999810e-01
1.602560000000000373e-01 2.765481536375337043e-02 4.055563800711297490e-02 2.765481536375337043e-02 1.234999999999999987e-01 3.232976611720382587e-02 4.055563800711297490e-02 3.232976611720382587e-02 1.853439999999999810e-01
1.602560000000000373e-01 2.788542805843473998e-02 4.694789034228703806e-02 2.788542805843473998e-02 1.234999999999999987e-01 3.325705671863662255e-02 4.694789034228703806e-02 3.325705671863662255e-02 1.853439999999999810e-01
1.602560000000000373e-01 3.310154802491262899e-02 6.174709442912681978e-02 3.310154802491262899e-02 1.234999999999999987e-01 4.075539700033500162e-02 6.174709442912681978e-02 4.075539700033500162e-02 1.853439999999999810e-01
1.602560000000000373e-01 3.947423943557968468e-02 6.628769702018895427e-02 3.947423943557968468e-02 1.234999999999999987e-01 4.656048613126329699e-02 6.628769702018895427e-02 4.656048613126329699e-02 1.853439999999999810e-01
1.602560000000000373e-01 4.219808001576351442e-02 7.094666731533795512e-02 4.219808001576351442e-02 1.234999999999999987e-01 4.918819300524315125e-02 7.094666731533795512e-02 4.918819300524315125e-02 1.853439999999999810e-01
1.602560000000000373e-01 4.801621807877857334e-02 8.117659192343859575e-02 4.801621807877857334e-02 1.234999999999999987e-01 5.539864691877247754e-02 8.117659192343859575e-02 5.539864691877247754e-02 1.853439999999999810e-01
1.602560000000000373e-01 5.106570985598588713e-02 8.692902410138844682e-02 5.106570985598588713e-02 1.234999999999999987e-01 6.272457931273207887e-02 8.692902410138844682e-02 6.272457931273207887e-02 1.853439999999999810e-01
1.602560000000000373e-01 5.615306109632051818e-02 9.640268389094258650e-02 5.615306109632051818e-02 1.234999999999999987e-01 6.549557704667464952e-02 9.640268389094258650e-02 6.549557704667464952e-02 1.853439999999999810e-01
1.602560000000000373e-01 6.310101745838199438e-02 1.065404345535761327e-01 6.310101745838199438e-02 1.234999999999999987e-01 7.327655378465697256e-02 1.065404345535761327e-01 7.327655378465697256e-02 1.853439999999999810e-01
1.602560000000000373e-01 6.603894122638684361e-02 1.093208593338333007e-01 6.603894122638684361e-02 1.234999999999999987e-01 7.618439777997644546e-02 1.093208593338333007e-01 7.618439777997644546e-02 1.853439999999999810e-01
1.602560000000000373e-01 7.147629657527472535e-02 1.222471684232981082e-01 7.147629657527472535e-02 1.234999999999999987e-01 8.459288806138941241e-02 1.222471684232981082e-01 8.459288806138941241e-02 1.853439999999999810e-01
1.602560000000000373e-01 7.541858288138181265e-02 1.254290039733589879e-01 7.541858288138181265e-02 1.234999999999999987e-01 8.727997363347966830e-02 1.254290039733589879e-01 8.727997363347966830e-02 1.853439999999999810e-01
1.602560000000000373e-01 8.005406015715031687e-02 1.346989046314296112e-01 8.005406015715031687e-02 1.234999999999999987e-01 9.526172834457800886e-02 1.346989046314296112e-01 9.526172834457800886e-02 1.853439999999999810e-01
1.602560000000000373e-01 8.628287295741650376e-02 1.460463445480207900e-01 8.628287295741650376e-02 1.234999999999999987e-01 1.027530947839669639e-01 1.460463445480207900e-01 1.027530947839669639e-01 1.853439999999999810e-01
1.602560000000000373e-01 8.760000000000001119e-02 1.478080000000000227e-01 8.760000000000001119e-02 1.234999999999999987e-01 1.032000000000000139e-01 1.478080000000000227e-01 1.032000000000000139e-01 1.853439999999999810e-01
c: 
2.593999999999999861e+00
1.381000000000000005e+00
2.309000000000000163e+00
