CDF: 
4.500000000000000111e-01 7.199999999999999734e-01 8.000000000000000444e-01 1.000000000000000000e+00
2.800000000000000266e-01 6.500000000000000222e-01 9.000000000000000222e-01 1.000000000000000000e+00
1.499999999999999944e-01 3.599999999999999867e-01 3.900000000000000133e-01 1.000000000000000000e+00
sigma: 
1.418040000000000134e-01 4.830921208053162870e-04 2.626122655523303873e-03 4.830921208053162870e-04 7.972400000000000320e-02 3.816535577682894816e-03 2.626122655523303873e-03 3.816535577682894816e-03 1.823040000000000216e-01
1.418040000000000134e-01 8.067001337141862030e-03 6.463097825602417273e-03 8.067001337141862030e-03 7.972400000000000320e-02 4.872753006482008140e-03 6.463097825602417273e-03 4.872753006482008140e-03 1.823040000000000216e-01
1.418040000000000134e-01 1.106190427543700394e-02 1.053035767441340941e-02 1.106190427543700394e-02 7.972400000000000320e-02 9.378763207240412361e-03 1.053035767441340941e-02 9.378763207240412361e-03 1.823040000000000216e-01
1.418040000000000134e-01 1.805146008898066839e-02 1.910652964436159243e-02 1.805146008898066839e-02 7.972400000000000320e-02 1.257999749288982519e-02 1.910652964436159243e-02 1.257999749288982519e-02 1.823040000000000216e-01
1.418040000000000134e-01 2.004386938669606294e-02 2.176570082006810611e-02 2.004386938669606294e-02 7.972400000000000320e-02 1.616803863425516144e-02 2.176570082006810611e-02 1.616803863425516144e-02 1.823040000000000216e-01
1.418040000000000134e-01 2.708756988918721922e-02 2.859983784899635534e-02 2.708756988918721922e-02 7.972400000000000320e-02 2.118538489370152406e-02 2.859983784899635534e-02 2.118538489370152406e-02 1.823040000000000216e-01
1.418040000000000134e-01 2.935839989787866408e-02 3.305172466438931200e-02 2.935839989787866408e-02 7.972400000000000320e-02 2.596630872497426856e-02 3.305172466438931200e-02 2.596630872497426856e-02 1.823040000000000216e-01
1.418040000000000134e-01 3.662007877768493069e-02 3.950423952964356861e-02 3.662007877768493069e-02 7.972400000000000320e-02 3.031739343374062479e-02 3.950423952964356861e-02 3.031739343374062479e-02 1.823040000000000216e-01
1.418040000000000134e-01 3.861945183517108415e-02 4.122878052706038798e-02 3.861945183517108415e-02 7.972400000000000320e-02 3.285848847022411479e-02 4.122878052706038798e-02 3.285848847022411479e-02 1.823040000000000216e-01
1.418040000000000134e-01 4.613629279811137102e-02 4.820215307473415395e-02 4.613629279811137102e-02 7.972400000000000320e-02 3.602178096075026731e-02 4.820215307473415395e-02 3.602178096075026731e-02 1.823040000000000216e-01
1.418040000000000134e-01 4.767919425112555204e-02 5.232567041471418434e-02 4.767919425112555204e-02 7.972400000000000320e-02 4.279703694932150693e-02 5.232567041471418434e-02 4.279703694932150693e-02 1.823040000000000216e-01
1.418040000000000134e-01 5.487903208422654361e-02 5.878573570585139685e-02 5.487903208422654361e-02 7.972400000000000320e-02 4.543424460596227205e-02 5.878573570585139685e-02 4.543424460596227205e-02 1.823040000000000216e-01
1.418040000000000134e-01 5.907235229355852629e-02 6.461244938539478788e-02 5.907235229355852629e-02 7.972400000000000320e-02 4.840800198858203479e-02 6.461244938539478788e-02 4.840800198858203479e-02 1.823040000000000216e-01
1.418040000000000134e-01 6.251621752677072319e-02 6.952958650612220404e-02 6.251621752677072319e-02 7.972400000000000320e-02 5.358074882100469921e-02 6.952958650612220404e-02 5.358074882100469921e-02 1.823040000000000216e-01
1.418040000000000134e-01 6.912619107544210051e-02 7.368851303970497257e-02 6.912619107544210051e-02 7.972400000000000320e-02 5.858488109553233736e-02 7.368851303970497257e-02 5.858488109553233736e-02 1.823040000000000216e-01
1.418040000000000134e-01 7.079922037360403264e-02 7.953388018335338927e-02 7.079922037360403264e-02 7.972400000000000320e-02 6.167522502567582277e-02 7.953388018335338927e-02 6.167522502567582277e-02 1.823040000000000216e-01
1.418040000000000134e-01 7.480118851095707289e-02 8.445110497436983388e-02 7.480118851095707289e-02 7.972400000000000320e-02 6.458169490207252283e-02 8.445110497436983388e-02 6.458169490207252283e-02 1.823040000000000216e-01
1.418040000000000134e-01 8.239718212586961965e-02 8.781932301593643742e-02 8.239718212586961965e-02 7.972400000000000320e-02 6.824985385402937421e-02 8.781932301593643742e-02 6.824985385402937421e-02 1.823040000000000216e-01
1.418040000000000134e-01 8.757956788578051543e-02 9.152613479497552496e-02 8.757956788578051543e-02 7.972400000000000320e-02 7.480031052098765065e-02 9.152613479497552496e-02 7.480031052098765065e-02 1.823040000000000216e-01
1.418040000000000134e-01 8.803600000000000314e-02 9.609600000000000086e-02 8.803600000000000314e-02 7.972400000000000320e-02 7.566400000000000903e-02 9.609600000000000086e-02 7.566400000000000903e-02 1.823040000000000216e-01
c: 
1.149999999999999911e+00
2.226999999999999869e+00
1.622000000000000108e+00
