CDF: 
3.499999999999999778e-01 6.800000000000000488e-01 7.900000000000000355e-01 1.000000000000000000e+00
3.200000000000000067e-01 5.100000000000000089e-01 7.600000000000000089e-01 1.000000000000000000e+00
4.099999999999999756e-01 5.300000000000000266e-01 6.300000000000000044e-01 1.000000000000000000e+00
sigma: 
1.470240000000000158e-01 1.937250600298675521e-03 9.547375283066046169e-04 1.937250600298675521e-03 1.528440000000000076e-01 2.666461467664587356e-03 9.547375283066046169e-04 2.666461467664587356e-03 2.104560000000000042e-01
1.470240000000000158e-01 1.404143788826681116e-02 7.945823164527467466e-03 1.404143788826681116e-02 1.528440000000000076e-01 9.731761066024281759e-03 7.945823164527467466e-03 9.731761066024281759e-03 2.104560000000000042e-01
1.470240000000000158e-01 1.810370800024572666e-02 1.796336718956881642e-02 1.810370800024572666e-02 1.528440000000000076e-01 1.818034471602503199e-02 1.796336718956881642e-02 1.818034471602503199e-02 2.104560000000000042e-01
1.470240000000000158e-01 2.228155336376046181e-02 2.433958606584982545e-02 2.228155336376046181e-02 1.528440000000000076e-01 3.040550861987005582e-02 2.433958606584982545e-02 3.040550861987005582e-02 2.104560000000000042e-01
1.470240000000000158e-01 3.697149083358424598e-02 3.471902968325121797e-02 3.697149083358424598e-02 1.528440000000000076e-01 3.465216203623791569e-02 3.471902968325121797e-02 3.465216203623791569e-02 2.104560000000000042e-01
1.470240000000000158e-01 4.380722604330899994e-02 3.913822979210584974e-02 4.380722604330899994e-02 1.528440000000000076e-01 4.617547504075714127e-02 3.913822979210584974e-02 4.617547504075714127e-02 2.104560000000000042e-01
1.470240000000000158e-01 4.472136718915721565e-02 5.015771572767047798e-02 4.472136718915721565e-02 1.528440000000000076e-01 5.456589061145322023e-02 5.015771572767047798e-02 5.456589061145322023e-02 2.104560000000000042e-01
1.470240000000000158e-01 5.501192541534588587e-02 5.160532402618207143e-02 5.501192541534588587e-02 1.528440000000000076e-01 6.194721288122237435e-02 5.160532402618207143e-02 6.194721288122237435e-02 2.104560000000000042e-01
1.470240000000000158e-01 6.570019395069474910e-02 6.295473582658057954e-02 6.570019395069474910e-02 1.528440000000000076e-01 7.176081170654274866e-02 6.295473582658057954e-02 7.176081170654274866e-02 2.104560000000000042e-01
1.470240000000000158e-01 7.374560289371931421e-02 6.985300828015718333e-02 7.374560289371931421e-02 1.528440000000000076e-01 7.288727025586175245e-02 6.985300828015718333e-02 7.288727025586175245e-02 2.104560000000000042e-01
1.470240000000000158e-01 7.760879290035173350e-02 7.422336809376815780e-02 7.760879290035173350e-02 1.528440000000000076e-01 8.658814397323819079e-02 7.422336809376815780e-02 8.658814397323819079e-02 2.104560000000000042e-01
1.470240000000000158e-01 8.726196718558996979e-02 8.453433840165307245e-02 8.726196718558996979e-02 1.528440000000000076e-01 9.358605868306106579e-02 8.453433840165307245e-02 9.358605868306106579e-02 2.104560000000000042e-01
1.470240000000000158e-01 9.090038145023604521e-02 9.258383545173705376e-02 9.090038145023604521e-02 1.528440000000000076e-01 1.027642889021112838e-01 9.258383545173705376e-02 1.027642889021112838e-01 2.104560000000000042e-01
1.470240000000000158e-01 9.825921685583377529e-02 9.645599519847118664e-02 9.825921685583377529e-02 1.528440000000000076e-01 1.114996612983437801e-01 9.645599519847118664e-02 1.114996612983437801e-01 2.104560000000000042e-01
1.470240000000000158e-01 1.060563472926758788e-01 1.043476435373560524e-01 1.060563472926758788e-01 1.528440000000000076e-01 1.198507228225306198e-01 1.043476435373560524e-01 1.198507228225306198e-01 2.104560000000000042e-01
1.470240000000000158e-01 1.111364762012811286e-01 1.120818525008890898e-01 1.111364762012811286e-01 1.528440000000000076e-01 1.276243316128400640e-01 1.120818525008890898e-01 1.276243316128400640e-01 2.104560000000000042e-01
1.470240000000000158e-01 1.255889174399632269e-01 1.191420798968507722e-01 1.255889174399632269e-01 1.528440000000000076e-01 1.316624291966941862e-01 1.191420798968507722e-01 1.316624291966941862e-01 2.104560000000000042e-01
1.470240000000000158e-01 1.330792023297822091e-01 1.260261534144281048e-01 1.330792023297822091e-01 1.528440000000000076e-01 1.364472732801067789e-01 1.260261534144281048e-01 1.364472732801067789e-01 2.104560000000000042e-01
1.470240000000000158e-01 1.347613448852497953e-01 1.381201696061046258e-01 1.347613448852497953e-01 1.528440000000000076e-01 1.487747343868077166e-01 1.381201696061046258e-01 1.487747343868077166e-01 2.104560000000000042e-01
1.470240000000000158e-01 1.407160000000000077e-01 1.384880000000000000e-01 1.407160000000000077e-01 1.528440000000000076e-01 1.519920000000000160e-01 1.384880000000000000e-01 1.519920000000000160e-01 2.104560000000000042e-01
c: 
2.447999999999999954e+00
2.576999999999999957e+00
2.728000000000000203e+00
