CDF: 
7.000000000000000666e-02 2.200000000000000011e-01 6.199999999999999956e-01 1.000000000000000000e+00
1.000000000000000056e-01 2.600000000000000089e-01 7.399999999999999911e-01 1.000000000000000000e+00
2.700000000000000178e-01 4.099999999999999756e-01 5.899999999999999689e-01 1.000000000000000000e+00
sigma: 
1.522749999999999937e-01 3.095379285905748394e-03 7.263876384747831524e-03 3.095379285905748394e-03 1.284000000000000141e-01 2.652835173976299601e-03 7.263876384747831524e-03 2.652835173976299601e-03 1.991159999999999597e-01
1.522749999999999937e-01 7.799064778987158282e-03 1.478456988501302728e-02 7.799064778987158282e-03 1.284000000000000141e-01 1.106822802415616952e-02 1.478456988501302728e-02 1.106822802415616952e-02 1.991159999999999597e-01
1.522749999999999937e-01 1.628224576155508363e-02 1.999052952166938818e-02 1.628224576155508363e-02 1.284000000000000141e-01 1.344452015551950499e-02 1.999052952166938818e-02 1.344452015551950499e-02 1.991159999999999597e-01
1.522749999999999937e-01 2.294086021208904466e-02 3.322628052548351474e-02 2.294086021208904466e-02 1.284000000000000141e-01 2.234222987356066295e-02 3.322628052548351474e-02 2.234222987356066295e-02 1.991159999999999597e-01
1.522749999999999937e-01 2.836098019315245328e-02 3.634015363574260443e-02 2.836098019315245328e-02 1.284000000000000141e-01 2.649239124309388238e-02 3.634015363574260443e-02 2.649239124309388238e-02 1.991159999999999597e-01
1.522749999999999937e-01 3.513639531406043126e-02 4.409959461060022901e-02 3.513639531406043126e-02 1.284000000000000141e-01 3.585057280938450108e-02 4.409959461060022901e-02 3.585057280938450108e-02 1.991159999999999597e-01
1.522749999999999937e-01 3.628155230695729455e-02 5.298776071050589898e-02 3.628155230695729455e-02 1.284000000000000141e-01 4.274946365536089893e-02 5.298776071050589898e-02 4.274946365536089893e-02 1.991159999999999597e-01
1.522749999999999937e-01 4.659102082354015656e-02 6.698277658088032382e-02 4.659102082354015656e-02 1.284000000000000141e-01 4.873349148773373218e-02 6.698277658088032382e-02 4.873349148773373218e-02 1.991159999999999597e-01
1.522749999999999937e-01 5.031691387066911797e-02 7.179107645912496949e-02 5.031691387066911797e-02 1.284000000000000141e-01 5.484284144877375755e-02 7.179107645912496949e-02 5.484284144877375755e-02 1.991159999999999597e-01
1.522749999999999937e-01 5.447619905242506028e-02 7.764925273530230709e-02 5.447619905242506028e-02 1.284000000000000141e-01 6.082170368901196333e-02 7.764925273530230709e-02 6.082170368901196333e-02 1.991159999999999597e-01
1.522749999999999937e-01 6.605233144352612440e-02 8.647681775888414746e-02 6.605233144352612440e-02 1.284000000000000141e-01 7.134596834074606597e-02 8.647681775888414746e-02 7.134596834074606597e-02 1.991159999999999597e-01
1.522749999999999937e-01 7.013425371877164693e-02 9.511073348633966584e-02 7.013425371877164693e-02 1.284000000000000141e-01 7.499093227697613273e-02 9.511073348633966584e-02 7.499093227697613273e-02 1.991159999999999597e-01
1.522749999999999937e-01 7.256977659245274215e-02 1.073644832685618916e-01 7.256977659245274215e-02 1.284000000000000141e-01 8.166100476757144622e-02 1.073644832685618916e-01 8.166100476757144622e-02 1.991159999999999597e-01
1.522749999999999937e-01 7.868006897275235667e-02 1.189220650618918740e-01 7.868006897275235667e-02 1.284000000000000141e-01 9.101396100954844970e-02 1.189220650618918740e-01 9.101396100954844970e-02 1.991159999999999597e-01
1.522749999999999937e-01 8.548024647295193734e-02 1.262373989212347836e-01 8.548024647295193734e-02 1.284000000000000141e-01 9.666453770123424605e-02 1.262373989212347836e-01 9.666453770123424605e-02 1.991159999999999597e-01
1.522749999999999937e-01 9.401722442272814062e-02 1.300276320914154904e-01 9.401722442272814062e-02 1.284000000000000141e-01 1.005141810655730827e-01 1.300276320914154904e-01 1.005141810655730827e-01 1.991159999999999597e-01
1.522749999999999937e-01 9.805808549746553027e-02 1.408053772783604551e-01 9.805808549746553027e-02 1.284000000000000141e-01 1.112566772993710262e-01 1.408053772783604551e-01 1.112566772993710262e-01 1.991159999999999597e-01
1.522749999999999937e-01 1.073400676380510538e-01 1.494997920791641399e-01 1.073400676380510538e-01 1.284000000000000141e-01 1.150130286399584645e-01 1.494997920791641399e-01 1.150130286399584645e-01 1.991159999999999597e-01
1.522749999999999937e-01 1.121406013564404947e-01 1.616233610161989520e-01 1.121406013564404947e-01 1.284000000000000141e-01 1.180937388790866266e-01 1.616233610161989520e-01 1.180937388790866266e-01 1.991159999999999597e-01
1.522749999999999937e-01 1.145000000000000046e-01 1.632299999999999862e-01 1.145000000000000046e-01 1.284000000000000141e-01 1.246400000000000008e-01 1.632299999999999862e-01 1.246400000000000008e-01 1.991159999999999597e-01
c: 
1.399999999999999911e+00
2.826000000000000068e+00
2.225999999999999979e+00
