CDF: 
1.700000000000000122e-01 4.699999999999999734e-01 5.899999999999999689e-01 1.000000000000000000e+00
1.600000000000000033e-01 2.500000000000000000e-01 5.100000000000000089e-01 1.000000000000000000e+00
5.999999999999999778e-02 1.900000000000000022e-01 3.599999999999999867e-01 1.000000000000000000e+00
sigma: 
1.972240000000000104e-01 6.602367704384397643e-03 5.899949257566220774e-03 6.602367704384397643e-03 1.813710000000000044e-01 6.507573518482892040e-03 5.899949257566220774e-03 6.507573518482892040e-03 1.609840000000000160e-01
1.972240000000000104e-01 1.417505661898674392e-02 8.297850978885952175e-03 1.417505661898674392e-02 1.813710000000000044e-01 1.013212309629790524e-02 8.297850978885952175e-03 1.013212309629790524e-02 1.609840000000000160e-01
1.972240000000000104e-01 2.075786582458653481e-02 1.698114821069216657e-02 2.075786582458653481e-02 1.813710000000000044e-01 2.212081464671776174e-02 1.698114821069216657e-02 2.212081464671776174e-02 1.609840000000000160e-01
1.972240000000000104e-01 2.726253088318517440e-02 2.278213866891088193e-02 2.726253088318517440e-02 1.813710000000000044e-01 2.770543735387133791e-02 2.278213866891088193e-02 2.770543735387133791e-02 1.609840000000000160e-01
1.972240000000000104e-01 3.728512302657140121e-02 3.051024796233539615e-02 3.728512302657140121e-02 1.813710000000000044e-01 3.031610812073809794e-02 3.051024796233539615e-02 3.031610812073809794e-02 1.609840000000000160e-01
1.972240000000000104e-01 4.975585865378660128e-02 3.672338968713147189e-02 4.975585865378660128e-02 1.813710000000000044e-01 3.902056117560494253e-02 3.672338968713147189e-02 3.902056117560494253e-02 1.609840000000000160e-01
1.972240000000000104e-01 5.560698534133894783e-02 4.114950419665237141e-02 5.560698534133894783e-02 1.813710000000000044e-01 4.559718253229554791e-02 4.114950419665237141e-02 4.559718253229554791e-02 1.609840000000000160e-01
1.972240000000000104e-01 6.428142987745978643e-02 4.913236694672369620e-02 6.428142987745978643e-02 1.813710000000000044e-01 5.266668070118384060e-02 4.913236694672369620e-02 5.266668070118384060e-02 1.609840000000000160e-01
1.972240000000000104e-01 7.538149834415448780e-02 5.704308825347329664e-02 7.538149834415448780e-02 1.813710000000000044e-01 6.381706849908826140e-02 5.704308825347329664e-02 6.381706849908826140e-02 1.609840000000000160e-01
1.972240000000000104e-01 8.813786076421870064e-02 6.599437175427677604e-02 8.813786076421870064e-02 1.813710000000000044e-01 7.320544348466549722e-02 6.599437175427677604e-02 7.320544348466549722e-02 1.609840000000000160e-01
1.972240000000000104e-01 9.366008708237694158e-02 6.948982860491598190e-02 9.366008708237694158e-02 1.813710000000000044e-01 7.876950970190731149e-02 6.948982860491598190e-02 7.876950970190731149e-02 1.609840000000000160e-01
1.972240000000000104e-01 1.059829989782906240e-01 7.870179691109482900e-02 1.059829989782906240e-01 1.813710000000000044e-01 8.756446515592812563e-02 7.870179691109482900e-02 8.756446515592812563e-02 1.609840000000000160e-01
1.972240000000000104e-01 1.150110130677547832e-01 8.572911209713078573e-02 1.150110130677547832e-01 1.813710000000000044e-01 9.309935622607670713e-02 8.572911209713078573e-02 9.309935622607670713e-02 1.609840000000000160e-01
1.972240000000000104e-01 1.238527013733840693e-01 9.131025067947617924e-02 1.238527013733840693e-01 1.813710000000000044e-01 1.027135455147068777e-01 9.131025067947617924e-02 1.027135455147068777e-01 1.609840000000000160e-01
1.972240000000000104e-01 1.257685081711235053e-01 9.970980780561961021e-02 1.257685081711235053e-01 1.813710000000000044e-01 1.058663036360942139e-01 9.970980780561961021e-02 1.058663036360942139e-01 1.609840000000000160e-01
1.972240000000000104e-01 1.427794496878733166e-01 1.065264611619379659e-01 1.427794496878733166e-01 1.813710000000000044e-01 1.114561711285086965e-01 1.065264611619379659e-01 1.114561711285086965e-01 1.609840000000000160e-01
1.972240000000000104e-01 1.438700220626595860e-01 1.073316616971643628e-01 1.438700220626595860e-01 1.813710000000000044e-01 1.238365578501888220e-01 1.073316616971643628e-01 1.238365578501888220e-01 1.609840000000000160e-01
1.972240000000000104e-01 1.557828876153183051e-01 1.166805796242268711e-01 1.557828876153183051e-01 1.813710000000000044e-01 1.274250408350280361e-01 1.166805796242268711e-01 1.274250408350280361e-01 1.609840000000000160e-01
1.972240000000000104e-01 1.692319984742677030e-01 1.225850537675097635e-01 1.692319984742677030e-01 1.813710000000000044e-01 1.372171297656853139e-01 1.225850537675097635e-01 1.372171297656853139e-01 1.609840000000000160e-01
1.972240000000000104e-01 1.703479999999999994e-01 1.271960000000000035e-01 1.703479999999999994e-01 1.813710000000000044e-01 1.407919999999999727e-01 1.271960000000000035e-01 1.407919999999999727e-01 1.609840000000000160e-01
c: 
1.405999999999999917e+00
1.816999999999999948e+00
1.899999999999999911e+00
