CDF: 
4.600000000000000200e-01 7.399999999999999911e-01 7.800000000000000266e-01 1.000000000000000000e+00
3.499999999999999778e-01 5.200000000000000178e-01 6.500000000000000222e-01 1.000000000000000000e+00
1.700000000000000122e-01 5.500000000000000444e-01 9.200000000000000400e-01 1.000000000000000000e+00
sigma: 
1.587999999999999967e-01 3.532809562812233919e-03 1.880903659793541158e-03 3.532809562812233919e-03 1.985640000000000183e-01 8.368079409275113205e-04 1.880903659793541158e-03 8.368079409275113205e-04 6.465900000000000813e-02
1.587999999999999967e-01 1.240483970859580787e-02 5.402475879961022784e-03 1.240483970859580787e-02 1.985640000000000183e-01 4.286481827177022162e-03 5.402475879961022784e-03 4.286481827177022162e-03 6.465900000000000813e-02
1.587999999999999967e-01 2.120428381522929465e-02 8.937355765711188157e-03 2.120428381522929465e-02 1.985640000000000183e-01 1.041815524343713342e-02 8.937355765711188157e-03 1.041815524343713342e-02 6.465900000000000813e-02
1.587999999999999967e-01 2.603601697821979546e-02 1.508124270209158790e-02 2.603601697821979546e-02 1.985640000000000183e-01 1.550185224589880652e-02 1.508124270209158790e-02 1.550185224589880652e-02 6.465900000000000813e-02
1.587999999999999967e-01 3.561026863243966362e-02 1.535288594091074009e-02 3.561026863243966362e-02 1.985640000000000183e-01 1.739130850981928170e-02 1.535288594091074009e-02 1.739130850981928170e-02 6.465900000000000813e-02
1.587999999999999967e-01 4.344154061408624090e-02 2.280571593961301657e-02 4.344154061408624090e-02 1.985640000000000183e-01 2.169993292658251027e-02 2.280571593961301657e-02 2.169993292658251027e-02 6.465900000000000813e-02
1.587999999999999967e-01 4.470426969921464239e-02 2.631963876210578063e-02 4.470426969921464239e-02 1.985640000000000183e-01 2.824754982054382066e-02 2.631963876210578063e-02 2.824754982054382066e-02 6.465900000000000813e-02
1.587999999999999967e-01 5.473297562867920213e-02 2.852188298253530846e-02 5.473297562867920213e-02 1.985640000000000183e-01 3.124827533971941476e-02 2.852188298253530846e-02 3.124827533971941476e-02 6.465900000000000813e-02
1.587999999999999967e-01 5.989821107656890381e-02 3.320568054846635003e-02 5.989821107656890381e-02 1.985640000000000183e-01 3.530339968623961988e-02 3.320568054846635003e-02 3.530339968623961988e-02 6.465900000000000813e-02
1.587999999999999967e-01 7.289376509631924350e-02 3.523370085996526541e-02 7.289376509631924350e-02 1.985640000000000183e-01 3.800335216625850415e-02 3.523370085996526541e-02 3.800335216625850415e-02 6.465900000000000813e-02
1.587999999999999967e-01 7.464563526296447149e-02 4.036135851260132246e-02 7.464563526296447149e-02 1.985640000000000183e-01 4.443281953391971240e-02 4.036135851260132246e-02 4.443281953391971240e-02 6.465900000000000813e-02
1.587999999999999967e-01 8.517388638592152117e-02 4.283510950562362252e-02 8.517388638592152117e-02 1.985640000000000183e-01 4.705226072052638708e-02 4.283510950562362252e-02 4.705226072052638708e-02 6.465900000000000813e-02
1.587999999999999967e-01 9.158530428268776835e-02 4.938865784237522066e-02 9.158530428268776835e-02 1.985640000000000183e-01 5.080399179237125168e-02 4.938865784237522066e-02 5.080399179237125168e-02 6.465900000000000813e-02
1.587999999999999967e-01 1.008261692166553120e-01 5.120604950554241003e-02 1.008261692166553120e-01 1.985640000000000183e-01 5.821068859338014018e-02 5.120604950554241003e-02 5.821068859338014018e-02 6.465900000000000813e-02
1.587999999999999967e-01 1.087961006367439559e-01 5.538769427215514685e-02 1.087961006367439559e-01 1.985640000000000183e-01 6.242593183510403848e-02 5.538769427215514685e-02 6.242593183510403848e-02 6.465900000000000813e-02
1.587999999999999967e-01 1.138628965146633448e-01 5.775911929667790212e-02 1.138628965146633448e-01 1.985640000000000183e-01 6.351774043276962878e-02 5.775911929667790212e-02 6.351774043276962878e-02 6.465900000000000813e-02
1.587999999999999967e-01 1.231039624909875257e-01 6.257830032266759046e-02 1.231039624909875257e-01 1.985640000000000183e-01 7.055203762077576213e-02 6.257830032266759046e-02 7.055203762077576213e-02 6.465900000000000813e-02
1.587999999999999967e-01 1.317460205368569670e-01 6.719279890029224156e-02 1.317460205368569670e-01 1.985640000000000183e-01 7.376670096797906251e-02 6.719279890029224156e-02 7.376670096797906251e-02 6.465900000000000813e-02
1.587999999999999967e-01 1.337325495243228968e-01 7.242329829611579561e-02 1.337325495243228968e-01 1.985640000000000183e-01 7.617633010009763894e-02 7.242329829611579561e-02 7.617633010009763894e-02 6.465900000000000813e-02
1.587999999999999967e-01 1.399400000000000088e-01 7.266000000000000236e-02 1.399400000000000088e-01 1.985640000000000183e-01 7.962600000000000233e-02 7.266000000000000236e-02 7.962600000000000233e-02 6.465900000000000813e-02
c: 
1.788000000000000034e+00
2.818000000000000060e+00
1.830000000000000071e+00
