CDF: 
5.999999999999999778e-02 2.999999999999999889e-01 6.700000000000000400e-01 1.000000000000000000e+00
3.200000000000000067e-01 6.999999999999999556e-01 7.299999999999999822e-01 1.000000000000000000e+00
5.000000000000000000e-01 6.600000000000000311e-01 7.199999999999999734e-01 1.000000000000000000e+00
sigma: 
1.221240000000000103e-01 3.850146484928197894e-03 1.932223920635411062e-03 3.850146484928197894e-03 1.618360000000000076e-01 5.742017062890776222e-03 1.932223920635411062e-03 5.742017062890776222e-03 1.831039999999999890e-01
1.221240000000000103e-01 1.179641659972623449e-02 1.216431657554652851e-02 1.179641659972623449e-02 1.618360000000000076e-01 1.646979781426939973e-02 1.216431657554652851e-02 1.646979781426939973e-02 1.831039999999999890e-01
1.221240000000000103e-01 1.620565537092749642e-02 2.126393461703374871e-02 1.620565537092749642e-02 1.618360000000000076e-01 2.508086058145173394e-02 2.126393461703374871e-02 2.508086058145173394e-02 1.831039999999999890e-01
1.221240000000000103e-01 2.123897361696162542e-02 2.555712299176011310e-02 2.123897361696162542e-02 1.618360000000000076e-01 2.903619461657173939e-02 2.555712299176011310e-02 2.903619461657173939e-02 1.831039999999999890e-01
1.221240000000000103e-01 2.769440516491684240e-02 3.055197145443860202e-02 2.769440516491684240e-02 1.618360000000000076e-01 3.974615629731466371e-02 3.055197145443860202e-02 3.974615629731466371e-02 1.831039999999999890e-01
1.221240000000000103e-01 3.998360567721755826e-02 3.936090697386595422e-02 3.998360567721755826e-02 1.618360000000000076e-01 5.040048826526653120e-02 3.936090697386595422e-02 5.040048826526653120e-02 1.831039999999999890e-01
1.221240000000000103e-01 4.703759229354588511e-02 4.548530619260745395e-02 4.703759229354588511e-02 1.618360000000000076e-01 5.504093538225501153e-02 4.548530619260745395e-02 5.504093538225501153e-02 1.831039999999999890e-01
1.221240000000000103e-01 5.069113005849059522e-02 5.444704402832922785e-02 5.069113005849059522e-02 1.618360000000000076e-01 6.241302105273813933e-02 5.444704402832922785e-02 6.241302105273813933e-02 1.831039999999999890e-01
1.221240000000000103e-01 5.908415969506553012e-02 6.378538112258216874e-02 5.908415969506553012e-02 1.618360000000000076e-01 7.574668798035871786e-02 6.378538112258216874e-02 7.574668798035871786e-02 1.831039999999999890e-01
1.221240000000000103e-01 6.210723363924250395e-02 7.192070469713718328e-02 6.210723363924250395e-02 1.618360000000000076e-01 8.596153817120610885e-02 7.192070469713718328e-02 8.596153817120610885e-02 1.831039999999999890e-01
1.221240000000000103e-01 7.089772579635385263e-02 7.303591925822079667e-02 7.089772579635385263e-02 1.618360000000000076e-01 8.943792357975360874e-02 7.303591925822079667e-02 8.943792357975360874e-02 1.831039999999999890e-01
1.221240000000000103e-01 7.980939640374563881e-02 8.532726999234754861e-02 7.980939640374563881e-02 1.618360000000000076e-01 9.650030416592475513e-02 8.532726999234754861e-02 9.650030416592475513e-02 1.831039999999999890e-01
1.221240000000000103e-01 8.621770681007333292e-02 9.028917029553817919e-02 8.621770681007333292e-02 1.618360000000000076e-01 1.072548479720859538e-01 9.028917029553817919e-02 1.072548479720859538e-01 1.831039999999999890e-01
1.221240000000000103e-01 9.280688820146883178e-02 9.689443411783318916e-02 9.280688820146883178e-02 1.618360000000000076e-01 1.215674820164471676e-01 9.689443411783318916e-02 1.215674820164471676e-01 1.831039999999999890e-01
1.221240000000000103e-01 1.003220798647770085e-01 1.082432614148328559e-01 1.003220798647770085e-01 1.618360000000000076e-01 1.282747191100827300e-01 1.082432614148328559e-01 1.282747191100827300e-01 1.831039999999999890e-01
1.221240000000000103e-01 1.042428102662178863e-01 1.132230921823907249e-01 1.042428102662178863e-01 1.618360000000000076e-01 1.315200425403426077e-01 1.132230921823907249e-01 1.315200425403426077e-01 1.831039999999999890e-01
1.221240000000000103e-01 1.092994524587621724e-01 1.211482155925992094e-01 1.092994524587621724e-01 1.618360000000000076e-01 1.410432516524950664e-01 1.211482155925992094e-01 1.410432516524950664e-01 1.831039999999999890e-01
1.221240000000000103e-01 1.208027572080869055e-01 1.272622210412298893e-01 1.208027572080869055e-01 1.618360000000000076e-01 1.518914366615509715e-01 1.272622210412298893e-01 1.518914366615509715e-01 1.831039999999999890e-01
1.221240000000000103e-01 1.256981429747438817e-01 1.347124901368559058e-01 1.256981429747438817e-01 1.618360000000000076e-01 1.597824767502170062e-01 1.347124901368559058e-01 1.597824767502170062e-01 1.831039999999999890e-01
1.221240000000000103e-01 1.276919999999999999e-01 1.376640000000000086e-01 1.276919999999999999e-01 1.618360000000000076e-01 1.665119999999999933e-01 1.376640000000000086e-01 1.665119999999999933e-01 1.831039999999999890e-01
c: 
2.373000000000000220e+00
2.184000000000000163e+00
1.707999999999999963e+00
