CDF: 
1.100000000000000006e-01 3.599999999999999867e-01 5.500000000000000444e-01 1.000000000000000000e+00
1.000000000000000056e-01 1.499999999999999944e-01 8.399999999999999689e-01 1.000000000000000000e+00
1.300000000000000044e-01 6.400000000000000133e-01 6.999999999999999556e-01 1.000000000000000000e+00
sigma: 
1.586239999999999872e-01 1.279404325179136267e-03 2.885499577837756079e-03 1.279404325179136267e-03 7.348400000000000765e-02 1.280624931908709661e-03 2.885499577837756079e-03 1.280624931908709661e-03 1.485240000000000171e-01
1.586239999999999872e-01 4.681944364460982611e-03 1.100404552655958636e-02 4.681944364460982611e-03 7.348400000000000765e-02 7.861083782097351771e-03 1.100404552655958636e-02 7.861083782097351771e-03 1.485240000000000171e-01
1.586239999999999872e-01 7.847405441777756743e-03 1.795347026280263644e-02 7.847405441777756743e-03 7.348400000000000765e-02 8.068238736510963474e-03 1.795347026280263644e-02 8.068238736510963474e-03 1.485240000000000171e-01
1.586239999999999872e-01 1.101503446604833007e-02 2.473320398515454002e-02 1.101503446604833007e-02 7.348400000000000765e-02 1.477029911085731180e-02 2.473320398515454002e-02 1.477029911085731180e-02 1.485240000000000171e-01
1.586239999999999872e-01 1.670713858755928580e-02 2.993753990911815488e-02 1.670713858755928580e-02 7.348400000000000765e-02 1.792192797043916375e-02 2.993753990911815488e-02 1.792192797043916375e-02 1.485240000000000171e-01
1.586239999999999872e-01 2.072129994845521225e-02 3.523075009948282293e-02 2.072129994845521225e-02 7.348400000000000765e-02 2.009290987068732340e-02 3.523075009948282293e-02 2.009290987068732340e-02 1.485240000000000171e-01
1.586239999999999872e-01 2.206961319993715198e-02 4.289141512650974930e-02 2.206961319993715198e-02 7.348400000000000765e-02 2.627896781766920001e-02 4.289141512650974930e-02 2.627896781766920001e-02 1.485240000000000171e-01
1.586239999999999872e-01 2.516581074758768646e-02 5.075649423912514252e-02 2.516581074758768646e-02 7.348400000000000765e-02 3.001415749966874005e-02 5.075649423912514252e-02 3.001415749966874005e-02 1.485240000000000171e-01
1.586239999999999872e-01 3.199177683752679052e-02 5.401444633868650314e-02 3.199177683752679052e-02 7.348400000000000765e-02 3.397892588336332703e-02 5.401444633868650314e-02 3.397892588336332703e-02 1.485240000000000171e-01
1.586239999999999872e-01 3.494990124991539937e-02 6.312056259552570325e-02 3.494990124991539937e-02 7.348400000000000765e-02 3.667555249697811853e-02 6.312056259552570325e-02 3.667555249697811853e-02 1.485240000000000171e-01
1.586239999999999872e-01 3.786418310487157934e-02 6.550736279989925748e-02 3.786418310487157934e-02 7.348400000000000765e-02 4.129485999758366471e-02 6.550736279989925748e-02 4.129485999758366471e-02 1.485240000000000171e-01
1.586239999999999872e-01 4.271667605131680701e-02 7.462524055325669980e-02 4.271667605131680701e-02 7.348400000000000765e-02 4.750570900181991241e-02 7.462524055325669980e-02 4.750570900181991241e-02 1.485240000000000171e-01
1.586239999999999872e-01 4.351649368162693182e-02 7.828374270712232241e-02 4.351649368162693182e-02 7.348400000000000765e-02 5.122918208175854943e-02 7.828374270712232241e-02 5.122918208175854943e-02 1.485240000000000171e-01
1.586239999999999872e-01 4.778628348805888382e-02 8.785502360967867297e-02 4.778628348805888382e-02 7.348400000000000765e-02 5.350255510133414966e-02 8.785502360967867297e-02 5.350255510133414966e-02 1.485240000000000171e-01
1.586239999999999872e-01 5.147773942561661292e-02 9.275358683522952341e-02 5.147773942561661292e-02 7.348400000000000765e-02 5.826286777969486019e-02 9.275358683522952341e-02 5.826286777969486019e-02 1.485240000000000171e-01
1.586239999999999872e-01 5.670564520895249316e-02 9.597983209579993846e-02 5.670564520895249316e-02 7.348400000000000765e-02 5.968988076682525679e-02 9.597983209579993846e-02 5.968988076682525679e-02 1.485240000000000171e-01
1.586239999999999872e-01 6.064480884876746053e-02 1.061198948276409898e-01 6.064480884876746053e-02 7.348400000000000765e-02 6.415614378300103782e-02 1.061198948276409898e-01 6.415614378300103782e-02 1.485240000000000171e-01
1.586239999999999872e-01 6.142679814486038531e-02 1.111803520913510201e-01 6.142679814486038531e-02 7.348400000000000765e-02 7.135428413068482800e-02 1.111803520913510201e-01 7.135428413068482800e-02 1.485240000000000171e-01
1.586239999999999872e-01 6.559828757053537407e-02 1.207673145671125520e-01 6.559828757053537407e-02 7.348400000000000765e-02 7.327731144705497413e-02 1.207673145671125520e-01 7.327731144705497413e-02 1.485240000000000171e-01
1.586239999999999872e-01 6.790399999999999214e-02 1.210240000000000204e-01 6.790399999999999214e-02 7.348400000000000765e-02 7.560400000000000453e-02 1.210240000000000204e-01 7.560400000000000453e-02 1.485240000000000171e-01
c: 
2.524999999999999911e+00
1.213999999999999968e+00
2.092000000000000082e+00
