CDF: 
1.000000000000000056e-01 1.100000000000000006e-01 3.300000000000000155e-01 1.000000000000000000e+00
4.400000000000000022e-01 5.799999999999999600e-01 6.700000000000000400e-01 1.000000000000000000e+00
8.999999999999999667e-02 2.600000000000000089e-01 2.899999999999999800e-01 1.000000000000000000e+00
sigma: 
1.467310000000000003e-01 2.711819409413504696e-03 6.451245844993145316e-03 2.711819409413504696e-03 2.018590000000000106e-01 4.486812236610647486e-03 6.451245844993145316e-03 4.486812236610647486e-03 1.727039999999999964e-01
1.467310000000000003e-01 5.827881877343172104e-03 1.210666564168980282e-02 5.827881877343172104e-03 2.018590000000000106e-01 5.381336335643751960e-03 1.210666564168980282e-02 5.381336335643751960e-03 1.727039999999999964e-01
1.467310000000000003e-01 1.225020945128398910e-02 2.011331079010272860e-02 1.225020945128398910e-02 2.018590000000000106e-01 1.167702931503185673e-02 2.011331079010272860e-02 1.167702931503185673e-02 1.727039999999999964e-01
1.467310000000000003e-01 1.935862562184410135e-02 2.741272364267047928e-02 1.935862562184410135e-02 2.018590000000000106e-01 1.981315966966351594e-02 2.741272364267047928e-02 1.981315966966351594e-02 1.727039999999999964e-01
1.467310000000000003e-01 2.291280377273473279e-02 3.297989954993875428e-02 2.291280377273473279e-02 2.018590000000000106e-01 2.098975747511877196e-02 3.297989954993875428e-02 2.098975747511877196e-02 1.727039999999999964e-01
1.467310000000000003e-01 2.940088561253896907e-02 4.547233369136875758e-02 2.940088561253896907e-02 2.018590000000000106e-01 2.778533439526508983e-02 4.547233369136875758e-02 2.778533439526508983e-02 1.727039999999999964e-01
1.467310000000000003e-01 3.094629431414467821e-02 5.349685504886777382e-02 3.094629431414467821e-02 2.018590000000000106e-01 3.358628400438330025e-02 5.349685504886777382e-02 3.358628400438330025e-02 1.727039999999999964e-01
1.467310000000000003e-01 3.903815841478140702e-02 5.519779595991077675e-02 3.903815841478140702e-02 2.018590000000000106e-01 3.963176072665159505e-02 5.519779595991077675e-02 3.963176072665159505e-02 1.727039999999999964e-01
1.467310000000000003e-01 4.200826175664162943e-02 6.515659842794524481e-02 4.200826175664162943e-02 2.018590000000000106e-01 4.402472325031941969e-02 6.515659842794524481e-02 4.402472325031941969e-02 1.727039999999999964e-01
1.467310000000000003e-01 4.746825075362000323e-02 7.192274743653444269e-02 4.746825075362000323e-02 2.018590000000000106e-01 4.771515558469315715e-02 7.192274743653444269e-02 4.771515558469315715e-02 1.727039999999999964e-01
1.467310000000000003e-01 5.245899830072867781e-02 8.175194338504399028e-02 5.245899830072867781e-02 2.018590000000000106e-01 5.562611535482973879e-02 8.175194338504399028e-02 5.562611535482973879e-02 1.727039999999999964e-01
1.467310000000000003e-01 6.069375535822382067e-02 8.776873777723635806e-02 6.069375535822382067e-02 2.018590000000000106e-01 5.790844203601018536e-02 8.776873777723635806e-02 5.790844203601018536e-02 1.727039999999999964e-01
1.467310000000000003e-01 6.527545450958524564e-02 9.672708114609017416e-02 6.527545450958524564e-02 2.018590000000000106e-01 6.326101831143260412e-02 9.672708114609017416e-02 6.326101831143260412e-02 1.727039999999999964e-01
1.467310000000000003e-01 7.168451661818489584e-02 1.043305963912752876e-01 7.168451661818489584e-02 2.018590000000000106e-01 7.104876028494304385e-02 1.043305963912752876e-01 7.104876028494304385e-02 1.727039999999999964e-01
1.467310000000000003e-01 7.245913578108136022e-02 1.119770920220672927e-01 7.245913578108136022e-02 2.018590000000000106e-01 7.505821123490273583e-02 1.119770920220672927e-01 7.505821123490273583e-02 1.727039999999999964e-01
1.467310000000000003e-01 7.789200034384943794e-02 1.187710878333928938e-01 7.789200034384943794e-02 2.018590000000000106e-01 7.756397663570399614e-02 1.187710878333928938e-01 7.756397663570399614e-02 1.727039999999999964e-01
1.467310000000000003e-01 8.382806817772697761e-02 1.283623665435174588e-01 8.382806817772697761e-02 2.018590000000000106e-01 8.520353407964426085e-02 1.283623665435174588e-01 8.520353407964426085e-02 1.727039999999999964e-01
1.467310000000000003e-01 9.224170852728993952e-02 1.348196130173419938e-01 9.224170852728993952e-02 2.018590000000000106e-01 8.932798699477477455e-02 1.348196130173419938e-01 8.932798699477477455e-02 1.727039999999999964e-01
1.467310000000000003e-01 9.705738161844865153e-02 1.455373537082650381e-01 9.705738161844865153e-02 2.018590000000000106e-01 9.603605520637489845e-02 1.455373537082650381e-01 9.603605520637489845e-02 1.727039999999999964e-01
1.467310000000000003e-01 9.757300000000000695e-02 1.468679999999999986e-01 9.757300000000000695e-02 2.018590000000000106e-01 9.794400000000000328e-02 1.468679999999999986e-01 9.794400000000000328e-02 1.727039999999999964e-01
c: 
2.959000000000000075e+00
1.558999999999999941e+00
2.630999999999999783e+00
