CDF: 
1.100000000000000006e-01 5.999999999999999778e-01 7.399999999999999911e-01 1.000000000000000000e+00
5.300000000000000266e-01 7.099999999999999645e-01 8.100000000000000533e-01 1.000000000000000000e+00
1.499999999999999944e-01 3.099999999999999978e-01 5.799999999999999600e-01 1.000000000000000000e+00
sigma: 
1.306039999999999979e-01 2.390830702044172400e-03 5.020550099030671176e-03 2.390830702044172400e-03 1.424440000000000150e-01 3.586928431088742038e-03 5.020550099030671176e-03 3.586928431088742038e-03 1.559999999999999998e-01
1.306039999999999979e-01 7.502168080377096503e-03 6.873847356965123896e-03 7.502168080377096503e-03 1.424440000000000150e-01 8.172642106652657987e-03 6.873847356965123896e-03 8.172642106652657987e-03 1.559999999999999998e-01
1.306039999999999979e-01 1.457400017373839188e-02 1.561003105457407260e-02 1.457400017373839188e-02 1.424440000000000150e-01 1.530782382471731519e-02 1.561003105457407260e-02 1.530782382471731519e-02 1.559999999999999998e-01
1.306039999999999979e-01 2.008004077224046641e-02 2.014513608678095147e-02 2.008004077224046641e-02 1.424440000000000150e-01 2.297832762954514843e-02 2.014513608678095147e-02 2.297832762954514843e-02 1.559999999999999998e-01
1.306039999999999979e-01 2.699806918448325460e-02 2.658559399505930343e-02 2.699806918448325460e-02 1.424440000000000150e-01 2.442438394106697871e-02 2.658559399505930343e-02 2.442438394106697871e-02 1.559999999999999998e-01
1.306039999999999979e-01 3.391228791782956858e-02 3.626398248100998895e-02 3.391228791782956858e-02 1.424440000000000150e-01 2.956803894298927482e-02 3.626398248100998895e-02 2.956803894298927482e-02 1.559999999999999998e-01
1.306039999999999979e-01 4.064775350063484782e-02 3.956761746092548465e-02 4.064775350063484782e-02 1.424440000000000150e-01 3.962215062184577807e-02 3.956761746092548465e-02 3.962215062184577807e-02 1.559999999999999998e-01
1.306039999999999979e-01 5.195204212456334264e-02 4.750649072848966287e-02 5.195204212456334264e-02 1.424440000000000150e-01 4.420016980711020255e-02 4.750649072848966287e-02 4.420016980711020255e-02 1.559999999999999998e-01
1.306039999999999979e-01 5.515001253837704259e-02 5.205411446543406484e-02 5.515001253837704259e-02 1.424440000000000150e-01 4.859641818187381002e-02 5.205411446543406484e-02 4.859641818187381002e-02 1.559999999999999998e-01
1.306039999999999979e-01 6.246910557771197248e-02 5.664869414394018560e-02 6.246910557771197248e-02 1.424440000000000150e-01 5.645177886032932968e-02 5.664869414394018560e-02 5.645177886032932968e-02 1.559999999999999998e-01
1.306039999999999979e-01 6.713120355887849944e-02 6.701136043495707628e-02 6.713120355887849944e-02 1.424440000000000150e-01 5.855831276543281561e-02 6.701136043495707628e-02 5.855831276543281561e-02 1.559999999999999998e-01
1.306039999999999979e-01 7.463419718115059387e-02 6.774866420817451940e-02 7.463419718115059387e-02 1.424440000000000150e-01 6.982580422538783860e-02 6.774866420817451940e-02 6.982580422538783860e-02 1.559999999999999998e-01
1.306039999999999979e-01 8.391115292715554952e-02 7.732504588515218269e-02 8.391115292715554952e-02 1.424440000000000150e-01 7.442026009587063284e-02 7.732504588515218269e-02 7.442026009587063284e-02 1.559999999999999998e-01
1.306039999999999979e-01 8.831739704774919930e-02 8.375189275950073453e-02 8.831739704774919930e-02 1.424440000000000150e-01 7.978828162152755421e-02 8.375189275950073453e-02 7.978828162152755421e-02 1.559999999999999998e-01
1.306039999999999979e-01 9.575334563686245526e-02 9.167040189693884122e-02 9.575334563686245526e-02 1.424440000000000150e-01 8.262399496819949896e-02 9.167040189693884122e-02 8.262399496819949896e-02 1.559999999999999998e-01
1.306039999999999979e-01 1.027965951650193638e-01 9.385380058190631591e-02 1.027965951650193638e-01 1.424440000000000150e-01 8.783744566320089708e-02 9.385380058190631591e-02 8.783744566320089708e-02 1.559999999999999998e-01
1.306039999999999979e-01 1.085330566389648144e-01 9.993204320798206031e-02 1.085330566389648144e-01 1.424440000000000150e-01 9.498896281354869686e-02 9.993204320798206031e-02 9.498896281354869686e-02 1.559999999999999998e-01
1.306039999999999979e-01 1.145732391823857804e-01 1.041393101506669361e-01 1.145732391823857804e-01 1.424440000000000150e-01 1.025424155028095974e-01 1.041393101506669361e-01 1.025424155028095974e-01 1.559999999999999998e-01
1.306039999999999979e-01 1.233287905757756292e-01 1.153775153040454277e-01 1.233287905757756292e-01 1.424440000000000150e-01 1.054970563234462477e-01 1.153775153040454277e-01 1.054970563234462477e-01 1.559999999999999998e-01
1.306039999999999979e-01 1.242760000000000115e-01 1.161599999999999994e-01 1.242760000000000115e-01 1.424440000000000150e-01 1.110399999999999998e-01 1.161599999999999994e-01 1.110399999999999998e-01 1.559999999999999998e-01
c: 
1.929000000000000048e+00
1.774000000000000021e+00
1.249000000000000110e+00
