CDF: 
5.799999999999999600e-01 8.000000000000000444e-01 8.100000000000000533e-01 1.000000000000000000e+00
2.500000000000000000e-01 3.900000000000000133e-01 5.300000000000000266e-01 1.000000000000000000e+00
3.499999999999999778e-01 7.099999999999999645e-01 7.399999999999999911e-01 1.000000000000000000e+00
sigma: 
1.468750000000000056e-01 5.099901747645312414e-03 3.670401979013205793e-03 5.099901747645312414e-03 2.073239999999999805e-01 4.084504043729546112e-03 3.670401979013205793e-03 4.084504043729546112e-03 1.732750000000000123e-01
1.468750000000000056e-01 1.051013932765814535e-02 1.330759464899889701e-02 1.051013932765814535e-02 2.073239999999999805e-01 1.082342907380660912e-02 1.330759464899889701e-02 1.082342907380660912e-02 1.732750000000000123e-01
1.468750000000000056e-01 1.541874986298472604e-02 1.818411456835349049e-02 1.541874986298472604e-02 2.073239999999999805e-01 1.497298614904701494e-02 1.818411456835349049e-02 1.497298614904701494e-02 1.732750000000000123e-01
1.468750000000000056e-01 2.082929981118303298e-02 2.661003265320810787e-02 2.082929981118303298e-02 2.073239999999999805e-01 2.482021801753233822e-02 2.661003265320810787e-02 2.482021801753233822e-02 1.732750000000000123e-01
1.468750000000000056e-01 2.423595222024419599e-02 3.464988348404435259e-02 2.423595222024419599e-02 2.073239999999999805e-01 3.448220210338381886e-02 3.464988348404435259e-02 3.448220210338381886e-02 1.732750000000000123e-01
1.468750000000000056e-01 2.724028766994390782e-02 3.754909735553148969e-02 2.724028766994390782e-02 2.073239999999999805e-01 4.100771780854983728e-02 3.754909735553148969e-02 4.100771780854983728e-02 1.732750000000000123e-01
1.468750000000000056e-01 3.292258310286279993e-02 4.595231470864880735e-02 3.292258310286279993e-02 2.073239999999999805e-01 4.629433964721001160e-02 4.595231470864880735e-02 4.629433964721001160e-02 1.732750000000000123e-01
1.468750000000000056e-01 3.798000010411158034e-02 5.043063175434574913e-02 3.798000010411158034e-02 2.073239999999999805e-01 5.496207477085605919e-02 5.043063175434574913e-02 5.496207477085605919e-02 1.732750000000000123e-01
1.468750000000000056e-01 4.602942193138363780e-02 6.246407266838416988e-02 4.602942193138363780e-02 2.073239999999999805e-01 5.844034047094668477e-02 6.246407266838416988e-02 5.844034047094668477e-02 1.732750000000000123e-01
1.468750000000000056e-01 5.040046326827851697e-02 6.915125911144184845e-02 5.040046326827851697e-02 2.073239999999999805e-01 6.468650685259924593e-02 6.915125911144184845e-02 6.468650685259924593e-02 1.732750000000000123e-01
1.468750000000000056e-01 5.439901218118574355e-02 7.806798477094378796e-02 5.439901218118574355e-02 2.073239999999999805e-01 7.196611558248811047e-02 7.806798477094378796e-02 7.196611558248811047e-02 1.732750000000000123e-01
1.468750000000000056e-01 6.021428796677784356e-02 8.159399785403018135e-02 6.021428796677784356e-02 2.073239999999999805e-01 8.248551566185251260e-02 8.159399785403018135e-02 8.248551566185251260e-02 1.732750000000000123e-01
1.468750000000000056e-01 6.518993710274956221e-02 9.213651837840762526e-02 6.518993710274956221e-02 2.073239999999999805e-01 8.429496514825592091e-02 9.213651837840762526e-02 8.429496514825592091e-02 1.732750000000000123e-01
1.468750000000000056e-01 6.979623401707600594e-02 9.734648636500403684e-02 6.979623401707600594e-02 2.073239999999999805e-01 9.187745198848874806e-02 9.734648636500403684e-02 9.187745198848874806e-02 1.732750000000000123e-01
1.468750000000000056e-01 7.642636082121406771e-02 1.052309360337826266e-01 7.642636082121406771e-02 2.073239999999999805e-01 9.761399899898330623e-02 1.052309360337826266e-01 9.761399899898330623e-02 1.732750000000000123e-01
1.468750000000000056e-01 8.285495789132270306e-02 1.123090319368843931e-01 8.285495789132270306e-02 2.073239999999999805e-01 1.084965405949485512e-01 1.123090319368843931e-01 1.084965405949485512e-01 1.732750000000000123e-01
1.468750000000000056e-01 8.780265169389502022e-02 1.211897086250943306e-01 8.780265169389502022e-02 2.073239999999999805e-01 1.109993787640054103e-01 1.211897086250943306e-01 1.109993787640054103e-01 1.732750000000000123e-01
1.468750000000000056e-01 9.602974214985147972e-02 1.235676952685821339e-01 9.602974214985147972e-02 2.073239999999999805e-01 1.176668594631374853e-01 1.235676952685821339e-01 1.176668594631374853e-01 1.732750000000000123e-01
1.468750000000000056e-01 1.001712775596677873e-01 1.336866893426369995e-01 1.001712775596677873e-01 2.073239999999999805e-01 1.299453428408808286e-01 1.336866893426369995e-01 1.299453428408808286e-01 1.732750000000000123e-01
1.468750000000000056e-01 1.019100000000000145e-01 1.356249999999999956e-01 1.019100000000000145e-01 2.073239999999999805e-01 1.311700000000000088e-01 1.356249999999999956e-01 1.311700000000000088e-01 1.732750000000000123e-01
c: 
2.529999999999999805e+00
1.270000000000000018e+00
2.923999999999999932e+00
