CDF: 
1.199999999999999956e-01 2.200000000000000011e-01 3.499999999999999778e-01 1.000000000000000000e+00
2.999999999999999889e-01 5.400000000000000355e-01 6.500000000000000222e-01 1.000000000000000000e+00
4.699999999999999734e-01 5.999999999999999778e-01 6.400000000000000133e-01 1.000000000000000000e+00
sigma: 
1.740990000000000038e-01 2.004759889854334316e-04 3.261019540131289939e-03 2.004759889854334316e-04 1.966509999999999925e-01 8.271477637638737987e-03 3.261019540131289939e-03 8.271477637638737987e-03 2.166749999999999787e-01
1.740990000000000038e-01 8.564972755058965562e-03 1.192647334177500060e-02 8.564972755058965562e-03 1.966509999999999925e-01 1.890802923283005019e-02 1.192647334177500060e-02 1.890802923283005019e-02 2.166749999999999787e-01
1.740990000000000038e-01 1.359026011421848520e-02 1.419364653409256431e-02 1.359026011421848520e-02 1.966509999999999925e-01 2.140724473821056101e-02 1.419364653409256431e-02 2.140724473821056101e-02 2.166749999999999787e-01
1.740990000000000038e-01 1.889967250244470320e-02 1.967360171564178084e-02 1.889967250244470320e-02 1.966509999999999925e-01 4.148487169810586433e-02 1.967360171564178084e-02 4.148487169810586433e-02 2.166749999999999787e-01
1.740990000000000038e-01 2.859507059969586956e-02 2.620960391431308503e-02 2.859507059969586956e-02 1.966509999999999925e-01 4.896586948916287207e-02 2.620960391431308503e-02 4.896586948916287207e-02 2.166749999999999787e-01
1.740990000000000038e-01 3.449813448243251729e-02 3.495017203711991288e-02 3.449813448243251729e-02 1.966509999999999925e-01 5.754955089653599615e-02 3.495017203711991288e-02 5.754955089653599615e-02 2.166749999999999787e-01
1.740990000000000038e-01 4.056437956723778215e-02 3.693831478105776694e-02 4.056437956723778215e-02 1.966509999999999925e-01 7.047038036399429217e-02 3.693831478105776694e-02 7.047038036399429217e-02 2.166749999999999787e-01
1.740990000000000038e-01 4.529365731508989967e-02 4.434804467471895745e-02 4.529365731508989967e-02 1.966509999999999925e-01 8.406875800099498919e-02 4.434804467471895745e-02 8.406875800099498919e-02 2.166749999999999787e-01
1.740990000000000038e-01 5.522467961682871185e-02 5.056591739449863704e-02 5.522467961682871185e-02 1.966509999999999925e-01 8.992686219740765596e-02 5.056591739449863704e-02 8.992686219740765596e-02 2.166749999999999787e-01
1.740990000000000038e-01 5.783723522746102991e-02 5.798657782510371200e-02 5.783723522746102991e-02 1.966509999999999925e-01 1.004382050258806197e-01 5.798657782510371200e-02 1.004382050258806197e-01 2.166749999999999787e-01
1.740990000000000038e-01 6.660228383986803447e-02 6.414484969092201783e-02 6.660228383986803447e-02 1.966509999999999925e-01 1.102220073192113625e-01 6.414484969092201783e-02 1.102220073192113625e-01 2.166749999999999787e-01
1.740990000000000038e-01 7.247103056587916869e-02 6.991549816677891660e-02 7.247103056587916869e-02 1.966509999999999925e-01 1.252870975442718082e-01 6.991549816677891660e-02 1.252870975442718082e-01 2.166749999999999787e-01
1.740990000000000038e-01 7.522010140776547171e-02 7.458654078376060481e-02 7.522010140776547171e-02 1.966509999999999925e-01 1.289386170464511538e-01 7.458654078376060481e-02 1.289386170464511538e-01 2.166749999999999787e-01
1.740990000000000038e-01 8.635225511438841817e-02 8.422765673425024191e-02 8.635225511438841817e-02 1.966509999999999925e-01 1.388145233323643812e-01 8.422765673425024191e-02 1.388145233323643812e-01 2.166749999999999787e-01
1.740990000000000038e-01 8.960959095334694591e-02 9.029309978953992122e-02 8.960959095334694591e-02 1.966509999999999925e-01 1.544700188563033205e-01 9.029309978953992122e-02 1.544700188563033205e-01 2.166749999999999787e-01
1.740990000000000038e-01 9.913034594705799618e-02 9.222614837499569507e-02 9.913034594705799618e-02 1.966509999999999925e-01 1.678100127658942176e-01 9.222614837499569507e-02 1.678100127658942176e-01 2.166749999999999787e-01
1.740990000000000038e-01 1.024072939910737057e-01 1.020913878223695392e-01 1.024072939910737057e-01 1.966509999999999925e-01 1.781445758109196364e-01 1.020913878223695392e-01 1.781445758109196364e-01 2.166749999999999787e-01
1.740990000000000038e-01 1.125519835951729331e-01 1.077701072068244087e-01 1.125519835951729331e-01 1.966509999999999925e-01 1.854724559002692841e-01 1.077701072068244087e-01 1.854724559002692841e-01 2.166749999999999787e-01
1.740990000000000038e-01 1.174079791749244456e-01 1.152733179148278247e-01 1.174079791749244456e-01 1.966509999999999925e-01 2.023206331298827154e-01 1.152733179148278247e-01 2.023206331298827154e-01 2.166749999999999787e-01
1.740990000000000038e-01 1.190070000000000017e-01 1.158849999999999880e-01 1.190070000000000017e-01 1.966509999999999925e-01 2.024049999999999738e-01 1.158849999999999880e-01 2.024049999999999738e-01 2.166749999999999787e-01
c: 
1.338000000000000078e+00
1.594999999999999973e+00
2.000000000000000000e+00
