CDF: 
2.200000000000000011e-01 2.500000000000000000e-01 9.100000000000000311e-01 1.000000000000000000e+00
5.000000000000000000e-01 5.200000000000000178e-01 7.500000000000000000e-01 1.000000000000000000e+00
1.799999999999999933e-01 4.199999999999999845e-01 9.399999999999999467e-01 1.000000000000000000e+00
sigma: 
6.719999999999999585e-02 1.231012036045738521e-03 9.761404921411713639e-04 1.231012036045738521e-03 1.678840000000000332e-01 1.693531436094976176e-03 9.761404921411713639e-04 1.693531436094976176e-03 5.294399999999999107e-02
6.719999999999999585e-02 3.743294771135804392e-03 3.504542840659653248e-03 3.743294771135804392e-03 1.678840000000000332e-01 4.819500926107603798e-03 3.504542840659653248e-03 4.819500926107603798e-03 5.294399999999999107e-02
6.719999999999999585e-02 8.117249177554826736e-03 5.732170254688729281e-03 8.117249177554826736e-03 1.678840000000000332e-01 7.472096391363988212e-03 5.732170254688729281e-03 7.472096391363988212e-03 5.294399999999999107e-02
6.719999999999999585e-02 1.280454462449674181e-02 8.680348990975793669e-03 1.280454462449674181e-02 1.678840000000000332e-01 1.228535038950160502e-02 8.680348990975793669e-03 1.228535038950160502e-02 5.294399999999999107e-02
6.719999999999999585e-02 1.502276765517093944e-02 1.322712049055359794e-02 1.502276765517093944e-02 1.678840000000000332e-01 1.533463585559718088e-02 1.322712049055359794e-02 1.533463585559718088e-02 5.294399999999999107e-02
6.719999999999999585e-02 1.873985970777222732e-02 1.574313187232026512e-02 1.873985970777222732e-02 1.678840000000000332e-01 1.973122570316822311e-02 1.574313187232026512e-02 1.973122570316822311e-02 5.294399999999999107e-02
6.719999999999999585e-02 2.361981178658674116e-02 1.882717445663898564e-02 2.361981178658674116e-02 1.678840000000000332e-01 2.307641285509115514e-02 1.882717445663898564e-02 2.307641285509115514e-02 5.294399999999999107e-02
6.719999999999999585e-02 2.801069765914645723e-02 2.042371597522507631e-02 2.801069765914645723e-02 1.678840000000000332e-01 2.680087872551155034e-02 2.042371597522507631e-02 2.680087872551155034e-02 5.294399999999999107e-02
6.719999999999999585e-02 3.200930670191293181e-02 2.180521446246096173e-02 3.200930670191293181e-02 1.678840000000000332e-01 2.863223900523971174e-02 2.180521446246096173e-02 2.863223900523971174e-02 5.294399999999999107e-02
6.719999999999999585e-02 3.517484713124393453e-02 2.551825925456500596e-02 3.517484713124393453e-02 1.678840000000000332e-01 3.125963462809773497e-02 2.551825925456500596e-02 3.125963462809773497e-02 5.294399999999999107e-02
6.719999999999999585e-02 3.701753298636082518e-02 2.728934375507225882e-02 3.701753298636082518e-02 1.678840000000000332e-01 3.765567810118471831e-02 2.728934375507225882e-02 3.765567810118471831e-02 5.294399999999999107e-02
6.719999999999999585e-02 3.987698644058038783e-02 3.165047020199930616e-02 3.987698644058038783e-02 1.678840000000000332e-01 3.860333520799389545e-02 3.165047020199930616e-02 3.860333520799389545e-02 5.294399999999999107e-02
6.719999999999999585e-02 4.410387103809295523e-02 3.323392071961981525e-02 4.410387103809295523e-02 1.678840000000000332e-01 4.256105567203011253e-02 3.323392071961981525e-02 4.256105567203011253e-02 5.294399999999999107e-02
6.719999999999999585e-02 4.876599392754375067e-02 3.657025731035858096e-02 4.876599392754375067e-02 1.678840000000000332e-01 4.684834875799985532e-02 3.657025731035858096e-02 4.684834875799985532e-02 5.294399999999999107e-02
6.719999999999999585e-02 5.072930474857973576e-02 3.851795287360072761e-02 5.072930474857973576e-02 1.678840000000000332e-01 4.888952123061435923e-02 3.851795287360072761e-02 4.888952123061435923e-02 5.294399999999999107e-02
6.719999999999999585e-02 5.583485197241104536e-02 4.233484549927483964e-02 5.583485197241104536e-02 1.678840000000000332e-01 5.140319447288316940e-02 4.233484549927483964e-02 5.140319447288316940e-02 5.294399999999999107e-02
6.719999999999999585e-02 5.954602625195115628e-02 4.462597226260577032e-02 5.954602625195115628e-02 1.678840000000000332e-01 5.481637698131215652e-02 4.462597226260577032e-02 5.481637698131215652e-02 5.294399999999999107e-02
6.719999999999999585e-02 6.182285740151886866e-02 4.643754192781836265e-02 6.182285740151886866e-02 1.678840000000000332e-01 6.133089248550960965e-02 4.643754192781836265e-02 6.133089248550960965e-02 5.294399999999999107e-02
6.719999999999999585e-02 6.760463862340537755e-02 5.024652987067299709e-02 6.760463862340537755e-02 1.678840000000000332e-01 6.269854100650926187e-02 5.024652987067299709e-02 6.269854100650926187e-02 5.294399999999999107e-02
6.719999999999999585e-02 6.783999999999999753e-02 5.143999999999999961e-02 6.783999999999999753e-02 1.678840000000000332e-01 6.506399999999999684e-02 5.143999999999999961e-02 6.506399999999999684e-02 5.294399999999999107e-02
c: 
1.959000000000000075e+00
1.100000000000000089e+00
2.349000000000000199e+00
