CDF: 
3.900000000000000133e-01 5.100000000000000089e-01 6.300000000000000044e-01 1.000000000000000000e+00
1.900000000000000022e-01 2.000000000000000111e-01 3.300000000000000155e-01 1.000000000000000000e+00
1.199999999999999956e-01 2.800000000000000266e-01 4.600000000000000200e-01 1.000000000000000000e+00
sigma: 
2.072760000000000158e-01 2.046701685508362965e-04 4.869228406178711943e-03 2.046701685508362694e-04 1.776999999999999968e-01 7.416067522275604854e-03 4.869228406178711943e-03 7.416067522275604854e-03 1.857000000000000317e-01
2.072760000000000158e-01 6.457709204253752645e-03 9.783663307080263730e-03 6.457709204253751778e-03 1.776999999999999968e-01 1.401798779481216138e-02 9.783663307080263730e-03 1.401798779481216138e-02 1.857000000000000317e-01
2.072760000000000158e-01 1.908666975471893720e-02 2.139652103612984385e-02 1.908666975471893373e-02 1.776999999999999968e-01 1.964240172653766714e-02 2.139652103612984385e-02 1.964240172653766714e-02 1.857000000000000317e-01
2.072760000000000158e-01 2.136226316286210167e-02 3.087188014674990474e-02 2.136226316286210167e-02 1.776999999999999968e-01 2.569278451554013465e-02 3.087188014674990474e-02 2.569278451554013465e-02 1.857000000000000317e-01
2.072760000000000158e-01 2.570140773703633030e-02 3.453597730074996902e-02 2.570140773703632683e-02 1.776999999999999968e-01 3.443690105876292401e-02 3.453597730074996902e-02 3.443690105876292401e-02 1.857000000000000317e-01
2.072760000000000158e-01 3.730632594591349466e-02 4.977968303560362934e-02 3.730632594591349466e-02 1.776999999999999968e-01 4.281275385216137125e-02 4.977968303560362934e-02 4.281275385216137125e-02 1.857000000000000317e-01
2.072760000000000158e-01 4.217859817109265164e-02 5.560075936582541123e-02 4.217859817109265164e-02 1.776999999999999968e-01 5.155101626472371329e-02 5.560075936582541123e-02 5.155101626472371329e-02 1.857000000000000317e-01
2.072760000000000158e-01 4.728776589254703178e-02 5.966383292993781423e-02 4.728776589254702484e-02 1.776999999999999968e-01 5.849504095118731456e-02 5.966383292993781423e-02 5.849504095118731456e-02 1.857000000000000317e-01
2.072760000000000158e-01 5.132026815522537644e-02 6.882907897061500690e-02 5.132026815522536950e-02 1.776999999999999968e-01 7.185726185296056889e-02 6.882907897061500690e-02 7.185726185296056889e-02 1.857000000000000317e-01
2.072760000000000158e-01 5.971045612731547270e-02 7.983896790746035366e-02 5.971045612731546576e-02 1.776999999999999968e-01 7.761239688695296957e-02 7.983896790746035366e-02 7.761239688695296957e-02 1.857000000000000317e-01
2.072760000000000158e-01 6.823585766300679922e-02 8.408053641062308847e-02 6.823585766300679922e-02 1.776999999999999968e-01 8.119629613884547792e-02 8.408053641062308847e-02 8.119629613884547792e-02 1.857000000000000317e-01
2.072760000000000158e-01 7.594167667386916842e-02 9.662861040001367863e-02 7.594167667386915455e-02 1.776999999999999968e-01 9.381858356668444643e-02 9.662861040001367863e-02 9.381858356668444643e-02 1.857000000000000317e-01
2.072760000000000158e-01 7.941888339600843005e-02 1.005171837205813268e-01 7.941888339600841618e-02 1.776999999999999968e-01 1.016888138316477952e-01 1.005171837205813268e-01 1.016888138316477952e-01 1.857000000000000317e-01
2.072760000000000158e-01 8.850836025667846441e-02 1.153775547242613803e-01 8.850836025667845053e-02 1.776999999999999968e-01 1.065839531706509330e-01 1.153775547242613803e-01 1.065839531706509330e-01 1.857000000000000317e-01
2.072760000000000158e-01 9.243511513430695270e-02 1.192054266762489351e-01 9.243511513430693882e-02 1.776999999999999968e-01 1.166256355322205923e-01 1.192054266762489351e-01 1.166256355322205923e-01 1.857000000000000317e-01
2.072760000000000158e-01 9.874568941564151880e-02 1.303485321987044587e-01 9.874568941564150493e-02 1.776999999999999968e-01 1.280714804729809198e-01 1.303485321987044587e-01 1.280714804729809198e-01 1.857000000000000317e-01
2.072760000000000158e-01 1.075061706883916890e-01 1.350591021636528832e-01 1.075061706883916751e-01 1.776999999999999968e-01 1.351431065758325334e-01 1.350591021636528832e-01 1.351431065758325334e-01 1.857000000000000317e-01
2.072760000000000158e-01 1.117642662666549630e-01 1.492966297527600628e-01 1.117642662666549491e-01 1.776999999999999968e-01 1.376894182111782494e-01 1.492966297527600628e-01 1.376894182111782494e-01 1.857000000000000317e-01
2.072760000000000158e-01 1.165800322845421400e-01 1.544224351580898158e-01 1.165800322845421261e-01 1.776999999999999968e-01 1.509151532006426100e-01 1.544224351580898158e-01 1.509151532006426100e-01 1.857000000000000317e-01
2.072760000000000158e-01 1.212200000000000083e-01 1.581200000000000383e-01 1.212199999999999944e-01 1.776999999999999968e-01 1.528999999999999804e-01 1.581200000000000383e-01 1.528999999999999804e-01 1.857000000000000317e-01
c: 
2.289000000000000146e+00
2.475999999999999979e+00
1.300999999999999934e+00
