CDF: 
1.199999999999999956e-01 4.400000000000000022e-01 5.000000000000000000e-01 1.000000000000000000e+00
1.700000000000000122e-01 4.299999999999999933e-01 6.199999999999999956e-01 1.000000000000000000e+00
1.400000000000000133e-01 2.800000000000000266e-01 7.199999999999999734e-01 1.000000000000000000e+00
sigma: 
1.766560000000000075e-01 6.526745480436265019e-03 3.777640435340754842e-03 6.526745480436265019e-03 1.627359999999999918e-01 1.882860212040993956e-04 3.777640435340754842e-03 1.882860212040993956e-04 1.217439999999999911e-01
1.766560000000000075e-01 9.856118451293317470e-03 6.251752428602947581e-03 9.856118451293317470e-03 1.627359999999999918e-01 1.121113213701548962e-02 6.251752428602947581e-03 1.121113213701548962e-02 1.217439999999999911e-01
1.766560000000000075e-01 1.908339824913415916e-02 1.200806077483648066e-02 1.908339824913415916e-02 1.627359999999999918e-01 1.494279740385388681e-02 1.200806077483648066e-02 1.494279740385388681e-02 1.217439999999999911e-01
1.766560000000000075e-01 2.687971705544445200e-02 2.109342671317913226e-02 2.687971705544445200e-02 1.627359999999999918e-01 2.353584734941203960e-02 2.109342671317913226e-02 2.353584734941203960e-02 1.217439999999999911e-01
1.766560000000000075e-01 3.803268277617693344e-02 2.507699715640564209e-02 3.803268277617693344e-02 1.627359999999999918e-01 2.976966578185814144e-02 2.507699715640564209e-02 2.976966578185814144e-02 1.217439999999999911e-01
1.766560000000000075e-01 4.002969898619287287e-02 3.332327838740286458e-02 4.002969898619287287e-02 1.627359999999999918e-01 3.278619337562738850e-02 3.332327838740286458e-02 3.278619337562738850e-02 1.217439999999999911e-01
1.766560000000000075e-01 4.864349297310647385e-02 3.950632533455031986e-02 4.864349297310647385e-02 1.627359999999999918e-01 4.308124049407503070e-02 3.950632533455031986e-02 4.308124049407503070e-02 1.217439999999999911e-01
1.766560000000000075e-01 6.058292002979523416e-02 4.672243552659720994e-02 6.058292002979523416e-02 1.627359999999999918e-01 4.985476028536379306e-02 4.672243552659720994e-02 4.985476028536379306e-02 1.217439999999999911e-01
1.766560000000000075e-01 6.455971150546575832e-02 5.070395486830037157e-02 6.455971150546575832e-02 1.627359999999999918e-01 5.677346533436974235e-02 5.070395486830037157e-02 5.677346533436974235e-02 1.217439999999999911e-01
1.766560000000000075e-01 7.137745198465716978e-02 5.729569092181389933e-02 7.137745198465716978e-02 1.627359999999999918e-01 6.302699556801706626e-02 5.729569092181389933e-02 6.302699556801706626e-02 1.217439999999999911e-01
1.766560000000000075e-01 8.119505532611515086e-02 5.875523853247256040e-02 8.119505532611515086e-02 1.627359999999999918e-01 6.496460466270925771e-02 5.875523853247256040e-02 6.496460466270925771e-02 1.217439999999999911e-01
1.766560000000000075e-01 8.702806818094963037e-02 6.991203449182342711e-02 8.702806818094963037e-02 1.627359999999999918e-01 7.312123455588201426e-02 6.991203449182342711e-02 7.312123455588201426e-02 1.217439999999999911e-01
1.766560000000000075e-01 1.017337006266647026e-01 7.566455452167580864e-02 1.017337006266647026e-01 1.627359999999999918e-01 8.123989942324923164e-02 7.566455452167580864e-02 8.123989942324923164e-02 1.217439999999999911e-01
1.766560000000000075e-01 1.084291160601138643e-01 7.994316354514266476e-02 1.084291160601138643e-01 1.627359999999999918e-01 8.630463207724274610e-02 7.994316354514266476e-02 8.630463207724274610e-02 1.217439999999999911e-01
1.766560000000000075e-01 1.127879172294692506e-01 8.724771908180624369e-02 1.127879172294692506e-01 1.627359999999999918e-01 9.155985483581001450e-02 8.724771908180624369e-02 9.155985483581001450e-02 1.217439999999999911e-01
1.766560000000000075e-01 1.223752234728565785e-01 9.279229806398442415e-02 1.223752234728565785e-01 1.627359999999999918e-01 1.012076083488285400e-01 9.279229806398442415e-02 1.012076083488285400e-01 1.217439999999999911e-01
1.766560000000000075e-01 1.339865346146548453e-01 9.840948143512165402e-02 1.339865346146548453e-01 1.627359999999999918e-01 1.018361675462363530e-01 9.840948143512165402e-02 1.018361675462363530e-01 1.217439999999999911e-01
1.766560000000000075e-01 1.355991371457112848e-01 1.014493853757530012e-01 1.355991371457112848e-01 1.627359999999999918e-01 1.124875832527097580e-01 1.014493853757530012e-01 1.124875832527097580e-01 1.217439999999999911e-01
1.766560000000000075e-01 1.451276669090545701e-01 1.079500602869430254e-01 1.451276669090545701e-01 1.627359999999999918e-01 1.185745110242334976e-01 1.079500602869430254e-01 1.185745110242334976e-01 1.217439999999999911e-01
1.766560000000000075e-01 1.500960000000000072e-01 1.114080000000000070e-01 1.500960000000000072e-01 1.627359999999999918e-01 1.209280000000000077e-01 1.114080000000000070e-01 1.209280000000000077e-01 1.217439999999999911e-01
c: 
1.721000000000000085e+00
2.358000000000000096e+00
1.564000000000000057e+00
