CDF: 
5.999999999999999778e-01 6.800000000000000488e-01 7.099999999999999645e-01 1.000000000000000000e+00
1.600000000000000033e-01 6.700000000000000400e-01 8.599999999999999867e-01 1.000000000000000000e+00
3.599999999999999867e-01 4.899999999999999911e-01 5.300000000000000266e-01 1.000000000000000000e+00
sigma: 
1.992510000000000114e-01 2.849879422372193251e-03 8.536479696016845533e-04 2.849879422372193251e-03 1.006960000000000355e-01 3.125413660408770267e-03 8.536479696016845533e-04 3.125413660408771135e-03 2.298750000000000238e-01
1.992510000000000114e-01 7.278354553963239763e-03 8.229028058979718022e-03 7.278354553963239763e-03 1.006960000000000355e-01 7.828765323214997851e-03 8.229028058979718022e-03 7.828765323214999586e-03 2.298750000000000238e-01
1.992510000000000114e-01 1.639357634874332240e-02 2.428668664692891846e-02 1.639357634874332240e-02 1.006960000000000355e-01 1.159759910387169607e-02 2.428668664692891846e-02 1.159759910387169780e-02 2.298750000000000238e-01
1.992510000000000114e-01 2.206388865679208972e-02 3.220375614854927709e-02 2.206388865679208972e-02 1.006960000000000355e-01 1.780948654313338139e-02 3.220375614854927709e-02 1.780948654313338139e-02 2.298750000000000238e-01
1.992510000000000114e-01 2.885166782940930610e-02 3.653744986988004956e-02 2.885166782940930610e-02 1.006960000000000355e-01 1.947558392772220578e-02 3.653744986988004956e-02 1.947558392772220925e-02 2.298750000000000238e-01
1.992510000000000114e-01 3.151034811179781459e-02 4.527184769543391579e-02 3.151034811179781459e-02 1.006960000000000355e-01 2.649029948844253135e-02 4.527184769543391579e-02 2.649029948844253482e-02 2.298750000000000238e-01
1.992510000000000114e-01 3.964555271354155974e-02 5.349242727444707135e-02 3.964555271354155974e-02 1.006960000000000355e-01 2.936204670237424139e-02 5.349242727444707135e-02 2.936204670237424486e-02 2.298750000000000238e-01
1.992510000000000114e-01 4.486697295787990536e-02 6.096327815343561413e-02 4.486697295787990536e-02 1.006960000000000355e-01 3.550430535122925391e-02 6.096327815343561413e-02 3.550430535122926085e-02 2.298750000000000238e-01
1.992510000000000114e-01 5.086186076626542096e-02 6.784922990345525207e-02 5.086186076626542096e-02 1.006960000000000355e-01 4.038716260453291407e-02 6.784922990345525207e-02 4.038716260453292101e-02 2.298750000000000238e-01
1.992510000000000114e-01 5.417160528893518595e-02 7.984124474568612961e-02 5.417160528893518595e-02 1.006960000000000355e-01 4.474256016859264051e-02 7.984124474568612961e-02 4.474256016859264745e-02 2.298750000000000238e-01
1.992510000000000114e-01 6.208101477162995124e-02 8.933021387621339904e-02 6.208101477162995124e-02 1.006960000000000355e-01 5.250006929796203342e-02 8.933021387621339904e-02 5.250006929796204036e-02 2.298750000000000238e-01
1.992510000000000114e-01 6.517466713847901161e-02 9.451617368832766763e-02 6.517466713847901161e-02 1.006960000000000355e-01 5.375058214009346275e-02 9.451617368832766763e-02 5.375058214009347662e-02 2.298750000000000238e-01
1.992510000000000114e-01 7.536894863260380772e-02 1.017522872060225708e-01 7.536894863260380772e-02 1.006960000000000355e-01 5.928617758922669762e-02 1.017522872060225708e-01 5.928617758922670455e-02 2.298750000000000238e-01
1.992510000000000114e-01 7.994042011675528414e-02 1.088408967506554609e-01 7.994042011675528414e-02 1.006960000000000355e-01 6.350582794394325770e-02 1.088408967506554609e-01 6.350582794394325770e-02 2.298750000000000238e-01
1.992510000000000114e-01 8.815292907785526877e-02 1.200900818131648007e-01 8.815292907785526877e-02 1.006960000000000355e-01 7.118019368256994772e-02 1.200900818131648007e-01 7.118019368256994772e-02 2.298750000000000238e-01
1.992510000000000114e-01 9.264282926244585270e-02 1.277525219709181870e-01 9.264282926244585270e-02 1.006960000000000355e-01 7.272545302720630211e-02 1.277525219709181870e-01 7.272545302720631599e-02 2.298750000000000238e-01
1.992510000000000114e-01 9.973012189021815410e-02 1.312669736231563689e-01 9.973012189021815410e-02 1.006960000000000355e-01 8.007508086294908012e-02 1.312669736231563689e-01 8.007508086294909400e-02 2.298750000000000238e-01
1.992510000000000114e-01 1.036115107237264299e-01 1.460076581597252454e-01 1.036115107237264299e-01 1.006960000000000355e-01 8.464624965003324231e-02 1.460076581597252454e-01 8.464624965003324231e-02 2.298750000000000238e-01
1.992510000000000114e-01 1.113921997922379670e-01 1.519996082208175114e-01 1.113921997922379670e-01 1.006960000000000355e-01 9.015063726897777630e-02 1.519996082208175114e-01 9.015063726897779017e-02 2.298750000000000238e-01
1.992510000000000114e-01 1.125640000000000251e-01 1.550350000000000061e-01 1.125640000000000251e-01 1.006960000000000355e-01 9.074000000000001509e-02 1.550350000000000061e-01 9.074000000000002897e-02 2.298750000000000238e-01
c: 
1.191000000000000059e+00
2.970000000000000195e+00
1.258000000000000007e+00
