CDF: 
4.799999999999999822e-01 6.500000000000000222e-01 7.399999999999999911e-01 1.000000000000000000e+00
2.899999999999999800e-01 5.899999999999999689e-01 7.500000000000000000e-01 1.000000000000000000e+00
2.000000000000000111e-01 2.500000000000000000e-01 5.699999999999999512e-01 1.000000000000000000e+00
sigma: 
1.773839999999999861e-01 1.465430675192131793e-03 7.543378654930708730e-04 1.465430675192131793e-03 1.598159999999999858e-01 4.491959866485617861e-03 7.543378654930708730e-04 4.491959866485617861e-03 1.773389999999999689e-01
1.773839999999999861e-01 1.653884244387262767e-02 9.118080579541824882e-03 1.653884244387262767e-02 1.598159999999999858e-01 8.622996988408616198e-03 9.118080579541824882e-03 8.622996988408616198e-03 1.773389999999999689e-01
1.773839999999999861e-01 2.421788253060755750e-02 2.054965034537385715e-02 2.421788253060755750e-02 1.598159999999999858e-01 2.081837260977801446e-02 2.054965034537385715e-02 2.081837260977801446e-02 1.773389999999999689e-01
1.773839999999999861e-01 3.306267809285096809e-02 2.503512618310608021e-02 3.306267809285096809e-02 1.598159999999999858e-01 2.712042666453907958e-02 2.503512618310608021e-02 2.712042666453907958e-02 1.773389999999999689e-01
1.773839999999999861e-01 3.926663095548055260e-02 3.171205454011401942e-02 3.926663095548055260e-02 1.598159999999999858e-01 3.361609596789718463e-02 3.171205454011401942e-02 3.361609596789718463e-02 1.773389999999999689e-01
1.773839999999999861e-01 5.041352355633358512e-02 3.844089813464358907e-02 5.041352355633358512e-02 1.598159999999999858e-01 4.090421567994785568e-02 3.844089813464358907e-02 4.090421567994785568e-02 1.773389999999999689e-01
1.773839999999999861e-01 5.861372533470836366e-02 4.649902905112719698e-02 5.861372533470836366e-02 1.598159999999999858e-01 4.467121746644408392e-02 4.649902905112719698e-02 4.467121746644408392e-02 1.773389999999999689e-01
1.773839999999999861e-01 6.057803996194314339e-02 5.104506148926876707e-02 6.057803996194314339e-02 1.598159999999999858e-01 5.644756964881390143e-02 5.104506148926876707e-02 5.644756964881390143e-02 1.773389999999999689e-01
1.773839999999999861e-01 7.589075023524591290e-02 6.019210904793355355e-02 7.589075023524591290e-02 1.598159999999999858e-01 6.273176977607282379e-02 6.019210904793355355e-02 6.273176977607282379e-02 1.773389999999999689e-01
1.773839999999999861e-01 8.562674437597318777e-02 6.599795917417480839e-02 8.562674437597318777e-02 1.598159999999999858e-01 6.981070472676578764e-02 6.599795917417480839e-02 6.981070472676578764e-02 1.773389999999999689e-01
1.773839999999999861e-01 8.722477571242404082e-02 7.535921705891972244e-02 8.722477571242404082e-02 1.598159999999999858e-01 7.341614673090603171e-02 7.535921705891972244e-02 7.341614673090603171e-02 1.773389999999999689e-01
1.773839999999999861e-01 9.700330184301725334e-02 8.446646091036304205e-02 9.700330184301725334e-02 1.598159999999999858e-01 7.800752730305940408e-02 8.446646091036304205e-02 7.800752730305940408e-02 1.773389999999999689e-01
1.773839999999999861e-01 1.101316015081399008e-01 8.729271589753746785e-02 1.101316015081399008e-01 1.598159999999999858e-01 8.640461327227183519e-02 8.729271589753746785e-02 8.640461327227183519e-02 1.773389999999999689e-01
1.773839999999999861e-01 1.165428511111397530e-01 9.878369426786351437e-02 1.165428511111397530e-01 1.598159999999999858e-01 9.771820098329492277e-02 9.878369426786351437e-02 9.771820098329492277e-02 1.773389999999999689e-01
1.773839999999999861e-01 1.231627768342477974e-01 1.037365762892630827e-01 1.231627768342477974e-01 1.598159999999999858e-01 9.941237755077451943e-02 1.037365762892630827e-01 9.941237755077451943e-02 1.773389999999999689e-01
1.773839999999999861e-01 1.346324774754316389e-01 1.122392405613964056e-01 1.346324774754316389e-01 1.598159999999999858e-01 1.099980506209687070e-01 1.122392405613964056e-01 1.099980506209687070e-01 1.773389999999999689e-01
1.773839999999999861e-01 1.426498312641045207e-01 1.158727884815196618e-01 1.426498312641045207e-01 1.598159999999999858e-01 1.190936346656504691e-01 1.158727884815196618e-01 1.190936346656504691e-01 1.773389999999999689e-01
1.773839999999999861e-01 1.516862320533319541e-01 1.274975224206944258e-01 1.516862320533319541e-01 1.598159999999999858e-01 1.240413188775073838e-01 1.274975224206944258e-01 1.240413188775073838e-01 1.773389999999999689e-01
1.773839999999999861e-01 1.618270656184638556e-01 1.313190773600194650e-01 1.618270656184638556e-01 1.598159999999999858e-01 1.285755786370293419e-01 1.313190773600194650e-01 1.285755786370293419e-01 1.773389999999999689e-01
1.773839999999999861e-01 1.642879999999999896e-01 1.362760000000000082e-01 1.642879999999999896e-01 1.598159999999999858e-01 1.342320000000000180e-01 1.362760000000000082e-01 1.342320000000000180e-01 1.773389999999999689e-01
c: 
1.872999999999999998e+00
1.072999999999999954e+00
1.625999999999999890e+00
