CDF: 
3.900000000000000133e-01 4.099999999999999756e-01 5.000000000000000000e-01 1.000000000000000000e+00
4.000000000000000222e-01 4.199999999999999845e-01 6.600000000000000311e-01 1.000000000000000000e+00
1.700000000000000122e-01 5.500000000000000444e-01 6.500000000000000222e-01 1.000000000000000000e+00
sigma: 
2.236000000000000210e-01 1.612288680148064521e-03 7.638705670791322636e-03 1.612288680148064521e-03 1.856000000000000150e-01 8.236029567840813179e-04 7.638705670791322636e-03 8.236029567840813179e-04 1.640440000000000231e-01
2.236000000000000210e-01 9.954270291635558890e-03 8.992339885388335799e-03 9.954270291635558890e-03 1.856000000000000150e-01 1.146056425828224576e-02 8.992339885388335799e-03 1.146056425828224576e-02 1.640440000000000231e-01
2.236000000000000210e-01 2.780304418536605135e-02 2.424042734166715132e-02 2.780304418536605135e-02 1.856000000000000150e-01 2.025613140778340093e-02 2.424042734166715132e-02 2.025613140778340093e-02 1.640440000000000231e-01
2.236000000000000210e-01 2.921736211836498467e-02 2.613592435406877912e-02 2.921736211836498467e-02 1.856000000000000150e-01 2.944395053337797025e-02 2.613592435406877912e-02 2.944395053337797025e-02 1.640440000000000231e-01
2.236000000000000210e-01 4.073470828454608950e-02 4.070337549974076263e-02 4.073470828454608950e-02 1.856000000000000150e-01 4.208566135999498165e-02 4.070337549974076263e-02 4.208566135999498165e-02 1.640440000000000231e-01
2.236000000000000210e-01 5.140708616211740051e-02 4.757714028883884561e-02 5.140708616211740051e-02 1.856000000000000150e-01 4.487551513625370747e-02 4.757714028883884561e-02 4.487551513625370747e-02 1.640440000000000231e-01
2.236000000000000210e-01 5.831380701947067036e-02 5.450700625209366212e-02 5.831380701947067036e-02 1.856000000000000150e-01 5.917375777069448783e-02 5.450700625209366212e-02 5.917375777069448783e-02 1.640440000000000231e-01
2.236000000000000210e-01 7.235721810520878705e-02 6.511303921495828484e-02 7.235721810520878705e-02 1.856000000000000150e-01 6.345880631431838337e-02 6.511303921495828484e-02 6.345880631431838337e-02 1.640440000000000231e-01
2.236000000000000210e-01 8.498099909880146852e-02 6.635577239472571776e-02 8.498099909880146852e-02 1.856000000000000150e-01 7.583981828250244139e-02 6.635577239472571776e-02 7.583981828250244139e-02 1.640440000000000231e-01
2.236000000000000210e-01 8.954805804762562549e-02 7.950753065071734793e-02 8.954805804762562549e-02 1.856000000000000150e-01 8.353043420467785862e-02 7.950753065071734793e-02 8.353043420467785862e-02 1.640440000000000231e-01
2.236000000000000210e-01 9.764940204772035170e-02 8.587185231617248948e-02 9.764940204772035170e-02 1.856000000000000150e-01 8.845260292634980759e-02 8.587185231617248948e-02 8.845260292634980759e-02 1.640440000000000231e-01
2.236000000000000210e-01 1.080737341307016347e-01 9.380045347535359568e-02 1.080737341307016347e-01 1.856000000000000150e-01 1.030966989774810966e-01 9.380045347535359568e-02 1.030966989774810966e-01 1.640440000000000231e-01
2.236000000000000210e-01 1.171251807368636488e-01 9.885902308204479183e-02 1.171251807368636488e-01 1.856000000000000150e-01 1.125340801474324359e-01 9.885902308204479183e-02 1.125340801474324359e-01 1.640440000000000231e-01
2.236000000000000210e-01 1.316498977062474374e-01 1.080231883641964430e-01 1.316498977062474374e-01 1.856000000000000150e-01 1.183044531481795697e-01 1.080231883641964430e-01 1.183044531481795697e-01 1.640440000000000231e-01
2.236000000000000210e-01 1.408247704465442063e-01 1.170648555261264157e-01 1.408247704465442063e-01 1.856000000000000150e-01 1.295346067700223758e-01 1.170648555261264157e-01 1.295346067700223758e-01 1.640440000000000231e-01
2.236000000000000210e-01 1.500371618211965574e-01 1.285652448815116644e-01 1.500371618211965574e-01 1.856000000000000150e-01 1.322170539400063793e-01 1.285652448815116644e-01 1.322170539400063793e-01 1.640440000000000231e-01
2.236000000000000210e-01 1.609024270458807859e-01 1.342921868118258921e-01 1.609024270458807859e-01 1.856000000000000150e-01 1.465490136283791600e-01 1.342921868118258921e-01 1.465490136283791600e-01 1.640440000000000231e-01
2.236000000000000210e-01 1.646982006824398437e-01 1.405126740664706109e-01 1.646982006824398437e-01 1.856000000000000150e-01 1.486955194098150690e-01 1.405126740664706109e-01 1.486955194098150690e-01 1.640440000000000231e-01
2.236000000000000210e-01 1.763751233499007420e-01 1.548217452091372182e-01 1.763751233499007420e-01 1.856000000000000150e-01 1.626541358685869021e-01 1.548217452091372182e-01 1.626541358685869021e-01 1.640440000000000231e-01
2.236000000000000210e-01 1.804000000000000048e-01 1.563600000000000267e-01 1.804000000000000048e-01 1.856000000000000150e-01 1.661600000000000299e-01 1.563600000000000267e-01 1.661600000000000299e-01 1.640440000000000231e-01
c: 
2.904999999999999805e+00
2.064000000000000057e+00
1.447999999999999954e+00
