CDF: 
2.500000000000000000e-01 7.399999999999999911e-01 7.800000000000000266e-01 1.000000000000000000e+00
1.700000000000000122e-01 2.099999999999999922e-01 4.299999999999999933e-01 1.000000000000000000e+00
2.800000000000000266e-01 4.000000000000000222e-01 6.800000000000000488e-01 1.000000000000000000e+00
sigma: 
1.344440000000000079e-01 1.517472921396717132e-03 4.687818596935694297e-03 1.517472921396717132e-03 1.632440000000000280e-01 6.838548761298140046e-04 4.687818596935694297e-03 6.838548761298140046e-04 1.616640000000000021e-01
1.344440000000000079e-01 8.512270117448629547e-03 1.267018518004050728e-02 8.512270117448629547e-03 1.632440000000000280e-01 8.894443401917818612e-03 1.267018518004050728e-02 8.894443401917818612e-03 1.616640000000000021e-01
1.344440000000000079e-01 9.886172492715448665e-03 1.392281029330801750e-02 9.886172492715448665e-03 1.632440000000000280e-01 1.517312523989288245e-02 1.392281029330801750e-02 1.517312523989288245e-02 1.616640000000000021e-01
1.344440000000000079e-01 1.712628505404884677e-02 2.397062574493677434e-02 1.712628505404884677e-02 1.632440000000000280e-01 2.355910173026202689e-02 2.397062574493677434e-02 2.355910173026202689e-02 1.616640000000000021e-01
1.344440000000000079e-01 2.217910246712112565e-02 3.176850223759508651e-02 2.217910246712112565e-02 1.632440000000000280e-01 3.050747309525471754e-02 3.176850223759508651e-02 3.050747309525471754e-02 1.616640000000000021e-01
1.344440000000000079e-01 2.724210698598920899e-02 3.529010854159965460e-02 2.724210698598920899e-02 1.632440000000000280e-01 4.034709259094254596e-02 3.529010854159965460e-02 4.034709259094254596e-02 1.616640000000000021e-01
1.344440000000000079e-01 3.111197335412670822e-02 4.285448591322951750e-02 3.111197335412670822e-02 1.632440000000000280e-01 4.778392045034934865e-02 4.285448591322951750e-02 4.778392045034934865e-02 1.616640000000000021e-01
1.344440000000000079e-01 3.643760597087293551e-02 4.700560102319235878e-02 3.643760597087293551e-02 1.632440000000000280e-01 4.873047337028392489e-02 4.700560102319235878e-02 4.873047337028392489e-02 1.616640000000000021e-01
1.344440000000000079e-01 3.937904482372279330e-02 5.660936472784234424e-02 3.937904482372279330e-02 1.632440000000000280e-01 6.024115441226224332e-02 5.660936472784234424e-02 6.024115441226224332e-02 1.616640000000000021e-01
1.344440000000000079e-01 4.456553997413575247e-02 6.274190084550765323e-02 4.456553997413575247e-02 1.632440000000000280e-01 6.854967143683544928e-02 6.274190084550765323e-02 6.854967143683544928e-02 1.616640000000000021e-01
1.344440000000000079e-01 5.176350868181357062e-02 6.864554588120616585e-02 5.176350868181357062e-02 1.632440000000000280e-01 6.937229566383454338e-02 6.864554588120616585e-02 6.937229566383454338e-02 1.616640000000000021e-01
1.344440000000000079e-01 5.434945004780353250e-02 7.124818950692747566e-02 5.434945004780353250e-02 1.632440000000000280e-01 8.015546453666817783e-02 7.124818950692747566e-02 8.015546453666817783e-02 1.616640000000000021e-01
1.344440000000000079e-01 5.807030631322779995e-02 8.168361911970477285e-02 5.807030631322779995e-02 1.632440000000000280e-01 8.822411287644528477e-02 8.168361911970477285e-02 8.822411287644528477e-02 1.616640000000000021e-01
1.344440000000000079e-01 6.590762310761467957e-02 8.930273272705294141e-02 6.590762310761467957e-02 1.632440000000000280e-01 9.081551097131258798e-02 8.930273272705294141e-02 9.081551097131258798e-02 1.616640000000000021e-01
1.344440000000000079e-01 6.804006370673218451e-02 9.477730385133308066e-02 6.804006370673218451e-02 1.632440000000000280e-01 1.023888503571672992e-01 9.477730385133308066e-02 1.023888503571672992e-01 1.616640000000000021e-01
1.344440000000000079e-01 7.569923116161877963e-02 9.752592863184186833e-02 7.569923116161877963e-02 1.632440000000000280e-01 1.086159643569796218e-01 9.752592863184186833e-02 1.086159643569796218e-01 1.616640000000000021e-01
1.344440000000000079e-01 7.956620891111659821e-02 1.098747738836039489e-01 7.956620891111659821e-02 1.632440000000000280e-01 1.155177206653257710e-01 1.098747738836039489e-01 1.155177206653257710e-01 1.616640000000000021e-01
1.344440000000000079e-01 8.234188480889538531e-02 1.150628982738554212e-01 8.234188480889538531e-02 1.632440000000000280e-01 1.226910146367499038e-01 1.150628982738554212e-01 1.226910146367499038e-01 1.616640000000000021e-01
1.344440000000000079e-01 8.576647010795300508e-02 1.198107220007644247e-01 8.576647010795300508e-02 1.632440000000000280e-01 1.293570347433682655e-01 1.198107220007644247e-01 1.293570347433682655e-01 1.616640000000000021e-01
1.344440000000000079e-01 8.995600000000000818e-02 1.228960000000000052e-01 8.995600000000000818e-02 1.632440000000000280e-01 1.307039999999999869e-01 1.228960000000000052e-01 1.307039999999999869e-01 1.616640000000000021e-01
c: 
2.067000000000000171e+00
2.495000000000000107e+00
1.245999999999999996e+00
