CDF: 
1.700000000000000122e-01 1.799999999999999933e-01 5.500000000000000444e-01 1.000000000000000000e+00
2.600000000000000089e-01 6.099999999999999867e-01 8.100000000000000533e-01 1.000000000000000000e+00
2.899999999999999800e-01 3.200000000000000067e-01 5.100000000000000089e-01 1.000000000000000000e+00
sigma: 
1.496000000000000107e-01 3.579064201347449854e-03 1.557072160519734063e-03 3.579064201347449854e-03 1.204000000000000070e-01 5.233838679400295776e-03 1.557072160519734063e-03 5.233838679400295776e-03 1.944160000000000055e-01
1.496000000000000107e-01 1.058722671186671828e-02 1.070242145236672930e-02 1.058722671186671828e-02 1.204000000000000070e-01 8.509974878083692573e-03 1.070242145236672930e-02 8.509974878083692573e-03 1.944160000000000055e-01
1.496000000000000107e-01 1.416390891658527926e-02 2.136163109727159254e-02 1.416390891658527926e-02 1.204000000000000070e-01 1.711537425672559481e-02 2.136163109727159254e-02 1.711537425672559481e-02 1.944160000000000055e-01
1.496000000000000107e-01 1.993396577049652910e-02 2.951164226203838864e-02 1.993396577049652910e-02 1.204000000000000070e-01 2.014937028661486357e-02 2.951164226203838864e-02 2.014937028661486357e-02 1.944160000000000055e-01
1.496000000000000107e-01 2.363713907863666114e-02 3.860937789934807546e-02 2.363713907863666114e-02 1.204000000000000070e-01 2.598971325639438945e-02 3.860937789934807546e-02 2.598971325639438945e-02 1.944160000000000055e-01
1.496000000000000107e-01 3.127510725244005835e-02 4.692391185643984136e-02 3.127510725244005835e-02 1.204000000000000070e-01 3.398823436691888328e-02 4.692391185643984136e-02 3.398823436691888328e-02 1.944160000000000055e-01
1.496000000000000107e-01 3.209877440636026147e-02 5.505542526188984820e-02 3.209877440636026147e-02 1.204000000000000070e-01 3.906874370808204044e-02 5.505542526188984820e-02 3.906874370808204044e-02 1.944160000000000055e-01
1.496000000000000107e-01 3.892996891239337148e-02 6.520129604059583805e-02 3.892996891239337148e-02 1.204000000000000070e-01 4.306880244349436948e-02 6.520129604059583805e-02 4.306880244349436948e-02 1.944160000000000055e-01
1.496000000000000107e-01 4.685253289673957378e-02 6.684374027395668938e-02 4.685253289673957378e-02 1.204000000000000070e-01 4.956778368727410983e-02 6.684374027395668938e-02 4.956778368727410983e-02 1.944160000000000055e-01
1.496000000000000107e-01 5.160662994089768724e-02 7.507076278778546108e-02 5.160662994089768724e-02 1.204000000000000070e-01 5.857691944847120274e-02 7.507076278778546108e-02 5.857691944847120274e-02 1.944160000000000055e-01
1.496000000000000107e-01 5.434717333852018273e-02 8.985174257042762014e-02 5.434717333852018273e-02 1.204000000000000070e-01 6.420939608724841874e-02 8.985174257042762014e-02 6.420939608724841874e-02 1.944160000000000055e-01
1.496000000000000107e-01 5.888570283452027737e-02 9.277136327221986722e-02 5.888570283452027737e-02 1.204000000000000070e-01 6.568999812393358506e-02 9.277136327221986722e-02 6.568999812393358506e-02 1.944160000000000055e-01
1.496000000000000107e-01 6.713424818152079199e-02 1.035629099335042824e-01 6.713424818152079199e-02 1.204000000000000070e-01 7.106555167786454685e-02 1.035629099335042824e-01 7.106555167786454685e-02 1.944160000000000055e-01
1.496000000000000107e-01 7.445719046301575716e-02 1.142547465941499696e-01 7.445719046301575716e-02 1.204000000000000070e-01 7.803976123862280123e-02 1.142547465941499696e-01 7.803976123862280123e-02 1.944160000000000055e-01
1.496000000000000107e-01 7.527244301580565677e-02 1.200263238428505852e-01 7.527244301580565677e-02 1.204000000000000070e-01 8.590536414721301750e-02 1.200263238428505852e-01 8.590536414721301750e-02 1.944160000000000055e-01
1.496000000000000107e-01 8.468519978276752014e-02 1.278287417056401531e-01 8.468519978276752014e-02 1.204000000000000070e-01 9.138030295348346932e-02 1.278287417056401531e-01 9.138030295348346932e-02 1.944160000000000055e-01
1.496000000000000107e-01 8.726643960974632408e-02 1.369846370864054863e-01 8.726643960974632408e-02 1.204000000000000070e-01 9.639712778023190598e-02 1.369846370864054863e-01 9.639712778023190598e-02 1.944160000000000055e-01
1.496000000000000107e-01 9.247807368984838072e-02 1.410829601690407609e-01 9.247807368984838072e-02 1.204000000000000070e-01 1.053728424435866340e-01 1.410829601690407609e-01 1.053728424435866340e-01 1.944160000000000055e-01
1.496000000000000107e-01 9.807199016532937297e-02 1.527504322909531975e-01 9.807199016532937297e-02 1.204000000000000070e-01 1.106805199668511042e-01 1.527504322909531975e-01 1.106805199668511042e-01 1.944160000000000055e-01
1.496000000000000107e-01 1.012000000000000122e-01 1.556000000000000161e-01 1.012000000000000122e-01 1.204000000000000070e-01 1.119200000000000056e-01 1.556000000000000161e-01 1.119200000000000056e-01 1.944160000000000055e-01
c: 
1.633999999999999897e+00
1.435999999999999943e+00
2.733000000000000096e+00
