CDF: 
1.700000000000000122e-01 4.199999999999999845e-01 6.700000000000000400e-01 1.000000000000000000e+00
2.399999999999999911e-01 4.699999999999999734e-01 7.700000000000000178e-01 1.000000000000000000e+00
2.200000000000000011e-01 2.600000000000000089e-01 2.999999999999999889e-01 1.000000000000000000e+00
sigma: 
1.701000000000000290e-01 1.816646055690895845e-04 3.123745004515737431e-03 1.816646055690895845e-04 1.416510000000000269e-01 2.422365112170942348e-03 3.123745004515737431e-03 2.422365112170942782e-03 1.913440000000000141e-01
1.701000000000000290e-01 8.251482795094525896e-03 9.204583057204717214e-03 8.251482795094525896e-03 1.416510000000000269e-01 8.617235521856140765e-03 9.204583057204717214e-03 8.617235521856140765e-03 1.913440000000000141e-01
1.701000000000000290e-01 1.653331660057609856e-02 1.370800603613492319e-02 1.653331660057609856e-02 1.416510000000000269e-01 1.350615472498446074e-02 1.370800603613492319e-02 1.350615472498446247e-02 1.913440000000000141e-01
1.701000000000000290e-01 2.589617427518466769e-02 2.101021537932442132e-02 2.589617427518466769e-02 1.416510000000000269e-01 1.873681686502354574e-02 2.101021537932442132e-02 1.873681686502354574e-02 1.913440000000000141e-01
1.701000000000000290e-01 2.844336516883199176e-02 2.720215349274549346e-02 2.844336516883199176e-02 1.416510000000000269e-01 2.430851598897060609e-02 2.720215349274549346e-02 2.430851598897060956e-02 1.913440000000000141e-01
1.701000000000000290e-01 4.012464970237303308e-02 3.011558270329255105e-02 4.012464970237303308e-02 1.416510000000000269e-01 2.702647728253631740e-02 3.011558270329255105e-02 2.702647728253632087e-02 1.913440000000000141e-01
1.701000000000000290e-01 4.370369617352461850e-02 3.835700497104791579e-02 4.370369617352461850e-02 1.416510000000000269e-01 3.096073077379900632e-02 3.835700497104791579e-02 3.096073077379900979e-02 1.913440000000000141e-01
1.701000000000000290e-01 5.327835905179501008e-02 4.245317126710739658e-02 5.327835905179501008e-02 1.416510000000000269e-01 3.499168166250755940e-02 4.245317126710739658e-02 3.499168166250755940e-02 1.913440000000000141e-01
1.701000000000000290e-01 6.185534240722204841e-02 5.209948886249537309e-02 6.185534240722204841e-02 1.416510000000000269e-01 4.248827916884522632e-02 5.209948886249537309e-02 4.248827916884523326e-02 1.913440000000000141e-01
1.701000000000000290e-01 6.928735391500764895e-02 5.665422321749241652e-02 6.928735391500764895e-02 1.416510000000000269e-01 4.499641385761365964e-02 5.665422321749241652e-02 4.499641385761366658e-02 1.913440000000000141e-01
1.701000000000000290e-01 7.745903958776348408e-02 6.170079300971569036e-02 7.745903958776348408e-02 1.416510000000000269e-01 4.893096287913088760e-02 6.170079300971569036e-02 4.893096287913089454e-02 1.913440000000000141e-01
1.701000000000000290e-01 8.386540674127054840e-02 6.522643422874284391e-02 8.386540674127054840e-02 1.416510000000000269e-01 5.488994007374297518e-02 6.522643422874284391e-02 5.488994007374298906e-02 1.913440000000000141e-01
1.701000000000000290e-01 9.005103278907865272e-02 7.314031004518575796e-02 9.005103278907865272e-02 1.416510000000000269e-01 6.134588247813900497e-02 7.314031004518575796e-02 6.134588247813901191e-02 1.913440000000000141e-01
1.701000000000000290e-01 9.179704063181508278e-02 7.828236806508155621e-02 9.179704063181508278e-02 1.416510000000000269e-01 6.557155915314784311e-02 7.828236806508155621e-02 6.557155915314784311e-02 1.913440000000000141e-01
1.701000000000000290e-01 1.017632042604935255e-01 8.479529439406088831e-02 1.017632042604935255e-01 1.416510000000000269e-01 7.323144643940529552e-02 8.479529439406088831e-02 7.323144643940529552e-02 1.913440000000000141e-01
1.701000000000000290e-01 1.111859181963520127e-01 8.847727525023089956e-02 1.111859181963520127e-01 1.416510000000000269e-01 7.460276508036546572e-02 8.847727525023089956e-02 7.460276508036547960e-02 1.913440000000000141e-01
1.701000000000000290e-01 1.146040433783206969e-01 9.722196545537621637e-02 1.146040433783206969e-01 1.416510000000000269e-01 8.292962677771043012e-02 9.722196545537621637e-02 8.292962677771044400e-02 1.913440000000000141e-01
1.701000000000000290e-01 1.264091952996919677e-01 1.028188692017592137e-01 1.264091952996919677e-01 1.416510000000000269e-01 8.351734356301614148e-02 1.028188692017592137e-01 8.351734356301615536e-02 1.913440000000000141e-01
1.701000000000000290e-01 1.299293855020786925e-01 1.059316071879772003e-01 1.299293855020786925e-01 1.416510000000000269e-01 9.217806396736599739e-02 1.059316071879772003e-01 9.217806396736601127e-02 1.913440000000000141e-01
1.701000000000000290e-01 1.338100000000000123e-01 1.107200000000000129e-01 1.338100000000000123e-01 1.416510000000000269e-01 9.281200000000000561e-02 1.107200000000000129e-01 9.281200000000001948e-02 1.913440000000000141e-01
c: 
2.028000000000000025e+00
2.991000000000000103e+00
1.758000000000000007e+00
