CDF: 
2.899999999999999800e-01 3.200000000000000067e-01 4.000000000000000222e-01 1.000000000000000000e+00
2.099999999999999922e-01 4.799999999999999822e-01 5.999999999999999778e-01 1.000000000000000000e+00
1.900000000000000022e-01 6.300000000000000044e-01 8.000000000000000444e-01 1.000000000000000000e+00
sigma: 
2.143710000000000337e-01 2.021530677391520162e-03 9.832220583618456970e-04 2.021530677391520162e-03 1.991310000000000024e-01 4.531824367330246350e-03 9.832220583618456970e-04 4.531824367330246350e-03 1.326749999999999874e-01
2.143710000000000337e-01 1.203796174734793507e-02 5.714757625145143981e-03 1.203796174734793507e-02 1.991310000000000024e-01 8.944742528231469300e-03 5.714757625145143981e-03 8.944742528231469300e-03 1.326749999999999874e-01
2.143710000000000337e-01 2.060301185150341732e-02 1.224131192634115087e-02 2.060301185150341732e-02 1.991310000000000024e-01 1.508868578019251054e-02 1.224131192634115087e-02 1.508868578019250881e-02 1.326749999999999874e-01
2.143710000000000337e-01 2.889157028045738485e-02 1.822487951247793100e-02 2.889157028045738485e-02 1.991310000000000024e-01 2.089737439588360002e-02 1.822487951247793100e-02 2.089737439588359655e-02 1.326749999999999874e-01
2.143710000000000337e-01 3.394008034518299077e-02 2.066227480955888998e-02 3.394008034518299077e-02 1.991310000000000024e-01 3.196297585779737938e-02 2.066227480955888998e-02 3.196297585779737938e-02 1.326749999999999874e-01
2.143710000000000337e-01 4.501637233411152905e-02 2.437375154543759692e-02 4.501637233411152905e-02 1.991310000000000024e-01 3.257571946088694270e-02 2.437375154543759692e-02 3.257571946088694270e-02 1.326749999999999874e-01
2.143710000000000337e-01 5.145645286973811461e-02 3.066965844994518076e-02 5.145645286973811461e-02 1.991310000000000024e-01 4.066338716439123896e-02 3.066965844994518076e-02 4.066338716439123896e-02 1.326749999999999874e-01
2.143710000000000337e-01 6.324338406841228943e-02 3.655295342766017030e-02 6.324338406841228943e-02 1.991310000000000024e-01 4.749257487374917985e-02 3.655295342766017030e-02 4.749257487374917291e-02 1.326749999999999874e-01
2.143710000000000337e-01 7.019479942268537498e-02 4.247044166803447263e-02 7.019479942268537498e-02 1.991310000000000024e-01 5.715100385564386709e-02 4.247044166803447263e-02 5.715100385564386015e-02 1.326749999999999874e-01
2.143710000000000337e-01 7.987271949481601629e-02 4.730890547738531016e-02 7.987271949481601629e-02 1.991310000000000024e-01 6.204698364858225040e-02 4.730890547738531016e-02 6.204698364858224346e-02 1.326749999999999874e-01
2.143710000000000337e-01 8.516258103811795432e-02 5.139364071981631504e-02 8.516258103811795432e-02 1.991310000000000024e-01 6.881504772608773579e-02 5.139364071981631504e-02 6.881504772608773579e-02 1.326749999999999874e-01
2.143710000000000337e-01 9.766769318463872085e-02 5.513906122179442620e-02 9.766769318463872085e-02 1.991310000000000024e-01 7.640278198384864439e-02 5.513906122179442620e-02 7.640278198384863051e-02 1.326749999999999874e-01
2.143710000000000337e-01 1.048073011840110064e-01 6.130356312213412762e-02 1.048073011840110064e-01 1.991310000000000024e-01 7.868222174783597034e-02 6.130356312213412762e-02 7.868222174783597034e-02 1.326749999999999874e-01
2.143710000000000337e-01 1.145231564987870959e-01 6.482039431881798930e-02 1.145231564987870959e-01 1.991310000000000024e-01 8.827714058406040121e-02 6.482039431881798930e-02 8.827714058406038733e-02 1.326749999999999874e-01
2.143710000000000337e-01 1.200977268705732265e-01 7.118430704801266551e-02 1.200977268705732265e-01 1.991310000000000024e-01 9.126140246765615527e-02 7.118430704801266551e-02 9.126140246765614139e-02 1.326749999999999874e-01
2.143710000000000337e-01 1.272415199591618307e-01 7.515643558251892953e-02 1.272415199591618307e-01 1.991310000000000024e-01 9.855107475462179800e-02 7.515643558251892953e-02 9.855107475462178412e-02 1.326749999999999874e-01
2.143710000000000337e-01 1.353994470214686108e-01 8.140253161780276747e-02 1.353994470214686108e-01 1.991310000000000024e-01 1.069415297711876073e-01 8.140253161780276747e-02 1.069415297711875934e-01 1.326749999999999874e-01
2.143710000000000337e-01 1.423012770119773951e-01 8.574602026052438597e-02 1.423012770119773951e-01 1.991310000000000024e-01 1.114204001016850520e-01 8.574602026052438597e-02 1.114204001016850382e-01 1.326749999999999874e-01
2.143710000000000337e-01 1.494471228499213433e-01 8.762151038847360018e-02 1.494471228499213433e-01 1.991310000000000024e-01 1.192512728021322688e-01 8.762151038847360018e-02 1.192512728021322549e-01 1.326749999999999874e-01
2.143710000000000337e-01 1.563990000000000102e-01 9.173499999999999710e-02 1.563990000000000102e-01 1.991310000000000024e-01 1.237150000000000055e-01 9.173499999999999710e-02 1.237149999999999916e-01 1.326749999999999874e-01
c: 
1.596999999999999975e+00
2.903000000000000025e+00
1.306999999999999940e+00
