CDF: 
4.199999999999999845e-01 5.699999999999999512e-01 8.100000000000000533e-01 1.000000000000000000e+00
3.499999999999999778e-01 4.299999999999999933e-01 5.999999999999999778e-01 1.000000000000000000e+00
3.400000000000000244e-01 7.800000000000000266e-01 8.499999999999999778e-01 1.000000000000000000e+00
sigma: 
1.345439999999999969e-01 3.461397936951753334e-03 1.850390807423171876e-03 3.461397936951753334e-03 1.961439999999999850e-01 1.541275559376885894e-03 1.850390807423171876e-03 1.541275559376885894e-03 1.080440000000000011e-01
1.345439999999999969e-01 8.422892707911657645e-03 8.343759314417206752e-03 8.422892707911657645e-03 1.961439999999999850e-01 6.686209627302107210e-03 8.343759314417206752e-03 6.686209627302107210e-03 1.080440000000000011e-01
1.345439999999999969e-01 1.894151034879347842e-02 1.448498215475731155e-02 1.894151034879347842e-02 1.961439999999999850e-01 1.483746915335683661e-02 1.448498215475731155e-02 1.483746915335683661e-02 1.080440000000000011e-01
1.345439999999999969e-01 2.488308548945480231e-02 2.098983808042754334e-02 2.488308548945480231e-02 1.961439999999999850e-01 2.045751036322992003e-02 2.098983808042754334e-02 2.045751036322992003e-02 1.080440000000000011e-01
1.345439999999999969e-01 3.476859952402872045e-02 2.485003879896408377e-02 3.476859952402872045e-02 1.961439999999999850e-01 2.682518205169494643e-02 2.485003879896408377e-02 2.682518205169494643e-02 1.080440000000000011e-01
1.345439999999999969e-01 4.179363034242442737e-02 2.891093634762047920e-02 4.179363034242442737e-02 1.961439999999999850e-01 3.065062484146180086e-02 2.891093634762047920e-02 3.065062484146180086e-02 1.080440000000000011e-01
1.345439999999999969e-01 4.886875481643313673e-02 3.850967905565823995e-02 4.886875481643313673e-02 1.961439999999999850e-01 3.228091194884286780e-02 3.850967905565823995e-02 3.228091194884286780e-02 1.080440000000000011e-01
1.345439999999999969e-01 5.431916794722545933e-02 4.239559996317444901e-02 5.431916794722545933e-02 1.961439999999999850e-01 3.946770791488758007e-02 4.239559996317444901e-02 3.946770791488758007e-02 1.080440000000000011e-01
1.345439999999999969e-01 6.246518715812455352e-02 5.098508073947188857e-02 6.246518715812455352e-02 1.961439999999999850e-01 4.598255925545929185e-02 5.098508073947188857e-02 4.598255925545929185e-02 1.080440000000000011e-01
1.345439999999999969e-01 6.831555604025586759e-02 5.207676281539674878e-02 6.831555604025586759e-02 1.961439999999999850e-01 5.274568622453475880e-02 5.207676281539674878e-02 5.274568622453475880e-02 1.080440000000000011e-01
1.345439999999999969e-01 7.831873647142427453e-02 5.775599367075025942e-02 7.831873647142427453e-02 1.961439999999999850e-01 5.771462959026930212e-02 5.775599367075025942e-02 5.771462959026930212e-02 1.080440000000000011e-01
1.345439999999999969e-01 8.578592631131112811e-02 6.413257348042905592e-02 8.578592631131112811e-02 1.961439999999999850e-01 6.184153140934653403e-02 6.413257348042905592e-02 6.184153140934653403e-02 1.080440000000000011e-01
1.345439999999999969e-01 9.112430012298008974e-02 7.025950469919975405e-02 9.112430012298008974e-02 1.961439999999999850e-01 6.543111613798451021e-02 7.025950469919975405e-02 6.543111613798451021e-02 1.080440000000000011e-01
1.345439999999999969e-01 9.595829593865896900e-02 7.903246676097368251e-02 9.595829593865896900e-02 1.961439999999999850e-01 7.233515606358299765e-02 7.903246676097368251e-02 7.233515606358299765e-02 1.080440000000000011e-01
1.345439999999999969e-01 1.036100708108225604e-01 8.138464475822815292e-02 1.036100708108225604e-01 1.961439999999999850e-01 8.026371656179810687e-02 8.138464475822815292e-02 8.026371656179810687e-02 1.080440000000000011e-01
1.345439999999999969e-01 1.114924782968410716e-01 9.086977385755837244e-02 1.114924782968410716e-01 1.961439999999999850e-01 8.477584092125052539e-02 9.086977385755837244e-02 8.477584092125052539e-02 1.080440000000000011e-01
1.345439999999999969e-01 1.223434563492895866e-01 9.417966747392048088e-02 1.223434563492895866e-01 1.961439999999999850e-01 8.737830723404264865e-02 9.417966747392048088e-02 8.737830723404264865e-02 1.080440000000000011e-01
1.345439999999999969e-01 1.235988800408631683e-01 1.026926686773160652e-01 1.235988800408631683e-01 1.961439999999999850e-01 9.261645072207838614e-02 1.026926686773160652e-01 9.261645072207838614e-02 1.080440000000000011e-01
1.345439999999999969e-01 1.343516898169030416e-01 1.075053015571161563e-01 1.343516898169030416e-01 1.961439999999999850e-01 9.758994552492018804e-02 1.075053015571161563e-01 9.758994552492018804e-02 1.080440000000000011e-01
1.345439999999999969e-01 1.374559999999999671e-01 1.095439999999999747e-01 1.374559999999999671e-01 1.961439999999999850e-01 1.020559999999999801e-01 1.095439999999999747e-01 1.020559999999999801e-01 1.080440000000000011e-01
c: 
1.332999999999999963e+00
1.534999999999999920e+00
1.903999999999999915e+00
