CDF: 
4.299999999999999933e-01 6.199999999999999956e-01 6.400000000000000133e-01 1.000000000000000000e+00
1.600000000000000033e-01 2.800000000000000266e-01 5.400000000000000355e-01 1.000000000000000000e+00
3.099999999999999978e-01 6.800000000000000488e-01 7.299999999999999822e-01 1.000000000000000000e+00
sigma: 
2.154749999999999721e-01 2.828573240214684974e-03 2.557856175504783728e-03 2.828573240214684974e-03 1.821000000000000119e-01 7.947279396321449418e-04 2.557856175504783728e-03 7.947279396321449418e-04 1.745160000000000045e-01
2.154749999999999721e-01 9.812061869204304412e-03 9.872107751190612943e-03 9.812061869204304412e-03 1.821000000000000119e-01 7.251904308463597536e-03 9.872107751190612943e-03 7.251904308463597536e-03 1.745160000000000045e-01
2.154749999999999721e-01 1.821288102495658215e-02 2.284331625990411105e-02 1.821288102495658215e-02 1.821000000000000119e-01 1.500050065053101442e-02 2.284331625990411105e-02 1.500050065053101442e-02 1.745160000000000045e-01
2.154749999999999721e-01 2.883387246269187437e-02 3.173230320566103324e-02 2.883387246269187437e-02 1.821000000000000119e-01 2.686698249171271674e-02 3.173230320566103324e-02 2.686698249171271674e-02 1.745160000000000045e-01
2.154749999999999721e-01 4.013994336402650076e-02 4.285024694179608712e-02 4.013994336402650076e-02 1.821000000000000119e-01 2.768636190144803388e-02 4.285024694179608712e-02 2.768636190144803388e-02 1.745160000000000045e-01
2.154749999999999721e-01 5.123800648362095145e-02 5.083810966648902308e-02 5.123800648362095145e-02 1.821000000000000119e-01 3.587890336130598878e-02 5.083810966648902308e-02 3.587890336130598878e-02 1.745160000000000045e-01
2.154749999999999721e-01 5.526915339346766265e-02 5.815753647832581225e-02 5.526915339346766265e-02 1.821000000000000119e-01 4.740830308701408230e-02 5.815753647832581225e-02 4.740830308701408230e-02 1.745160000000000045e-01
2.154749999999999721e-01 6.149116593723453345e-02 6.698308159431622111e-02 6.149116593723453345e-02 1.821000000000000119e-01 4.813477232199398631e-02 6.698308159431622111e-02 4.813477232199398631e-02 1.745160000000000045e-01
2.154749999999999721e-01 7.238084409684758525e-02 7.553454680693377776e-02 7.238084409684758525e-02 1.821000000000000119e-01 5.685842327110356142e-02 7.553454680693377776e-02 5.685842327110356142e-02 1.745160000000000045e-01
2.154749999999999721e-01 8.153121599811224973e-02 8.507758627942089980e-02 8.153121599811224973e-02 1.821000000000000119e-01 6.242491444014241359e-02 8.507758627942089980e-02 6.242491444014241359e-02 1.745160000000000045e-01
2.154749999999999721e-01 9.134811671663145560e-02 9.689723370610070496e-02 9.134811671663145560e-02 1.821000000000000119e-01 6.781668850316199815e-02 9.689723370610070496e-02 6.781668850316199815e-02 1.745160000000000045e-01
2.154749999999999721e-01 1.004348686276258645e-01 9.733738398910728173e-02 1.004348686276258645e-01 1.821000000000000119e-01 7.572252686909919372e-02 9.733738398910728173e-02 7.572252686909919372e-02 1.745160000000000045e-01
2.154749999999999721e-01 1.046451048007591561e-01 1.141855428854928745e-01 1.046451048007591561e-01 1.821000000000000119e-01 8.554210836124034878e-02 1.141855428854928745e-01 8.554210836124034878e-02 1.745160000000000045e-01
2.154749999999999721e-01 1.155450062497243996e-01 1.189544984966140473e-01 1.155450062497243996e-01 1.821000000000000119e-01 9.344827354544432696e-02 1.189544984966140473e-01 9.344827354544432696e-02 1.745160000000000045e-01
2.154749999999999721e-01 1.224842051259856512e-01 1.286200025877318742e-01 1.224842051259856512e-01 1.821000000000000119e-01 9.619331644273698689e-02 1.286200025877318742e-01 9.619331644273698689e-02 1.745160000000000045e-01
2.154749999999999721e-01 1.375948636106948397e-01 1.328858934456972063e-01 1.375948636106948397e-01 1.821000000000000119e-01 1.063256358478892050e-01 1.328858934456972063e-01 1.063256358478892050e-01 1.745160000000000045e-01
2.154749999999999721e-01 1.479404489732119021e-01 1.487983929259492910e-01 1.479404489732119021e-01 1.821000000000000119e-01 1.117411678377315948e-01 1.487983929259492910e-01 1.117411678377315948e-01 1.745160000000000045e-01
2.154749999999999721e-01 1.527292941842182949e-01 1.532913450141563383e-01 1.527292941842182949e-01 1.821000000000000119e-01 1.188323007334120274e-01 1.532913450141563383e-01 1.188323007334120274e-01 1.745160000000000045e-01
2.154749999999999721e-01 1.643675523419849960e-01 1.640892192567800223e-01 1.643675523419849960e-01 1.821000000000000119e-01 1.263516448945264659e-01 1.640892192567800223e-01 1.263516448945264659e-01 1.745160000000000045e-01
2.154749999999999721e-01 1.655500000000000027e-01 1.675299999999999845e-01 1.655500000000000027e-01 1.821000000000000119e-01 1.287999999999999978e-01 1.675299999999999845e-01 1.287999999999999978e-01 1.745160000000000045e-01
c: 
2.922000000000000153e+00
1.453999999999999959e+00
2.742999999999999883e+00
