CDF: 
1.100000000000000006e-01 4.699999999999999734e-01 7.299999999999999822e-01 1.000000000000000000e+00
1.600000000000000033e-01 3.400000000000000244e-01 3.499999999999999778e-01 1.000000000000000000e+00
4.899999999999999911e-01 6.400000000000000133e-01 6.600000000000000311e-01 1.000000000000000000e+00
sigma: 
1.270840000000000303e-01 4.488956778794703749e-03 6.891307230953852558e-03 4.488956778794703749e-03 1.827000000000000013e-01 3.871553962126701026e-03 6.891307230953852558e-03 3.871553962126701026e-03 2.063159999999999994e-01
1.270840000000000303e-01 9.552955276206068561e-03 1.021818062966509295e-02 9.552955276206068561e-03 1.827000000000000013e-01 1.029030741796915435e-02 1.021818062966509295e-02 1.029030741796915435e-02 2.063159999999999994e-01
1.270840000000000303e-01 1.508722265534524418e-02 1.958079836206767094e-02 1.508722265534524418e-02 1.827000000000000013e-01 1.462474423343218533e-02 1.958079836206767094e-02 1.462474423343218533e-02 2.063159999999999994e-01
1.270840000000000303e-01 1.815492627073812815e-02 2.899734193486651693e-02 1.815492627073812815e-02 1.827000000000000013e-01 2.267210691634222869e-02 2.899734193486651693e-02 2.267210691634222869e-02 2.063159999999999994e-01
1.270840000000000303e-01 2.300959770449243977e-02 3.789749852838651678e-02 2.300959770449243977e-02 1.827000000000000013e-01 2.624355856423149502e-02 3.789749852838651678e-02 2.624355856423149502e-02 2.063159999999999994e-01
1.270840000000000303e-01 2.760907073211878865e-02 4.412377216581221673e-02 2.760907073211878865e-02 1.827000000000000013e-01 3.346244221352239617e-02 4.412377216581221673e-02 3.346244221352239617e-02 2.063159999999999994e-01
1.270840000000000303e-01 3.249030943899813839e-02 5.201462960355106996e-02 3.249030943899813839e-02 1.827000000000000013e-01 4.244210578063624395e-02 5.201462960355106996e-02 4.244210578063624395e-02 2.063159999999999994e-01
1.270840000000000303e-01 3.787103895026353029e-02 5.522107775301637184e-02 3.787103895026353029e-02 1.827000000000000013e-01 4.447199269849466674e-02 5.522107775301637184e-02 4.447199269849466674e-02 2.063159999999999994e-01
1.270840000000000303e-01 4.515492485308805759e-02 6.403155864893335381e-02 4.515492485308805759e-02 1.827000000000000013e-01 5.040289474654567614e-02 6.403155864893335381e-02 5.040289474654567614e-02 2.063159999999999994e-01
1.270840000000000303e-01 4.985715838070744338e-02 7.210763784494575446e-02 4.985715838070744338e-02 1.827000000000000013e-01 5.822947239766657762e-02 7.210763784494575446e-02 5.822947239766657762e-02 2.063159999999999994e-01
1.270840000000000303e-01 5.540184498133665647e-02 7.871980052524778226e-02 5.540184498133665647e-02 1.827000000000000013e-01 6.592867460755744147e-02 7.871980052524778226e-02 6.592867460755744147e-02 2.063159999999999994e-01
1.270840000000000303e-01 5.774354014514550271e-02 8.975742573547715319e-02 5.774354014514550271e-02 1.827000000000000013e-01 7.092937020746531429e-02 8.975742573547715319e-02 7.092937020746531429e-02 2.063159999999999994e-01
1.270840000000000303e-01 6.582147616668126977e-02 9.464071961889822249e-02 6.582147616668126977e-02 1.827000000000000013e-01 7.536431638900385754e-02 9.464071961889822249e-02 7.536431638900385754e-02 2.063159999999999994e-01
1.270840000000000303e-01 6.803057770239631652e-02 1.059199851650570595e-01 6.803057770239631652e-02 1.827000000000000013e-01 8.547447810596410511e-02 1.059199851650570595e-01 8.547447810596410511e-02 2.063159999999999994e-01
1.270840000000000303e-01 7.333520805784146668e-02 1.079649357196441062e-01 7.333520805784146668e-02 1.827000000000000013e-01 8.908670107533954441e-02 1.079649357196441062e-01 8.908670107533954441e-02 2.063159999999999994e-01
1.270840000000000303e-01 8.115263673653635990e-02 1.159357224825601773e-01 8.115263673653635990e-02 1.827000000000000013e-01 9.691018240327420319e-02 1.159357224825601773e-01 9.691018240327420319e-02 2.063159999999999994e-01
1.270840000000000303e-01 8.274787728721938462e-02 1.285405401893557897e-01 8.274787728721938462e-02 1.827000000000000013e-01 1.022897901918215363e-01 1.285405401893557897e-01 1.022897901918215363e-01 2.063159999999999994e-01
1.270840000000000303e-01 9.085928476050160463e-02 1.339426241038527698e-01 9.085928476050160463e-02 1.827000000000000013e-01 1.056663948699294586e-01 1.339426241038527698e-01 1.056663948699294586e-01 2.063159999999999994e-01
1.270840000000000303e-01 9.496495620874170762e-02 1.437251036614881072e-01 9.496495620874170762e-02 1.827000000000000013e-01 1.133931601965211255e-01 1.437251036614881072e-01 1.133931601965211255e-01 2.063159999999999994e-01
1.270840000000000303e-01 9.826000000000001400e-02 1.446120000000000183e-01 9.826000000000001400e-02 1.827000000000000013e-01 1.171800000000000064e-01 1.446120000000000183e-01 1.171800000000000064e-01 2.063159999999999994e-01
c: 
1.842000000000000082e+00
1.437999999999999945e+00
1.794000000000000039e+00
