CDF: 
2.700000000000000178e-01 2.999999999999999889e-01 4.899999999999999911e-01 1.000000000000000000e+00
3.200000000000000067e-01 3.699999999999999956e-01 8.900000000000000133e-01 1.000000000000000000e+00
2.200000000000000011e-01 9.200000000000000400e-01 9.300000000000000488e-01 1.000000000000000000e+00
sigma: 
1.911360000000000003e-01 1.837426827044204248e-04 2.618770472277012285e-04 1.837426827044204248e-04 8.761599999999999944e-02 2.430810642513827995e-03 2.618770472277012285e-04 2.430810642513827995e-03 5.380400000000001154e-02
1.911360000000000003e-01 5.748335776517976038e-03 4.569270164684986410e-03 5.748335776517976038e-03 8.761599999999999944e-02 4.629884400741786019e-03 4.569270164684986410e-03 4.629884400741786019e-03 5.380400000000001154e-02
1.911360000000000003e-01 1.317251073214656572e-02 5.366446200050739405e-03 1.317251073214656572e-02 8.761599999999999944e-02 5.766055550070634840e-03 5.366446200050739405e-03 5.766055550070634840e-03 5.380400000000001154e-02
1.911360000000000003e-01 1.688742218443483808e-02 8.500340352496055241e-03 1.688742218443483808e-02 8.761599999999999944e-02 8.444093733282876865e-03 8.500340352496055241e-03 8.444093733282876865e-03 5.380400000000001154e-02
1.911360000000000003e-01 2.564207042191437441e-02 1.256282772302161170e-02 2.564207042191437441e-02 8.761599999999999944e-02 1.325201792833962701e-02 1.256282772302161170e-02 1.325201792833962701e-02 5.380400000000001154e-02
1.911360000000000003e-01 2.883974541448912354e-02 1.443609091203646583e-02 2.883974541448912354e-02 8.761599999999999944e-02 1.433909622494468350e-02 1.443609091203646583e-02 1.433909622494468350e-02 5.380400000000001154e-02
1.911360000000000003e-01 3.180045446355129340e-02 1.678847329089095536e-02 3.180045446355129340e-02 8.761599999999999944e-02 1.741542500536017585e-02 1.678847329089095536e-02 1.741542500536017585e-02 5.380400000000001154e-02
1.911360000000000003e-01 4.158926956528178481e-02 2.004615758435666223e-02 4.158926956528178481e-02 8.761599999999999944e-02 2.035440245929255945e-02 2.004615758435666223e-02 2.035440245929255945e-02 5.380400000000001154e-02
1.911360000000000003e-01 4.640906638762608283e-02 2.237775794848659988e-02 4.640906638762608283e-02 8.761599999999999944e-02 2.376738737698144005e-02 2.237775794848659988e-02 2.376738737698144005e-02 5.380400000000001154e-02
1.911360000000000003e-01 4.844014890371893534e-02 2.362678293291353704e-02 4.844014890371893534e-02 8.761599999999999944e-02 2.783493054189526555e-02 2.362678293291353704e-02 2.783493054189526555e-02 5.380400000000001154e-02
1.911360000000000003e-01 5.396121446148149231e-02 2.768146348883669672e-02 5.396121446148149231e-02 8.761599999999999944e-02 3.051628538612462943e-02 2.768146348883669672e-02 3.051628538612462943e-02 5.380400000000001154e-02
1.911360000000000003e-01 5.756625142192834527e-02 2.981075652849765265e-02 5.756625142192834527e-02 8.761599999999999944e-02 3.344879160761236869e-02 2.981075652849765265e-02 3.344879160761236869e-02 5.380400000000001154e-02
1.911360000000000003e-01 6.524875336326835251e-02 3.209201063569770696e-02 6.524875336326835251e-02 8.761599999999999944e-02 3.548636286089253827e-02 3.209201063569770696e-02 3.548636286089253827e-02 5.380400000000001154e-02
1.911360000000000003e-01 6.795749012226885710e-02 3.560971377740684146e-02 6.795749012226885710e-02 8.761599999999999944e-02 3.779790875619536833e-02 3.560971377740684146e-02 3.779790875619536833e-02 5.380400000000001154e-02
1.911360000000000003e-01 7.482531563460979862e-02 3.712477466214294392e-02 7.482531563460979862e-02 8.761599999999999944e-02 4.053445225232130827e-02 3.712477466214294392e-02 4.053445225232130827e-02 5.380400000000001154e-02
1.911360000000000003e-01 8.325350109967108447e-02 4.010117712038643867e-02 8.325350109967108447e-02 8.761599999999999944e-02 4.442237218275554150e-02 4.010117712038643867e-02 4.442237218275554150e-02 5.380400000000001154e-02
1.911360000000000003e-01 8.626926175721594259e-02 4.404184807962802095e-02 8.626926175721594259e-02 8.761599999999999944e-02 4.596658060370104742e-02 4.404184807962802095e-02 4.596658060370104742e-02 5.380400000000001154e-02
1.911360000000000003e-01 8.923412341970354822e-02 4.568288878882489912e-02 8.923412341970354822e-02 8.761599999999999944e-02 4.997671173071364936e-02 4.568288878882489912e-02 4.997671173071364936e-02 5.380400000000001154e-02
1.911360000000000003e-01 9.707765914497763771e-02 4.928800130400877444e-02 9.707765914497763771e-02 8.761599999999999944e-02 5.117731794335479006e-02 4.928800130400877444e-02 5.117731794335479006e-02 5.380400000000001154e-02
1.911360000000000003e-01 9.902400000000000091e-02 4.971200000000000618e-02 9.902400000000000091e-02 8.761599999999999944e-02 5.340800000000000408e-02 4.971200000000000618e-02 5.340800000000000408e-02 5.380400000000001154e-02
c: 
2.101999999999999869e+00
2.398000000000000131e+00
2.826000000000000068e+00
