CDF: 
4.199999999999999845e-01 4.500000000000000111e-01 5.899999999999999689e-01 1.000000000000000000e+00
1.300000000000000044e-01 3.900000000000000133e-01 5.000000000000000000e-01 1.000000000000000000e+00
1.000000000000000056e-01 3.499999999999999778e-01 5.999999999999999778e-01 1.000000000000000000e+00
sigma: 
2.158750000000000113e-01 9.239443264039894077e-03 1.466818883407449564e-03 9.239443264039894077e-03 2.000190000000000023e-01 8.019617493284102519e-03 1.466818883407449564e-03 8.019617493284102519e-03 1.750000000000000444e-01
2.158750000000000113e-01 1.030670677237918720e-02 1.556717971935469430e-02 1.030670677237918720e-02 2.000190000000000023e-01 1.656318007135043277e-02 1.556717971935469430e-02 1.656318007135043277e-02 1.750000000000000444e-01
2.158750000000000113e-01 2.610235457909777096e-02 2.921145933464897385e-02 2.610235457909777096e-02 2.000190000000000023e-01 2.086816952766883809e-02 2.921145933464897385e-02 2.086816952766883809e-02 1.750000000000000444e-01
2.158750000000000113e-01 3.282293773590568009e-02 3.489799550680066503e-02 3.282293773590568009e-02 2.000190000000000023e-01 2.870030918421571930e-02 3.489799550680066503e-02 2.870030918421571930e-02 1.750000000000000444e-01
2.158750000000000113e-01 4.448542709269927981e-02 3.999421760370734658e-02 4.448542709269927981e-02 2.000190000000000023e-01 3.828233573949736679e-02 3.999421760370734658e-02 3.828233573949736679e-02 1.750000000000000444e-01
2.158750000000000113e-01 5.489115050777192140e-02 5.768237966437495673e-02 5.489115050777192140e-02 2.000190000000000023e-01 4.619699773860461156e-02 5.768237966437495673e-02 4.619699773860461156e-02 1.750000000000000444e-01
2.158750000000000113e-01 6.236259693602317494e-02 6.867692401905491073e-02 6.236259693602317494e-02 2.000190000000000023e-01 5.361367650126659667e-02 6.867692401905491073e-02 5.361367650126659667e-02 1.750000000000000444e-01
2.158750000000000113e-01 7.301782150228329493e-02 7.844965413082342909e-02 7.301782150228329493e-02 2.000190000000000023e-01 6.122564458744561566e-02 7.844965413082342909e-02 6.122564458744561566e-02 1.750000000000000444e-01
2.158750000000000113e-01 8.024195911704146145e-02 8.184224173917613310e-02 8.024195911704146145e-02 2.000190000000000023e-01 6.993285086087849822e-02 8.184224173917613310e-02 6.993285086087849822e-02 1.750000000000000444e-01
2.158750000000000113e-01 9.093920064729600627e-02 9.353081447202089838e-02 9.093920064729600627e-02 2.000190000000000023e-01 8.153712337290405787e-02 9.353081447202089838e-02 8.153712337290405787e-02 1.750000000000000444e-01
2.158750000000000113e-01 1.012125121884275558e-01 1.018537673227992851e-01 1.012125121884275558e-01 2.000190000000000023e-01 8.938478681113833091e-02 1.018537673227992851e-01 8.938478681113833091e-02 1.750000000000000444e-01
2.158750000000000113e-01 1.183863398048247140e-01 1.137339935597876939e-01 1.183863398048247140e-01 2.000190000000000023e-01 9.712125230948738530e-02 1.137339935597876939e-01 9.712125230948738530e-02 1.750000000000000444e-01
2.158750000000000113e-01 1.210924955468457020e-01 1.268385306256250289e-01 1.210924955468457020e-01 2.000190000000000023e-01 1.110641497824417234e-01 1.268385306256250289e-01 1.110641497824417234e-01 1.750000000000000444e-01
2.158750000000000113e-01 1.342279659178813589e-01 1.341472514822124595e-01 1.342279659178813589e-01 2.000190000000000023e-01 1.203724980655876270e-01 1.341472514822124595e-01 1.203724980655876270e-01 1.750000000000000444e-01
2.158750000000000113e-01 1.457484393395150901e-01 1.441814833589103728e-01 1.457484393395150901e-01 2.000190000000000023e-01 1.249371856215168997e-01 1.441814833589103728e-01 1.249371856215168997e-01 1.750000000000000444e-01
2.158750000000000113e-01 1.530015637596668365e-01 1.525402851767417300e-01 1.530015637596668365e-01 2.000190000000000023e-01 1.377715400895550835e-01 1.525402851767417300e-01 1.377715400895550835e-01 1.750000000000000444e-01
2.158750000000000113e-01 1.600965873524710370e-01 1.654241666007758293e-01 1.600965873524710370e-01 2.000190000000000023e-01 1.462935899905910830e-01 1.654241666007758293e-01 1.462935899905910830e-01 1.750000000000000444e-01
2.158750000000000113e-01 1.779964564644317404e-01 1.739895320955370250e-01 1.779964564644317404e-01 2.000190000000000023e-01 1.519874295125582531e-01 1.739895320955370250e-01 1.519874295125582531e-01 1.750000000000000444e-01
2.158750000000000113e-01 1.819492138098960654e-01 1.806607410745307007e-01 1.819492138098960654e-01 2.000190000000000023e-01 1.586655814373534312e-01 1.806607410745307007e-01 1.586655814373534312e-01 1.750000000000000444e-01
2.158750000000000113e-01 1.880549999999999999e-01 1.890000000000000291e-01 1.880549999999999999e-01 2.000190000000000023e-01 1.638000000000000012e-01 1.890000000000000291e-01 1.638000000000000012e-01 1.750000000000000444e-01
c: 
1.223999999999999977e+00
1.766000000000000014e+00
1.671000000000000041e+00
