CDF: 
5.799999999999999600e-01 6.899999999999999467e-01 8.100000000000000533e-01 1.000000000000000000e+00
2.899999999999999800e-01 3.499999999999999778e-01 6.500000000000000222e-01 1.000000000000000000e+00
2.500000000000000000e-01 3.400000000000000244e-01 4.299999999999999933e-01 1.000000000000000000e+00
sigma: 
1.457310000000000272e-01 2.445549047096446955e-03 2.085669275512792332e-03 2.445549047096446955e-03 1.786840000000000095e-01 9.401175508682147299e-04 2.085669275512792332e-03 9.401175508682147299e-04 2.117639999999999800e-01
1.457310000000000272e-01 1.313702299648583822e-02 9.711507889551548173e-03 1.313702299648583822e-02 1.786840000000000095e-01 1.054743936164822399e-02 9.711507889551548173e-03 1.054743936164822399e-02 2.117639999999999800e-01
1.457310000000000272e-01 1.676692273774720715e-02 1.028328755116020461e-02 1.676692273774720715e-02 1.786840000000000095e-01 1.887411364833628188e-02 1.028328755116020461e-02 1.887411364833628188e-02 2.117639999999999800e-01
1.457310000000000272e-01 2.300317535731569510e-02 1.892511888769671941e-02 2.300317535731569510e-02 1.786840000000000095e-01 2.637830589244362367e-02 1.892511888769671941e-02 2.637830589244362367e-02 2.117639999999999800e-01
1.457310000000000272e-01 2.914801568264344458e-02 1.992251394505927670e-02 2.914801568264344458e-02 1.786840000000000095e-01 3.487324388471164244e-02 1.992251394505927670e-02 3.487324388471164244e-02 2.117639999999999800e-01
1.457310000000000272e-01 3.917681099007190582e-02 2.912724798058986125e-02 3.917681099007190582e-02 1.786840000000000095e-01 4.420012930148811692e-02 2.912724798058986125e-02 4.420012930148811692e-02 2.117639999999999800e-01
1.457310000000000272e-01 4.007626518265690330e-02 3.287037878506533783e-02 4.007626518265690330e-02 1.786840000000000095e-01 5.163923962500669568e-02 3.287037878506533783e-02 5.163923962500669568e-02 2.117639999999999800e-01
1.457310000000000272e-01 4.682162176968573258e-02 3.710329322945678243e-02 4.682162176968573258e-02 1.786840000000000095e-01 5.845611678281011775e-02 3.710329322945678243e-02 5.845611678281011775e-02 2.117639999999999800e-01
1.457310000000000272e-01 5.884077435854849492e-02 4.151244740701505453e-02 5.884077435854849492e-02 1.786840000000000095e-01 6.813246191037128363e-02 4.151244740701505453e-02 6.813246191037128363e-02 2.117639999999999800e-01
1.457310000000000272e-01 6.033612567427978912e-02 4.604802704680523162e-02 6.033612567427978912e-02 1.786840000000000095e-01 7.302051134529338738e-02 4.604802704680523162e-02 7.302051134529338738e-02 2.117639999999999800e-01
1.457310000000000272e-01 6.841338870405876127e-02 5.364141951710717227e-02 6.841338870405876127e-02 1.786840000000000095e-01 8.296047484814908501e-02 5.364141951710717227e-02 8.296047484814908501e-02 2.117639999999999800e-01
1.457310000000000272e-01 7.619301040734212382e-02 5.682006974487483625e-02 7.619301040734212382e-02 1.786840000000000095e-01 9.019040816267384630e-02 5.682006974487483625e-02 9.019040816267384630e-02 2.117639999999999800e-01
1.457310000000000272e-01 8.527432482817698389e-02 6.165855986497466995e-02 8.527432482817698389e-02 1.786840000000000095e-01 1.043358801304277855e-01 6.165855986497466995e-02 1.043358801304277855e-01 2.117639999999999800e-01
1.457310000000000272e-01 8.681034053544628426e-02 6.628106103375716596e-02 8.681034053544628426e-02 1.786840000000000095e-01 1.113064955287346031e-01 6.628106103375716596e-02 1.113064955287346031e-01 2.117639999999999800e-01
1.457310000000000272e-01 9.395440281907403712e-02 7.147952898602462357e-02 9.395440281907403712e-02 1.786840000000000095e-01 1.148389720657139595e-01 7.147952898602462357e-02 1.148389720657139595e-01 2.117639999999999800e-01
1.457310000000000272e-01 1.026876471816679098e-01 7.524362930150275963e-02 1.026876471816679098e-01 1.786840000000000095e-01 1.246705106448300071e-01 7.524362930150275963e-02 1.246705106448300071e-01 2.117639999999999800e-01
1.457310000000000272e-01 1.130209977520723885e-01 8.092154713927303400e-02 1.130209977520723885e-01 1.786840000000000095e-01 1.353908813110453191e-01 8.092154713927303400e-02 1.353908813110453191e-01 2.117639999999999800e-01
1.457310000000000272e-01 1.131912993045065680e-01 8.575236102728980847e-02 1.131912993045065680e-01 1.786840000000000095e-01 1.415408603261559262e-01 8.575236102728980847e-02 1.415408603261559262e-01 2.117639999999999800e-01
1.457310000000000272e-01 1.210400403354864318e-01 8.977500705064414555e-02 1.210400403354864318e-01 1.786840000000000095e-01 1.519956994019237562e-01 8.977500705064414555e-02 1.519956994019237562e-01 2.117639999999999800e-01
1.457310000000000272e-01 1.263980000000000103e-01 9.337800000000001654e-02 1.263980000000000103e-01 1.786840000000000095e-01 1.537239999999999995e-01 9.337800000000001654e-02 1.537239999999999995e-01 2.117639999999999800e-01
c: 
1.963000000000000078e+00
2.960999999999999854e+00
2.024000000000000021e+00
