CDF: 
3.400000000000000244e-01 5.000000000000000000e-01 5.100000000000000089e-01 1.000000000000000000e+00
3.099999999999999978e-01 4.099999999999999756e-01 7.199999999999999734e-01 1.000000000000000000e+00
2.099999999999999922e-01 2.399999999999999911e-01 3.699999999999999956e-01 1.000000000000000000e+00
sigma: 
2.213240000000000207e-01 6.654064717699859945e-03 5.433108938329931628e-04 6.654064717699859945e-03 1.538240000000000163e-01 4.258102553856893228e-03 5.433108938329931628e-04 4.258102553856893228e-03 1.786559999999999537e-01
2.213240000000000207e-01 1.518486859385103326e-02 9.949711873534794818e-03 1.518486859385103326e-02 1.538240000000000163e-01 7.722180705617364381e-03 9.949711873534794818e-03 7.722180705617364381e-03 1.786559999999999537e-01
2.213240000000000207e-01 2.294574046068627998e-02 2.163356653163103771e-02 2.294574046068627998e-02 1.538240000000000163e-01 1.813469179828654937e-02 2.163356653163103771e-02 1.813469179828654937e-02 1.786559999999999537e-01
2.213240000000000207e-01 2.508088697810265805e-02 3.110409024015464707e-02 2.508088697810265805e-02 1.538240000000000163e-01 2.129293157441600540e-02 3.110409024015464707e-02 2.129293157441600540e-02 1.786559999999999537e-01
2.213240000000000207e-01 3.531484619457895408e-02 4.218804681982007976e-02 3.531484619457895408e-02 1.538240000000000163e-01 2.923331725125294031e-02 4.218804681982007976e-02 2.923331725125294031e-02 1.786559999999999537e-01
2.213240000000000207e-01 4.533626840089925031e-02 4.596626016938411274e-02 4.533626840089925031e-02 1.538240000000000163e-01 3.754169483458787149e-02 4.596626016938411274e-02 3.754169483458787149e-02 1.786559999999999537e-01
2.213240000000000207e-01 5.323006799667287514e-02 5.876337597607839136e-02 5.323006799667287514e-02 1.538240000000000163e-01 4.563822626886367834e-02 5.876337597607839136e-02 4.563822626886367834e-02 1.786559999999999537e-01
2.213240000000000207e-01 6.308842309735528120e-02 6.487459386968265351e-02 6.308842309735528120e-02 1.538240000000000163e-01 4.659097205242204026e-02 6.487459386968265351e-02 4.659097205242204026e-02 1.786559999999999537e-01
2.213240000000000207e-01 7.126373340045343008e-02 7.002660776111718777e-02 7.126373340045343008e-02 1.538240000000000163e-01 5.891001113509375386e-02 7.002660776111718777e-02 5.891001113509375386e-02 1.786559999999999537e-01
2.213240000000000207e-01 7.849082798666429106e-02 7.742794388170474995e-02 7.849082798666429106e-02 1.538240000000000163e-01 5.931984185662365211e-02 7.742794388170474995e-02 5.931984185662365211e-02 1.786559999999999537e-01
2.213240000000000207e-01 8.155144410713061065e-02 8.808403178978464754e-02 8.155144410713061065e-02 1.538240000000000163e-01 6.880313798724532748e-02 8.808403178978464754e-02 6.880313798724532748e-02 1.786559999999999537e-01
2.213240000000000207e-01 9.496285219555222756e-02 9.334112856810979075e-02 9.496285219555222756e-02 1.538240000000000163e-01 7.592234272530871964e-02 9.334112856810979075e-02 7.592234272530871964e-02 1.786559999999999537e-01
2.213240000000000207e-01 1.026406579095094362e-01 1.063067548358931497e-01 1.026406579095094362e-01 1.538240000000000163e-01 8.288894627135938442e-02 1.063067548358931497e-01 8.288894627135938442e-02 1.786559999999999537e-01
2.213240000000000207e-01 1.114925383200555536e-01 1.139117329829227865e-01 1.114925383200555536e-01 1.538240000000000163e-01 8.815918343325351847e-02 1.139117329829227865e-01 8.815918343325351847e-02 1.786559999999999537e-01
2.213240000000000207e-01 1.186619678380492343e-01 1.183711017647262470e-01 1.186619678380492343e-01 1.538240000000000163e-01 9.774827095559800172e-02 1.183711017647262470e-01 9.774827095559800172e-02 1.786559999999999537e-01
2.213240000000000207e-01 1.254666664804665321e-01 1.326696112513194303e-01 1.254666664804665321e-01 1.538240000000000163e-01 1.012358600798881347e-01 1.326696112513194303e-01 1.012358600798881347e-01 1.786559999999999537e-01
2.213240000000000207e-01 1.346410120612173689e-01 1.384375993129574878e-01 1.346410120612173689e-01 1.538240000000000163e-01 1.086929497092153640e-01 1.384375993129574878e-01 1.086929497092153640e-01 1.786559999999999537e-01
2.213240000000000207e-01 1.385909029762875111e-01 1.457429799973778139e-01 1.385909029762875111e-01 1.538240000000000163e-01 1.163593104098469555e-01 1.457429799973778139e-01 1.163593104098469555e-01 1.786559999999999537e-01
2.213240000000000207e-01 1.512880764222147845e-01 1.555567793876651006e-01 1.512880764222147845e-01 1.538240000000000163e-01 1.237950645881780859e-01 1.555567793876651006e-01 1.237950645881780859e-01 1.786559999999999537e-01
2.213240000000000207e-01 1.525760000000000172e-01 1.605119999999999880e-01 1.525760000000000172e-01 1.538240000000000163e-01 1.250880000000000047e-01 1.605119999999999880e-01 1.250880000000000047e-01 1.786559999999999537e-01
c: 
1.586999999999999966e+00
1.056999999999999940e+00
1.816999999999999948e+00
