CDF: 
4.299999999999999933e-01 7.199999999999999734e-01 8.199999999999999512e-01 1.000000000000000000e+00
5.400000000000000355e-01 5.899999999999999689e-01 6.500000000000000222e-01 1.000000000000000000e+00
1.000000000000000056e-01 2.300000000000000100e-01 5.999999999999999778e-01 1.000000000000000000e+00
sigma: 
1.347789999999999822e-01 6.208991602431608581e-03 2.186964287806039860e-03 6.208991602431608581e-03 2.167709999999999915e-01 3.011976334426598369e-03 2.186964287806039860e-03 3.011976334426598369e-03 1.600239999999999996e-01
1.347789999999999822e-01 1.340166050019005704e-02 7.671273189812178282e-03 1.340166050019005704e-02 2.167709999999999915e-01 1.293387976310814147e-02 7.671273189812178282e-03 1.293387976310814147e-02 1.600239999999999996e-01
1.347789999999999822e-01 1.457519758773566723e-02 1.162869098262441642e-02 1.457519758773566723e-02 2.167709999999999915e-01 2.704833594916961070e-02 1.162869098262441642e-02 2.704833594916961070e-02 1.600239999999999996e-01
1.347789999999999822e-01 2.084815922821087880e-02 1.869818462013466201e-02 2.084815922821087880e-02 2.167709999999999915e-01 3.221134720505413468e-02 1.869818462013466201e-02 3.221134720505413468e-02 1.600239999999999996e-01
1.347789999999999822e-01 3.129706039382684768e-02 2.300705087458874629e-02 3.129706039382684768e-02 2.167709999999999915e-01 4.192924166855080403e-02 2.300705087458874629e-02 4.192924166855080403e-02 1.600239999999999996e-01
1.347789999999999822e-01 3.650010566071328066e-02 3.151036133095453523e-02 3.650010566071328066e-02 2.167709999999999915e-01 4.633031790536343286e-02 3.151036133095453523e-02 4.633031790536343286e-02 1.600239999999999996e-01
1.347789999999999822e-01 4.318619607013690631e-02 3.291617284180008152e-02 4.318619607013690631e-02 2.167709999999999915e-01 5.903331977773208089e-02 3.291617284180008152e-02 5.903331977773208089e-02 1.600239999999999996e-01
1.347789999999999822e-01 5.259133994729216222e-02 4.276627048211045778e-02 5.259133994729216222e-02 2.167709999999999915e-01 7.024707913608461973e-02 4.276627048211045778e-02 7.024707913608461973e-02 1.600239999999999996e-01
1.347789999999999822e-01 6.014615421544806939e-02 4.446559954741606535e-02 6.014615421544806939e-02 2.167709999999999915e-01 7.525397567459894688e-02 4.446559954741606535e-02 7.525397567459894688e-02 1.600239999999999996e-01
1.347789999999999822e-01 6.698788522349777286e-02 5.005591588861717234e-02 6.698788522349777286e-02 2.167709999999999915e-01 8.678272806963677199e-02 5.005591588861717234e-02 8.678272806963677199e-02 1.600239999999999996e-01
1.347789999999999822e-01 7.107074505047329682e-02 5.862186421767980743e-02 7.107074505047329682e-02 2.167709999999999915e-01 9.788030996615927626e-02 5.862186421767980743e-02 9.788030996615927626e-02 1.600239999999999996e-01
1.347789999999999822e-01 7.889288454798069894e-02 5.907646077691095648e-02 7.889288454798069894e-02 2.167709999999999915e-01 1.026435925386618153e-01 5.907646077691095648e-02 1.026435925386618153e-01 1.600239999999999996e-01
1.347789999999999822e-01 8.565041716954435724e-02 6.798242056786202303e-02 8.565041716954435724e-02 2.167709999999999915e-01 1.121574895913522579e-01 6.798242056786202303e-02 1.121574895913522579e-01 1.600239999999999996e-01
1.347789999999999822e-01 9.152372473077172166e-02 7.049293250261429167e-02 9.152372473077172166e-02 2.167709999999999915e-01 1.184541349977676072e-01 7.049293250261429167e-02 1.184541349977676072e-01 1.600239999999999996e-01
1.347789999999999822e-01 1.019115241560109020e-01 7.881176409868215216e-02 1.019115241560109020e-01 2.167709999999999915e-01 1.356685888207964374e-01 7.881176409868215216e-02 1.356685888207964374e-01 1.600239999999999996e-01
1.347789999999999822e-01 1.088363450032619889e-01 8.155737857367058308e-02 1.088363450032619889e-01 2.167709999999999915e-01 1.405195406325835950e-01 8.155737857367058308e-02 1.405195406325835950e-01 1.600239999999999996e-01
1.347789999999999822e-01 1.138426548664644572e-01 8.614542508750941407e-02 1.138426548664644572e-01 2.167709999999999915e-01 1.519043676460512249e-01 8.614542508750941407e-02 1.519043676460512249e-01 1.600239999999999996e-01
1.347789999999999822e-01 1.232423297717255561e-01 9.250938828587863816e-02 1.232423297717255561e-01 2.167709999999999915e-01 1.541926479724147481e-01 9.250938828587863816e-02 1.541926479724147481e-01 1.600239999999999996e-01
1.347789999999999822e-01 1.280674101694930511e-01 1.016466430667410381e-01 1.280674101694930511e-01 2.167709999999999915e-01 1.669004968527444122e-01 1.016466430667410381e-01 1.669004968527444122e-01 1.600239999999999996e-01
1.347789999999999822e-01 1.301529999999999909e-01 1.018639999999999823e-01 1.301529999999999909e-01 2.167709999999999915e-01 1.719480000000000175e-01 1.018639999999999823e-01 1.719480000000000175e-01 1.600239999999999996e-01
c: 
1.451999999999999957e+00
2.431000000000000050e+00
1.393999999999999906e+00
