CDF: 
1.900000000000000022e-01 2.500000000000000000e-01 6.899999999999999467e-01 1.000000000000000000e+00
3.599999999999999867e-01 4.099999999999999756e-01 4.299999999999999933e-01 1.000000000000000000e+00
3.400000000000000244e-01 4.000000000000000222e-01 5.300000000000000266e-01 1.000000000000000000e+00
sigma: 
1.347960000000000269e-01 3.420324969732034016e-03 3.175518169166828553e-03 3.420324969732034016e-03 2.294559999999999933e-01 4.847556439032625619e-03 3.175518169166828553e-03 4.847556439032625619e-03 2.080439999999999789e-01
1.347960000000000269e-01 9.576898939043707731e-03 1.081022119959487715e-02 9.576898939043707731e-03 2.294559999999999933e-01 1.302895099118170884e-02 1.081022119959487715e-02 1.302895099118170884e-02 2.080439999999999789e-01
1.347960000000000269e-01 1.944325963409483660e-02 2.011378299380799095e-02 1.944325963409483660e-02 2.294559999999999933e-01 2.147777906219486277e-02 2.011378299380799095e-02 2.147777906219486277e-02 2.080439999999999789e-01
1.347960000000000269e-01 2.674776168061966317e-02 2.734296636984460613e-02 2.674776168061966317e-02 2.294559999999999933e-01 4.127937720001932653e-02 2.734296636984460613e-02 4.127937720001932653e-02 2.080439999999999789e-01
1.347960000000000269e-01 3.077624178880800782e-02 3.446554412369921133e-02 3.077624178880800782e-02 2.294559999999999933e-01 4.983684027861755989e-02 3.446554412369921133e-02 4.983684027861755989e-02 2.080439999999999789e-01
1.347960000000000269e-01 3.776645674101303252e-02 3.815086665526692261e-02 3.776645674101303252e-02 2.294559999999999933e-01 5.581092603736412944e-02 3.815086665526692261e-02 5.581092603736412944e-02 2.080439999999999789e-01
1.347960000000000269e-01 4.548852894419083692e-02 4.423543738119666002e-02 4.548852894419083692e-02 2.294559999999999933e-01 6.845916693121426033e-02 4.423543738119666002e-02 6.845916693121426033e-02 2.080439999999999789e-01
1.347960000000000269e-01 4.764083147641200860e-02 5.547917665807462761e-02 4.764083147641200860e-02 2.294559999999999933e-01 7.990771215125272442e-02 5.547917665807462761e-02 7.990771215125272442e-02 2.080439999999999789e-01
1.347960000000000269e-01 5.510451649130779922e-02 5.718210571207239107e-02 5.510451649130779922e-02 2.294559999999999933e-01 9.485470119065156358e-02 5.718210571207239107e-02 9.485470119065156358e-02 2.080439999999999789e-01
1.347960000000000269e-01 6.361478371159727530e-02 6.434588247621028656e-02 6.361478371159727530e-02 2.294559999999999933e-01 9.878087132406594695e-02 6.434588247621028656e-02 9.878087132406594695e-02 2.080439999999999789e-01
1.347960000000000269e-01 7.173313898464427074e-02 7.276974160242914713e-02 7.173313898464427074e-02 2.294559999999999933e-01 1.124923195358754902e-01 7.276974160242914713e-02 1.124923195358754902e-01 2.080439999999999789e-01
1.347960000000000269e-01 8.102573541580462835e-02 8.082284692570375351e-02 8.102573541580462835e-02 2.294559999999999933e-01 1.220718793044479333e-01 8.082284692570375351e-02 1.220718793044479333e-01 2.080439999999999789e-01
1.347960000000000269e-01 8.186772761065615189e-02 8.599847139627320169e-02 8.186772761065615189e-02 2.294559999999999933e-01 1.294267235351006240e-01 8.599847139627320169e-02 1.294267235351006240e-01 2.080439999999999789e-01
1.347960000000000269e-01 9.390452482214577123e-02 9.256193035621319842e-02 9.390452482214577123e-02 2.294559999999999933e-01 1.382708846342685094e-01 9.256193035621319842e-02 1.382708846342685094e-01 2.080439999999999789e-01
1.347960000000000269e-01 1.008867828934269378e-01 1.041741838836393180e-01 1.008867828934269378e-01 2.294559999999999933e-01 1.591096403021318717e-01 1.041741838836393180e-01 1.591096403021318717e-01 2.080439999999999789e-01
1.347960000000000269e-01 1.043826747763805241e-01 1.070721330138511007e-01 1.043826747763805241e-01 2.294559999999999933e-01 1.664664205524462870e-01 1.070721330138511007e-01 1.664664205524462870e-01 2.080439999999999789e-01
1.347960000000000269e-01 1.121543987274824933e-01 1.166351246078358578e-01 1.121543987274824933e-01 2.294559999999999933e-01 1.767282306446961160e-01 1.166351246078358578e-01 1.767282306446961160e-01 2.080439999999999789e-01
1.347960000000000269e-01 1.162130709794650246e-01 1.212156277057902798e-01 1.162130709794650246e-01 2.294559999999999933e-01 1.865507416551002440e-01 1.212156277057902798e-01 1.865507416551002440e-01 2.080439999999999789e-01
1.347960000000000269e-01 1.236776982134427244e-01 1.321954197478259763e-01 1.236776982134427244e-01 2.294559999999999933e-01 1.951181636916945183e-01 1.321954197478259763e-01 1.951181636916945183e-01 2.080439999999999789e-01
1.347960000000000269e-01 1.283759999999999901e-01 1.336680000000000090e-01 1.283759999999999901e-01 2.294559999999999933e-01 2.016080000000000094e-01 1.336680000000000090e-01 2.016080000000000094e-01 2.080439999999999789e-01
c: 
2.116999999999999993e+00
1.967999999999999972e+00
1.703000000000000069e+00
