CDF: 
1.600000000000000033e-01 4.000000000000000222e-01 7.299999999999999822e-01 1.000000000000000000e+00
5.999999999999999778e-02 2.300000000000000100e-01 5.200000000000000178e-01 1.000000000000000000e+00
4.699999999999999734e-01 5.600000000000000533e-01 7.199999999999999734e-01 1.000000000000000000e+00
sigma: 
1.476510000000000045e-01 3.530807754487436893e-03 5.414443569000428925e-03 3.530807754487436893e-03 1.667440000000000033e-01 5.074168433003381842e-03 5.414443569000428925e-03 5.074168433003381842e-03 1.817310000000000314e-01
1.476510000000000045e-01 7.646553353441660865e-03 1.275933842488615952e-02 7.646553353441660865e-03 1.667440000000000033e-01 1.155717744445936869e-02 1.275933842488615952e-02 1.155717744445936869e-02 1.817310000000000314e-01
1.476510000000000045e-01 1.475670347791407933e-02 1.888486608655009016e-02 1.475670347791407933e-02 1.667440000000000033e-01 1.663027674907209888e-02 1.888486608655009016e-02 1.663027674907209888e-02 1.817310000000000314e-01
1.476510000000000045e-01 2.395214470774029852e-02 2.777026317240828546e-02 2.395214470774029852e-02 1.667440000000000033e-01 2.485029444548652461e-02 2.777026317240828546e-02 2.485029444548652461e-02 1.817310000000000314e-01
1.476510000000000045e-01 2.656824726129641476e-02 3.919378450324316476e-02 2.656824726129641476e-02 1.667440000000000033e-01 2.963909152863631463e-02 3.919378450324316476e-02 2.963909152863631463e-02 1.817310000000000314e-01
1.476510000000000045e-01 3.197916656124769746e-02 4.377938030210556247e-02 3.197916656124769746e-02 1.667440000000000033e-01 4.020875932649112944e-02 4.377938030210556247e-02 4.020875932649112944e-02 1.817310000000000314e-01
1.476510000000000045e-01 4.179353071777978240e-02 5.376495837707179898e-02 4.179353071777978240e-02 1.667440000000000033e-01 4.409521004648532527e-02 5.376495837707179898e-02 4.409521004648532527e-02 1.817310000000000314e-01
1.476510000000000045e-01 4.743003284350739979e-02 6.577981608286770365e-02 4.743003284350739979e-02 1.667440000000000033e-01 5.564247299679765668e-02 6.577981608286770365e-02 5.564247299679765668e-02 1.817310000000000314e-01
1.476510000000000045e-01 5.448243236204715345e-02 7.341374613561431339e-02 5.448243236204715345e-02 1.667440000000000033e-01 6.436072829620263780e-02 7.341374613561431339e-02 6.436072829620263780e-02 1.817310000000000314e-01
1.476510000000000045e-01 5.916117065304339617e-02 7.976922659890495204e-02 5.916117065304339617e-02 1.667440000000000033e-01 6.918658594330166778e-02 7.976922659890495204e-02 6.918658594330166778e-02 1.817310000000000314e-01
1.476510000000000045e-01 6.527297331883200049e-02 8.827671638473824633e-02 6.527297331883200049e-02 1.667440000000000033e-01 7.757945548344059861e-02 8.827671638473824633e-02 7.757945548344059861e-02 1.817310000000000314e-01
1.476510000000000045e-01 7.301152917138047094e-02 9.725130270104920260e-02 7.301152917138047094e-02 1.667440000000000033e-01 8.618072086817489541e-02 9.725130270104920260e-02 8.618072086817489541e-02 1.817310000000000314e-01
1.476510000000000045e-01 7.763300954880436588e-02 1.029111018031634711e-01 7.763300954880436588e-02 1.667440000000000033e-01 8.668228064163291391e-02 1.029111018031634711e-01 8.668228064163291391e-02 1.817310000000000314e-01
1.476510000000000045e-01 8.805815190813412463e-02 1.143615985565285820e-01 8.805815190813412463e-02 1.667440000000000033e-01 1.002586972068363197e-01 1.143615985565285820e-01 1.002586972068363197e-01 1.817310000000000314e-01
1.476510000000000045e-01 8.868914069111219489e-02 1.168977643788354920e-01 8.868914069111219489e-02 1.667440000000000033e-01 1.063894109218509743e-01 1.168977643788354920e-01 1.063894109218509743e-01 1.817310000000000314e-01
1.476510000000000045e-01 9.868281401187546653e-02 1.248541065879166523e-01 9.868281401187546653e-02 1.667440000000000033e-01 1.103596353659266199e-01 1.248541065879166523e-01 1.103596353659266199e-01 1.817310000000000314e-01
1.476510000000000045e-01 1.072589199609561006e-01 1.357087688622484467e-01 1.072589199609561006e-01 1.667440000000000033e-01 1.211883061602829492e-01 1.357087688622484467e-01 1.211883061602829492e-01 1.817310000000000314e-01
1.476510000000000045e-01 1.094047568992980723e-01 1.472797889699766216e-01 1.094047568992980723e-01 1.667440000000000033e-01 1.233674247169169319e-01 1.472797889699766216e-01 1.233674247169169319e-01 1.817310000000000314e-01
1.476510000000000045e-01 1.198699993108229278e-01 1.498374045237939878e-01 1.198699993108229278e-01 1.667440000000000033e-01 1.297405701714496873e-01 1.498374045237939878e-01 1.297405701714496873e-01 1.817310000000000314e-01
1.476510000000000045e-01 1.200880000000000003e-01 1.576590000000000213e-01 1.200880000000000003e-01 1.667440000000000033e-01 1.366920000000000357e-01 1.576590000000000213e-01 1.366920000000000357e-01 1.817310000000000314e-01
c: 
1.225000000000000089e+00
2.990000000000000213e+00
2.802999999999999936e+00
