CDF: 
4.699999999999999734e-01 6.500000000000000222e-01 8.299999999999999600e-01 1.000000000000000000e+00
1.700000000000000122e-01 2.500000000000000000e-01 3.599999999999999867e-01 1.000000000000000000e+00
2.800000000000000266e-01 3.900000000000000133e-01 5.100000000000000089e-01 1.000000000000000000e+00
sigma: 
1.287159999999999971e-01 1.003147749285023156e-03 2.939479240175934312e-03 1.003147749285023156e-03 1.707999999999999519e-01 5.089563519648689603e-03 2.939479240175934312e-03 5.089563519648689603e-03 2.000000000000000111e-01
1.287159999999999971e-01 4.613209491784919271e-03 1.074607698640453295e-02 4.613209491784919271e-03 1.707999999999999519e-01 9.409892220390731268e-03 1.074607698640453295e-02 9.409892220390731268e-03 2.000000000000000111e-01
1.287159999999999971e-01 1.184989132363522581e-02 1.310182650453894579e-02 1.184989132363522581e-02 1.707999999999999519e-01 1.692217427647500078e-02 1.310182650453894579e-02 1.692217427647500078e-02 2.000000000000000111e-01
1.287159999999999971e-01 1.332071482524644149e-02 2.313022306085042029e-02 1.332071482524644149e-02 1.707999999999999519e-01 3.252458730926351821e-02 2.313022306085042029e-02 3.252458730926351821e-02 2.000000000000000111e-01
1.287159999999999971e-01 1.848746805775903015e-02 2.808274420178460962e-02 1.848746805775903015e-02 1.707999999999999519e-01 3.443438889133906833e-02 2.808274420178460962e-02 3.443438889133906833e-02 2.000000000000000111e-01
1.287159999999999971e-01 2.230571177590321558e-02 3.209785457896451033e-02 2.230571177590321558e-02 1.707999999999999519e-01 4.802491297026095091e-02 3.209785457896451033e-02 4.802491297026095091e-02 2.000000000000000111e-01
1.287159999999999971e-01 2.776933782108041010e-02 3.949042321389402421e-02 2.776933782108041010e-02 1.707999999999999519e-01 5.729131344284170424e-02 3.949042321389402421e-02 5.729131344284170424e-02 2.000000000000000111e-01
1.287159999999999971e-01 3.219206977887335147e-02 4.505004632692732880e-02 3.219206977887335147e-02 1.707999999999999519e-01 6.327143005166468992e-02 4.505004632692732880e-02 6.327143005166468992e-02 2.000000000000000111e-01
1.287159999999999971e-01 3.910957688155474593e-02 5.112697352852160065e-02 3.910957688155474593e-02 1.707999999999999519e-01 7.023790226228858458e-02 5.112697352852160065e-02 7.023790226228858458e-02 2.000000000000000111e-01
1.287159999999999971e-01 4.221962749766289963e-02 5.676861313652371149e-02 4.221962749766289963e-02 1.707999999999999519e-01 7.828033050748790800e-02 5.676861313652371149e-02 7.828033050748790800e-02 2.000000000000000111e-01
1.287159999999999971e-01 4.615076252320496342e-02 6.403581421941925700e-02 4.615076252320496342e-02 1.707999999999999519e-01 8.640083700150991142e-02 6.403581421941925700e-02 8.640083700150991142e-02 2.000000000000000111e-01
1.287159999999999971e-01 5.049481819478540690e-02 7.258886185387564138e-02 5.049481819478540690e-02 1.707999999999999519e-01 9.288981426816274312e-02 7.258886185387564138e-02 9.288981426816274312e-02 2.000000000000000111e-01
1.287159999999999971e-01 5.608231972159582329e-02 7.669833912550814981e-02 5.608231972159582329e-02 1.707999999999999519e-01 1.060091773535410675e-01 7.669833912550814981e-02 1.060091773535410675e-01 2.000000000000000111e-01
1.287159999999999971e-01 5.937853846585233047e-02 8.052041859445852046e-02 5.937853846585233047e-02 1.707999999999999519e-01 1.148428038026809289e-01 8.052041859445852046e-02 1.148428038026809289e-01 2.000000000000000111e-01
1.287159999999999971e-01 6.265707052542981992e-02 9.014274199310966240e-02 6.265707052542981992e-02 1.707999999999999519e-01 1.232442794050641888e-01 9.014274199310966240e-02 1.232442794050641888e-01 2.000000000000000111e-01
1.287159999999999971e-01 6.793867474388812222e-02 9.351323705872675862e-02 6.793867474388812222e-02 1.707999999999999519e-01 1.306109049005049760e-01 9.351323705872675862e-02 1.306109049005049760e-01 2.000000000000000111e-01
1.287159999999999971e-01 7.226445573039247394e-02 1.012172996077727177e-01 7.226445573039247394e-02 1.707999999999999519e-01 1.387136116545316655e-01 1.012172996077727177e-01 1.387136116545316655e-01 2.000000000000000111e-01
1.287159999999999971e-01 7.841617116477779537e-02 1.081344323231676202e-01 7.841617116477779537e-02 1.707999999999999519e-01 1.437186973690048331e-01 1.081344323231676202e-01 1.437186973690048331e-01 2.000000000000000111e-01
1.287159999999999971e-01 8.221184917824696237e-02 1.141055802222468579e-01 8.221184917824696237e-02 1.707999999999999519e-01 1.574319357097589411e-01 1.141055802222468579e-01 1.574319357097589411e-01 2.000000000000000111e-01
1.287159999999999971e-01 8.340000000000000191e-02 1.175200000000000133e-01 8.340000000000000191e-02 1.707999999999999519e-01 1.583999999999999853e-01 1.175200000000000133e-01 1.583999999999999853e-01 2.000000000000000111e-01
c: 
2.442000000000000171e+00
1.294000000000000039e+00
2.672000000000000153e+00
