CDF: 
5.799999999999999600e-01 6.800000000000000488e-01 7.299999999999999822e-01 1.000000000000000000e+00
1.300000000000000044e-01 4.099999999999999756e-01 7.900000000000000355e-01 1.000000000000000000e+00
3.599999999999999867e-01 5.999999999999999778e-01 7.199999999999999734e-01 1.000000000000000000e+00
sigma: 
1.858999999999999542e-01 1.228537496927724479e-03 6.292542086341740976e-03 1.228537496927724479e-03 1.072760000000000102e-01 3.317745188035888925e-03 6.292542086341740976e-03 3.317745188035888925e-03 1.674239999999999895e-01
1.858999999999999542e-01 7.505277308134830454e-03 1.423974799968297927e-02 7.505277308134830454e-03 1.072760000000000102e-01 8.088582758144087850e-03 1.423974799968297927e-02 8.088582758144087850e-03 1.674239999999999895e-01
1.858999999999999542e-01 1.689476968890179717e-02 1.987391299265478875e-02 1.689476968890179717e-02 1.072760000000000102e-01 1.312867775383352344e-02 1.987391299265478875e-02 1.312867775383352344e-02 1.674239999999999895e-01
1.858999999999999542e-01 2.516147848682294061e-02 3.137436885564587330e-02 2.516147848682294061e-02 1.072760000000000102e-01 2.228509309940115632e-02 3.137436885564587330e-02 2.228509309940115632e-02 1.674239999999999895e-01
1.858999999999999542e-01 2.537580778840438367e-02 3.720855515394826118e-02 2.537580778840438367e-02 1.072760000000000102e-01 2.829627185316858570e-02 3.720855515394826118e-02 2.829627185316858570e-02 1.674239999999999895e-01
1.858999999999999542e-01 3.577470379112403231e-02 4.876471491034263528e-02 3.577470379112403231e-02 1.072760000000000102e-01 3.241673676825808370e-02 4.876471491034263528e-02 3.241673676825808370e-02 1.674239999999999895e-01
1.858999999999999542e-01 3.996815469555993483e-02 5.498458936185024459e-02 3.996815469555993483e-02 1.072760000000000102e-01 4.238681128274945920e-02 5.498458936185024459e-02 4.238681128274945920e-02 1.674239999999999895e-01
1.858999999999999542e-01 4.765132816710238722e-02 7.172913736449486322e-02 4.765132816710238722e-02 1.072760000000000102e-01 4.535750356805431233e-02 7.172913736449486322e-02 4.535750356805431233e-02 1.674239999999999895e-01
1.858999999999999542e-01 5.549547910625730884e-02 7.733220039611791996e-02 5.549547910625730884e-02 1.072760000000000102e-01 5.440174786183329947e-02 7.733220039611791996e-02 5.440174786183329947e-02 1.674239999999999895e-01
1.858999999999999542e-01 6.242527173970661286e-02 8.548910220126185178e-02 6.242527173970661286e-02 1.072760000000000102e-01 6.085942657030983527e-02 8.548910220126185178e-02 6.085942657030983527e-02 1.674239999999999895e-01
1.858999999999999542e-01 6.519774264635992689e-02 9.134867765603001122e-02 6.519774264635992689e-02 1.072760000000000102e-01 6.389622952445564441e-02 9.134867765603001122e-02 6.389622952445564441e-02 1.674239999999999895e-01
1.858999999999999542e-01 7.239162015846861697e-02 1.003664564600593445e-01 7.239162015846861697e-02 1.072760000000000102e-01 7.299308364289511242e-02 1.003664564600593445e-01 7.299308364289511242e-02 1.674239999999999895e-01
1.858999999999999542e-01 8.146446914023236507e-02 1.129276335494487221e-01 8.146446914023236507e-02 1.072760000000000102e-01 7.723039943429703402e-02 1.129276335494487221e-01 7.723039943429703402e-02 1.674239999999999895e-01
1.858999999999999542e-01 8.302256335235268236e-02 1.216035345786897343e-01 8.302256335235268236e-02 1.072760000000000102e-01 8.472888306317019613e-02 1.216035345786897343e-01 8.472888306317019613e-02 1.674239999999999895e-01
1.858999999999999542e-01 8.907298948897271473e-02 1.285193886133851326e-01 8.907298948897271473e-02 1.072760000000000102e-01 8.793806945180064616e-02 1.285193886133851326e-01 8.793806945180064616e-02 1.674239999999999895e-01
1.858999999999999542e-01 9.773136915771342415e-02 1.416495650654587823e-01 9.773136915771342415e-02 1.072760000000000102e-01 9.332301703245894642e-02 1.416495650654587823e-01 9.332301703245894642e-02 1.674239999999999895e-01
1.858999999999999542e-01 1.047255428931571225e-01 1.490381651215447467e-01 1.047255428931571225e-01 1.072760000000000102e-01 1.017422300996917300e-01 1.490381651215447467e-01 1.017422300996917300e-01 1.674239999999999895e-01
1.858999999999999542e-01 1.099064424210290936e-01 1.533513161558129057e-01 1.099064424210290936e-01 1.072760000000000102e-01 1.059675549870181116e-01 1.533513161558129057e-01 1.059675549870181116e-01 1.674239999999999895e-01
1.858999999999999542e-01 1.143466778721308752e-01 1.675539361266622784e-01 1.143466778721308752e-01 1.072760000000000102e-01 1.124085652028790905e-01 1.675539361266622784e-01 1.124085652028790905e-01 1.674239999999999895e-01
1.858999999999999542e-01 1.204199999999999993e-01 1.710399999999999698e-01 1.204199999999999993e-01 1.072760000000000102e-01 1.172320000000000029e-01 1.710399999999999698e-01 1.172320000000000029e-01 1.674239999999999895e-01
c: 
1.546000000000000041e+00
2.726999999999999869e+00
2.597999999999999865e+00
