CDF: 
3.800000000000000044e-01 4.699999999999999734e-01 9.200000000000000400e-01 1.000000000000000000e+00
3.200000000000000067e-01 7.199999999999999734e-01 8.800000000000000044e-01 1.000000000000000000e+00
4.500000000000000111e-01 5.699999999999999512e-01 7.399999999999999911e-01 1.000000000000000000e+00
sigma: 
7.831599999999999673e-02 2.643696945423403694e-03 2.329785554436416932e-03 2.643696945423403694e-03 9.190399999999998570e-02 4.238969238450521898e-03 2.329785554436416932e-03 4.238969238450521898e-03 1.680959999999999954e-01
7.831599999999999673e-02 5.160726879217276269e-03 7.714851312934245357e-03 5.160726879217276269e-03 9.190399999999998570e-02 8.728414827652327193e-03 7.714851312934245357e-03 8.728414827652327193e-03 1.680959999999999954e-01
7.831599999999999673e-02 8.831470153610422244e-03 1.128850697074456830e-02 8.831470153610422244e-03 9.190399999999998570e-02 1.282148271677079412e-02 1.128850697074456830e-02 1.282148271677079412e-02 1.680959999999999954e-01
7.831599999999999673e-02 1.196097158680450509e-02 1.698720129073438487e-02 1.196097158680450509e-02 9.190399999999998570e-02 1.836882888671196451e-02 1.698720129073438487e-02 1.836882888671196451e-02 1.680959999999999954e-01
7.831599999999999673e-02 1.836426160958970141e-02 1.965400424388384984e-02 1.836426160958970141e-02 9.190399999999998570e-02 2.628493697839041215e-02 1.965400424388384984e-02 2.628493697839041215e-02 1.680959999999999954e-01
7.831599999999999673e-02 1.894670701296604851e-02 2.460359436946674486e-02 1.894670701296604851e-02 9.190399999999998570e-02 3.008708424140094095e-02 2.460359436946674486e-02 3.008708424140094095e-02 1.680959999999999954e-01
7.831599999999999673e-02 2.365213039160508901e-02 2.896631275462841285e-02 2.365213039160508901e-02 9.190399999999998570e-02 3.740353993343328853e-02 2.896631275462841285e-02 3.740353993343328853e-02 1.680959999999999954e-01
7.831599999999999673e-02 2.831114470153468787e-02 3.558408007527726763e-02 2.831114470153468787e-02 9.190399999999998570e-02 4.076961655922753391e-02 3.558408007527726763e-02 4.076961655922753391e-02 1.680959999999999954e-01
7.831599999999999673e-02 3.219009495559532058e-02 3.910648179768882321e-02 3.219009495559532058e-02 9.190399999999998570e-02 4.424500766803124430e-02 3.910648179768882321e-02 4.424500766803124430e-02 1.680959999999999954e-01
7.831599999999999673e-02 3.697445377910141967e-02 4.329626493532897497e-02 3.697445377910141967e-02 9.190399999999998570e-02 5.117565275479247361e-02 4.329626493532897497e-02 5.117565275479247361e-02 1.680959999999999954e-01
7.831599999999999673e-02 3.987031987630836743e-02 4.917401177403280671e-02 3.987031987630836743e-02 9.190399999999998570e-02 5.689295513737488430e-02 4.917401177403280671e-02 5.689295513737488430e-02 1.680959999999999954e-01
7.831599999999999673e-02 4.388579025345248907e-02 5.366165056571817887e-02 4.388579025345248907e-02 9.190399999999998570e-02 6.168666444844502633e-02 5.366165056571817887e-02 6.168666444844502633e-02 1.680959999999999954e-01
7.831599999999999673e-02 4.884142537766718306e-02 5.806662592054877281e-02 4.884142537766718306e-02 9.190399999999998570e-02 6.806173316860725242e-02 5.806662592054877281e-02 6.806173316860725242e-02 1.680959999999999954e-01
7.831599999999999673e-02 4.962722814818372463e-02 6.211272507033609169e-02 4.962722814818372463e-02 9.190399999999998570e-02 7.436394924314433663e-02 6.211272507033609169e-02 7.436394924314433663e-02 1.680959999999999954e-01
7.831599999999999673e-02 5.614251944776487563e-02 7.024595588841689442e-02 5.614251944776487563e-02 9.190399999999998570e-02 7.842552133090968658e-02 7.024595588841689442e-02 7.842552133090968658e-02 1.680959999999999954e-01
7.831599999999999673e-02 5.733303076557209887e-02 7.487445060276060049e-02 5.733303076557209887e-02 9.190399999999998570e-02 8.446748797875186510e-02 7.487445060276060049e-02 8.446748797875186510e-02 1.680959999999999954e-01
7.831599999999999673e-02 6.140941023349483219e-02 7.946369640446268590e-02 6.140941023349483219e-02 9.190399999999998570e-02 9.030495113548554775e-02 7.946369640446268590e-02 9.030495113548554775e-02 1.680959999999999954e-01
7.831599999999999673e-02 6.625762799122314473e-02 8.077424843763562901e-02 6.625762799122314473e-02 9.190399999999998570e-02 9.360555780945511994e-02 8.077424843763562901e-02 9.360555780945511994e-02 1.680959999999999954e-01
7.831599999999999673e-02 6.894916395598521541e-02 8.784172852299269862e-02 6.894916395598521541e-02 9.190399999999998570e-02 1.009463736334487438e-01 8.784172852299269862e-02 1.009463736334487438e-01 1.680959999999999954e-01
7.831599999999999673e-02 7.180800000000001071e-02 9.014400000000000190e-02 7.180800000000001071e-02 9.190399999999998570e-02 1.030719999999999970e-01 9.014400000000000190e-02 1.030719999999999970e-01 1.680959999999999954e-01
c: 
1.397999999999999909e+00
2.152000000000000135e+00
2.015000000000000124e+00
