CDF: 
1.499999999999999944e-01 1.799999999999999933e-01 5.999999999999999778e-01 1.000000000000000000e+00
4.400000000000000022e-01 5.000000000000000000e-01 5.400000000000000355e-01 1.000000000000000000e+00
5.200000000000000178e-01 6.300000000000000044e-01 6.700000000000000400e-01 1.000000000000000000e+00
sigma: 
1.389239999999999919e-01 3.592952578514895228e-03 4.233891350126264830e-03 3.592952578514895228e-03 2.306559999999999722e-01 4.681446842329981504e-03 4.233891350126264830e-03 4.681446842329981504e-03 2.053760000000000308e-01
1.389239999999999919e-01 1.294050401885369142e-02 1.395556683748033419e-02 1.294050401885369142e-02 2.306559999999999722e-01 1.609865372233016192e-02 1.395556683748033419e-02 1.609865372233016192e-02 2.053760000000000308e-01
1.389239999999999919e-01 1.957423655251406408e-02 2.219394085755696175e-02 1.957423655251406408e-02 2.306559999999999722e-01 2.463240533239630797e-02 2.219394085755696175e-02 2.463240533239630797e-02 2.053760000000000308e-01
1.389239999999999919e-01 3.057349946712936348e-02 2.750733676327085653e-02 3.057349946712936348e-02 2.306559999999999722e-01 2.949864935194739662e-02 2.750733676327085653e-02 2.949864935194739662e-02 2.053760000000000308e-01
1.389239999999999919e-01 4.054090579106584685e-02 3.703321952128866418e-02 4.054090579106584685e-02 2.306559999999999722e-01 4.744427233276521383e-02 3.703321952128866418e-02 4.744427233276521383e-02 2.053760000000000308e-01
1.389239999999999919e-01 4.393171894204556116e-02 4.597058080736396435e-02 4.393171894204556116e-02 2.306559999999999722e-01 5.365893280273920790e-02 4.597058080736396435e-02 5.365893280273920790e-02 2.053760000000000308e-01
1.389239999999999919e-01 5.442468092383495604e-02 5.117584505246876997e-02 5.442468092383495604e-02 2.306559999999999722e-01 6.172825483187482920e-02 5.117584505246876997e-02 6.172825483187482920e-02 2.053760000000000308e-01
1.389239999999999919e-01 6.186538431063613730e-02 6.122935617889969234e-02 6.186538431063613730e-02 2.306559999999999722e-01 6.914153845528919762e-02 6.122935617889969234e-02 6.914153845528919762e-02 2.053760000000000308e-01
1.389239999999999919e-01 6.651976507086089507e-02 6.213680080610731876e-02 6.651976507086089507e-02 2.306559999999999722e-01 7.884355667731079986e-02 6.213680080610731876e-02 7.884355667731079986e-02 2.053760000000000308e-01
1.389239999999999919e-01 7.894997007648563159e-02 7.618356367967546450e-02 7.894997007648563159e-02 2.306559999999999722e-01 9.771946900198598407e-02 7.618356367967546450e-02 9.771946900198598407e-02 2.053760000000000308e-01
1.389239999999999919e-01 8.823359213498667419e-02 7.899159862237677132e-02 8.823359213498667419e-02 2.306559999999999722e-01 1.023463906183440797e-01 7.899159862237677132e-02 1.023463906183440797e-01 2.053760000000000308e-01
1.389239999999999919e-01 9.401910974032891277e-02 8.989777837044060638e-02 9.401910974032891277e-02 2.306559999999999722e-01 1.155677882386391964e-01 8.989777837044060638e-02 1.155677882386391964e-01 2.053760000000000308e-01
1.389239999999999919e-01 1.040260943810730199e-01 9.698422964567804394e-02 1.040260943810730199e-01 2.306559999999999722e-01 1.222240727381905950e-01 9.698422964567804394e-02 1.222240727381905950e-01 2.053760000000000308e-01
1.389239999999999919e-01 1.100149579194577981e-01 1.077744558803964137e-01 1.100149579194577981e-01 2.306559999999999722e-01 1.298210310216449948e-01 1.077744558803964137e-01 1.298210310216449948e-01 2.053760000000000308e-01
1.389239999999999919e-01 1.222330322991062035e-01 1.152194771610530188e-01 1.222330322991062035e-01 2.306559999999999722e-01 1.415302347262772931e-01 1.152194771610530188e-01 1.415302347262772931e-01 2.053760000000000308e-01
1.389239999999999919e-01 1.285740627807033798e-01 1.162372904349319724e-01 1.285740627807033798e-01 2.306559999999999722e-01 1.496644470878532307e-01 1.162372904349319724e-01 1.496644470878532307e-01 2.053760000000000308e-01
1.389239999999999919e-01 1.313922735920088347e-01 1.277762243350424598e-01 1.313922735920088347e-01 2.306559999999999722e-01 1.594819617953477930e-01 1.277762243350424598e-01 1.594819617953477930e-01 2.053760000000000308e-01
1.389239999999999919e-01 1.410179675010236611e-01 1.331477510152503374e-01 1.410179675010236611e-01 2.306559999999999722e-01 1.702069164313520788e-01 1.331477510152503374e-01 1.702069164313520788e-01 2.053760000000000308e-01
1.389239999999999919e-01 1.546692661532270696e-01 1.418198121048697413e-01 1.546692661532270696e-01 2.306559999999999722e-01 1.857276653733627159e-01 1.418198121048697413e-01 1.857276653733627159e-01 2.053760000000000308e-01
1.389239999999999919e-01 1.550880000000000036e-01 1.471679999999999933e-01 1.550880000000000036e-01 2.306559999999999722e-01 1.860160000000000147e-01 1.471679999999999933e-01 1.860160000000000147e-01 2.053760000000000308e-01
c: 
2.579000000000000181e+00
1.143999999999999906e+00
2.209999999999999964e+00
