CDF: 
4.099999999999999756e-01 6.300000000000000044e-01 8.599999999999999867e-01 1.000000000000000000e+00
1.600000000000000033e-01 5.799999999999999600e-01 6.500000000000000222e-01 1.000000000000000000e+00
1.799999999999999933e-01 4.600000000000000200e-01 8.299999999999999600e-01 1.000000000000000000e+00
sigma: 
1.095390000000000114e-01 7.069963373963162809e-04 1.611329836613136293e-03 7.069963373963162809e-04 1.899310000000000165e-01 2.735675981217565444e-03 1.611329836613136293e-03 2.735675981217565444e-03 1.106190000000000229e-01
1.095390000000000114e-01 9.661098838765638450e-03 5.941497142554469542e-03 9.661098838765638450e-03 1.899310000000000165e-01 1.138199786819983801e-02 5.941497142554469542e-03 1.138199786819983801e-02 1.106190000000000229e-01
1.095390000000000114e-01 1.622963493102026408e-02 1.591933062221306816e-02 1.622963493102026408e-02 1.899310000000000165e-01 1.274944789027088708e-02 1.591933062221306816e-02 1.274944789027088708e-02 1.106190000000000229e-01
1.095390000000000114e-01 1.918971894413815452e-02 2.061901061596379398e-02 1.918971894413815452e-02 1.899310000000000165e-01 2.210129309582715279e-02 2.061901061596379398e-02 2.210129309582715279e-02 1.106190000000000229e-01
1.095390000000000114e-01 2.809298416713852664e-02 2.398330274172663298e-02 2.809298416713852664e-02 1.899310000000000165e-01 2.730458477020459435e-02 2.398330274172663298e-02 2.730458477020459435e-02 1.106190000000000229e-01
1.095390000000000114e-01 3.308069504048141013e-02 2.810890920122652639e-02 3.308069504048141013e-02 1.899310000000000165e-01 3.201779696335566722e-02 2.810890920122652639e-02 3.201779696335566722e-02 1.106190000000000229e-01
1.095390000000000114e-01 4.030752669609636435e-02 3.285452426806712706e-02 4.030752669609636435e-02 1.899310000000000165e-01 3.913715953234101624e-02 3.285452426806712706e-02 3.913715953234101624e-02 1.106190000000000229e-01
1.095390000000000114e-01 4.339729726267722854e-02 3.902934332394100009e-02 4.339729726267722854e-02 1.899310000000000165e-01 4.384071487907292147e-02 3.902934332394100009e-02 4.384071487907292147e-02 1.106190000000000229e-01
1.095390000000000114e-01 4.997312852786420234e-02 4.653571781908030086e-02 4.997312852786420234e-02 1.899310000000000165e-01 4.735406129503987038e-02 4.653571781908030086e-02 4.735406129503987038e-02 1.106190000000000229e-01
1.095390000000000114e-01 5.337336194715069926e-02 4.838009966497523739e-02 5.337336194715069926e-02 1.899310000000000165e-01 5.179466514965159335e-02 4.838009966497523739e-02 5.179466514965159335e-02 1.106190000000000229e-01
1.095390000000000114e-01 6.427368274215740362e-02 5.600478218156362820e-02 6.427368274215740362e-02 1.899310000000000165e-01 6.115469184613137738e-02 5.600478218156362820e-02 6.115469184613137738e-02 1.106190000000000229e-01
1.095390000000000114e-01 6.976106900480071038e-02 6.202669202293193546e-02 6.976106900480071038e-02 1.899310000000000165e-01 6.331068865819433622e-02 6.202669202293193546e-02 6.331068865819433622e-02 1.106190000000000229e-01
1.095390000000000114e-01 7.261409591022625898e-02 6.408676278465155751e-02 7.261409591022625898e-02 1.899310000000000165e-01 7.391697164817419285e-02 6.408676278465155751e-02 7.391697164817419285e-02 1.106190000000000229e-01
1.095390000000000114e-01 8.134657773850620388e-02 6.974655303617739721e-02 8.134657773850620388e-02 1.899310000000000165e-01 7.676398968863082373e-02 6.974655303617739721e-02 7.676398968863082373e-02 1.106190000000000229e-01
1.095390000000000114e-01 8.764177090076399890e-02 7.551653625233083200e-02 8.764177090076399890e-02 1.899310000000000165e-01 8.220272679141572836e-02 7.551653625233083200e-02 8.220272679141572836e-02 1.106190000000000229e-01
1.095390000000000114e-01 8.936370855985945050e-02 8.242972095068051841e-02 8.936370855985945050e-02 1.899310000000000165e-01 9.156117110745588816e-02 8.242972095068051841e-02 9.156117110745588816e-02 1.106190000000000229e-01
1.095390000000000114e-01 9.521168045669026192e-02 8.631368053912590044e-02 9.521168045669026192e-02 1.899310000000000165e-01 9.573634486933033094e-02 8.631368053912590044e-02 9.573634486933033094e-02 1.106190000000000229e-01
1.095390000000000114e-01 1.031410005874310032e-01 9.423041581213845164e-02 1.031410005874310032e-01 1.899310000000000165e-01 1.023004203360592806e-01 9.423041581213845164e-02 1.023004203360592806e-01 1.106190000000000229e-01
1.095390000000000114e-01 1.114380494375935698e-01 9.939509881086204535e-02 1.114380494375935698e-01 1.899310000000000165e-01 1.060648224388408972e-01 9.939509881086204535e-02 1.060648224388408972e-01 1.106190000000000229e-01
1.095390000000000114e-01 1.125970000000000026e-01 1.012210000000000054e-01 1.125970000000000026e-01 1.899310000000000165e-01 1.090830000000000133e-01 1.012210000000000054e-01 1.090830000000000133e-01 1.106190000000000229e-01
c: 
2.724000000000000199e+00
2.509999999999999787e+00
2.065999999999999837e+00
