CDF: 
2.399999999999999911e-01 2.600000000000000089e-01 7.399999999999999911e-01 1.000000000000000000e+00
2.099999999999999922e-01 3.499999999999999778e-01 7.099999999999999645e-01 1.000000000000000000e+00
4.600000000000000200e-01 5.300000000000000266e-01 7.800000000000000266e-01 1.000000000000000000e+00
sigma: 
1.385639999999999927e-01 4.290518128414863054e-03 6.861120978892390823e-03 4.290518128414863054e-03 1.540560000000000263e-01 5.682262723867137662e-03 6.861120978892390823e-03 5.682262723867137662e-03 1.519960000000000200e-01
1.385639999999999927e-01 1.115400520336135536e-02 8.549253505165202785e-03 1.115400520336135536e-02 1.540560000000000263e-01 7.196097720616211925e-03 8.549253505165202785e-03 7.196097720616211925e-03 1.519960000000000200e-01
1.385639999999999927e-01 1.906276760019376057e-02 1.420987896289269310e-02 1.906276760019376057e-02 1.540560000000000263e-01 1.823772028059724229e-02 1.420987896289269310e-02 1.823772028059724229e-02 1.519960000000000200e-01
1.385639999999999927e-01 2.370487621204369483e-02 2.181808602362198674e-02 2.370487621204369483e-02 1.540560000000000263e-01 2.549645039495838580e-02 2.181808602362198674e-02 2.549645039495838580e-02 1.519960000000000200e-01
1.385639999999999927e-01 3.075761976027546057e-02 3.428722917562504469e-02 3.075761976027546057e-02 1.540560000000000263e-01 3.323518179919954241e-02 3.428722917562504469e-02 3.323518179919954241e-02 1.519960000000000200e-01
1.385639999999999927e-01 3.740807174873955060e-02 3.745909077129055270e-02 3.740807174873955060e-02 1.540560000000000263e-01 4.043051442338133766e-02 3.745909077129055270e-02 4.043051442338133766e-02 1.519960000000000200e-01
1.385639999999999927e-01 4.976791620374824976e-02 4.652903087031891316e-02 4.976791620374824976e-02 1.540560000000000263e-01 4.657319361707853295e-02 4.652903087031891316e-02 4.657319361707853295e-02 1.519960000000000200e-01
1.385639999999999927e-01 5.139165492623568032e-02 5.042613974424997592e-02 5.139165492623568032e-02 1.540560000000000263e-01 5.677535084517662534e-02 5.042613974424997592e-02 5.677535084517662534e-02 1.519960000000000200e-01
1.385639999999999927e-01 6.024229457860454107e-02 5.784241922671766456e-02 6.024229457860454107e-02 1.540560000000000263e-01 5.978496306462485060e-02 5.784241922671766456e-02 5.978496306462485060e-02 1.519960000000000200e-01
1.385639999999999927e-01 6.580127317203271486e-02 6.216396791530340998e-02 6.580127317203271486e-02 1.540560000000000263e-01 6.403130743042206863e-02 6.216396791530340998e-02 6.403130743042206863e-02 1.519960000000000200e-01
1.385639999999999927e-01 7.888482265634910728e-02 7.295563728438211881e-02 7.888482265634910728e-02 1.540560000000000263e-01 7.253075043432291591e-02 7.295563728438211881e-02 7.253075043432291591e-02 1.519960000000000200e-01
1.385639999999999927e-01 8.650783000085603136e-02 7.667239305342002376e-02 8.650783000085603136e-02 1.540560000000000263e-01 8.182781253704633773e-02 7.667239305342002376e-02 8.182781253704633773e-02 1.519960000000000200e-01
1.385639999999999927e-01 9.068328104318656990e-02 8.692313374709541296e-02 9.068328104318656990e-02 1.540560000000000263e-01 8.874835498418302826e-02 8.692313374709541296e-02 8.874835498418302826e-02 1.519960000000000200e-01
1.385639999999999927e-01 9.544469935631946789e-02 9.557243755248048811e-02 9.544469935631946789e-02 1.540560000000000263e-01 9.743196644460858091e-02 9.557243755248048811e-02 9.743196644460858091e-02 1.519960000000000200e-01
1.385639999999999927e-01 1.078937330145707946e-01 9.959274860170885812e-02 1.078937330145707946e-01 1.540560000000000263e-01 9.982069731902083742e-02 9.959274860170885812e-02 9.982069731902083742e-02 1.519960000000000200e-01
1.385639999999999927e-01 1.151036831918973297e-01 1.064230400727217002e-01 1.151036831918973297e-01 1.540560000000000263e-01 1.101793217360865079e-01 1.064230400727217002e-01 1.101793217360865079e-01 1.519960000000000200e-01
1.385639999999999927e-01 1.171311729323995243e-01 1.125790827108852921e-01 1.171311729323995243e-01 1.540560000000000263e-01 1.146170706021700791e-01 1.125790827108852921e-01 1.146170706021700791e-01 1.519960000000000200e-01
1.385639999999999927e-01 1.284677376216653566e-01 1.231825564581725818e-01 1.284677376216653566e-01 1.540560000000000263e-01 1.240925254108375397e-01 1.231825564581725818e-01 1.240925254108375397e-01 1.519960000000000200e-01
1.385639999999999927e-01 1.336811357693307445e-01 1.284946857111872731e-01 1.336811357693307445e-01 1.540560000000000263e-01 1.322105191162559479e-01 1.284946857111872731e-01 1.322105191162559479e-01 1.519960000000000200e-01
1.385639999999999927e-01 1.370280000000000109e-01 1.303880000000000039e-01 1.370280000000000109e-01 1.540560000000000263e-01 1.348759999999999959e-01 1.303880000000000039e-01 1.348759999999999959e-01 1.519960000000000200e-01
c: 
2.396999999999999797e+00
2.198999999999999844e+00
2.289000000000000146e+00
