CDF: 
2.899999999999999800e-01 3.099999999999999978e-01 3.300000000000000155e-01 1.000000000000000000e+00
3.900000000000000133e-01 7.099999999999999645e-01 8.900000000000000133e-01 1.000000000000000000e+00
4.500000000000000111e-01 4.799999999999999822e-01 5.400000000000000355e-01 1.000000000000000000e+00
sigma: 
2.123160000000000325e-01 1.716262323429058141e-03 6.727787717399050151e-04 1.716262323429058141e-03 9.098399999999999543e-02 4.040213138818647513e-03 6.727787717399050151e-04 4.040213138818647513e-03 2.343390000000000195e-01
2.123160000000000325e-01 5.184179774800995628e-03 9.457378209770548813e-03 5.184179774800995628e-03 9.098399999999999543e-02 8.443131277037442886e-03 9.457378209770548813e-03 8.443131277037442886e-03 2.343390000000000195e-01
2.123160000000000325e-01 7.233268140418207606e-03 2.280595320823172734e-02 7.233268140418207606e-03 9.098399999999999543e-02 9.532326362886181861e-03 2.280595320823172734e-02 9.532326362886181861e-03 2.343390000000000195e-01
2.123160000000000325e-01 1.095963790992348849e-02 2.592924713177900339e-02 1.095963790992348849e-02 9.098399999999999543e-02 1.725362321636260410e-02 2.592924713177900339e-02 1.725362321636260410e-02 2.343390000000000195e-01
2.123160000000000325e-01 1.520251359333719098e-02 3.817688826851881045e-02 1.520251359333719098e-02 9.098399999999999543e-02 2.028919769271939066e-02 3.817688826851881045e-02 2.028919769271939066e-02 2.343390000000000195e-01
2.123160000000000325e-01 1.869482593979160737e-02 4.804765773193993977e-02 1.869482593979160737e-02 9.098399999999999543e-02 2.491275208308012593e-02 4.804765773193993977e-02 2.491275208308012593e-02 2.343390000000000195e-01
2.123160000000000325e-01 2.114685087264063512e-02 5.115548698026405050e-02 2.114685087264063512e-02 9.098399999999999543e-02 2.815402911804519223e-02 5.115548698026405050e-02 2.815402911804519223e-02 2.343390000000000195e-01
2.123160000000000325e-01 2.472634645105975526e-02 5.973778501243210554e-02 2.472634645105975526e-02 9.098399999999999543e-02 3.622055120742911916e-02 5.973778501243210554e-02 3.622055120742911916e-02 2.343390000000000195e-01
2.123160000000000325e-01 2.891324162787799884e-02 6.688009184497681336e-02 2.891324162787799884e-02 9.098399999999999543e-02 4.142547013424743158e-02 6.688009184497681336e-02 4.142547013424743158e-02 2.343390000000000195e-01
2.123160000000000325e-01 3.209887932511248931e-02 7.847154492468365328e-02 3.209887932511248931e-02 9.098399999999999543e-02 4.489810533118937519e-02 7.847154492468365328e-02 4.489810533118937519e-02 2.343390000000000195e-01
2.123160000000000325e-01 3.421563096551209077e-02 8.435192184642002766e-02 3.421563096551209077e-02 9.098399999999999543e-02 4.931552611476043568e-02 8.435192184642002766e-02 4.931552611476043568e-02 2.343390000000000195e-01
2.123160000000000325e-01 3.867032698588952766e-02 9.030674619217560206e-02 3.867032698588952766e-02 9.098399999999999543e-02 5.299755596061112711e-02 9.030674619217560206e-02 5.299755596061112711e-02 2.343390000000000195e-01
2.123160000000000325e-01 4.279556801199387028e-02 9.976656245951122381e-02 4.279556801199387028e-02 9.098399999999999543e-02 5.779332637569237902e-02 9.976656245951122381e-02 5.779332637569237902e-02 2.343390000000000195e-01
2.123160000000000325e-01 4.395278580835339233e-02 1.071307470421666713e-01 4.395278580835339233e-02 9.098399999999999543e-02 6.345744786090516676e-02 1.071307470421666713e-01 6.345744786090516676e-02 2.343390000000000195e-01
2.123160000000000325e-01 4.685923281726833006e-02 1.194967504328354191e-01 4.685923281726833006e-02 9.098399999999999543e-02 6.755636158650246692e-02 1.194967504328354191e-01 6.755636158650246692e-02 2.343390000000000195e-01
2.123160000000000325e-01 5.023918032435733400e-02 1.245852889125373258e-01 5.023918032435733400e-02 9.098399999999999543e-02 7.471883539198682922e-02 1.245852889125373258e-01 7.471883539198682922e-02 2.343390000000000195e-01
2.123160000000000325e-01 5.381292747536045584e-02 1.339138622062939765e-01 5.381292747536045584e-02 9.098399999999999543e-02 7.648958212136844348e-02 1.339138622062939765e-01 7.648958212136844348e-02 2.343390000000000195e-01
2.123160000000000325e-01 5.800842678134478236e-02 1.447522851658458176e-01 5.800842678134478236e-02 9.098399999999999543e-02 8.269932118459182024e-02 1.447522851658458176e-01 8.269932118459182024e-02 2.343390000000000195e-01
2.123160000000000325e-01 6.227514095283736423e-02 1.469018028081657823e-01 6.227514095283736423e-02 9.098399999999999543e-02 8.645557770309969525e-02 1.469018028081657823e-01 8.645557770309969525e-02 2.343390000000000195e-01
2.123160000000000325e-01 6.311199999999998755e-02 1.548819999999999919e-01 6.311199999999998755e-02 9.098399999999999543e-02 8.882399999999998630e-02 1.548819999999999919e-01 8.882399999999998630e-02 2.343390000000000195e-01
c: 
2.831999999999999851e+00
1.147999999999999909e+00
1.973999999999999977e+00
