CDF: 
2.200000000000000011e-01 6.199999999999999956e-01 7.600000000000000089e-01 1.000000000000000000e+00
1.100000000000000006e-01 3.300000000000000155e-01 8.100000000000000533e-01 1.000000000000000000e+00
1.300000000000000044e-01 3.599999999999999867e-01 7.900000000000000355e-01 1.000000000000000000e+00
sigma: 
1.370239999999999791e-01 1.832579907406713549e-03 1.183777915643868459e-03 1.832579907406713549e-03 9.412400000000001321e-02 4.163243980346281216e-03 1.183777915643868459e-03 4.163243980346281216e-03 1.048159999999999925e-01
1.370239999999999791e-01 6.179273485054893704e-03 8.717227719003598982e-03 6.179273485054893704e-03 9.412400000000001321e-02 8.799979956928098701e-03 8.717227719003598982e-03 8.799979956928098701e-03 1.048159999999999925e-01
1.370239999999999791e-01 1.187220956044421002e-02 1.615277361552717658e-02 1.187220956044421002e-02 9.412400000000001321e-02 1.142285672154640976e-02 1.615277361552717658e-02 1.142285672154640976e-02 1.048159999999999925e-01
1.370239999999999791e-01 1.646559692017442872e-02 1.743914694360947787e-02 1.646559692017442872e-02 9.412400000000001321e-02 1.579292131549836498e-02 1.743914694360947787e-02 1.579292131549836498e-02 1.048159999999999925e-01
1.370239999999999791e-01 2.235106468617674078e-02 2.700523310421728065e-02 2.235106468617674078e-02 9.412400000000001321e-02 2.222818971642670505e-02 2.700523310421728065e-02 2.222818971642670505e-02 1.048159999999999925e-01
1.370239999999999791e-01 2.814578706524380539e-02 3.454713937247602673e-02 2.814578706524380539e-02 9.412400000000001321e-02 2.773537660654154524e-02 3.454713937247602673e-02 2.773537660654154524e-02 1.048159999999999925e-01
1.370239999999999791e-01 3.240095107854983059e-02 3.760750851185420962e-02 3.240095107854983059e-02 9.412400000000001321e-02 3.277802601805347021e-02 3.760750851185420962e-02 3.277802601805347021e-02 1.048159999999999925e-01
1.370239999999999791e-01 3.787177534465718115e-02 4.513298798955610314e-02 3.787177534465718115e-02 9.412400000000001321e-02 3.783674341458875823e-02 4.513298798955610314e-02 3.783674341458875823e-02 1.048159999999999925e-01
1.370239999999999791e-01 4.674123508768705110e-02 4.688351462762156002e-02 4.674123508768705110e-02 9.412400000000001321e-02 4.204227373978565441e-02 4.688351462762156002e-02 4.204227373978565441e-02 1.048159999999999925e-01
1.370239999999999791e-01 4.774463540513730619e-02 5.727777222886780428e-02 4.774463540513730619e-02 9.412400000000001321e-02 4.799471812267426529e-02 5.727777222886780428e-02 4.799471812267426529e-02 1.048159999999999925e-01
1.370239999999999791e-01 5.558539976281109268e-02 5.811061669383757455e-02 5.558539976281109268e-02 9.412400000000001321e-02 5.388550443114818039e-02 5.811061669383757455e-02 5.388550443114818039e-02 1.048159999999999925e-01
1.370239999999999791e-01 6.085309797310375218e-02 6.589800569235383654e-02 6.085309797310375218e-02 9.412400000000001321e-02 5.940505550670758389e-02 6.589800569235383654e-02 5.940505550670758389e-02 1.048159999999999925e-01
1.370239999999999791e-01 6.488050088776994850e-02 6.957863889615396868e-02 6.488050088776994850e-02 9.412400000000001321e-02 6.230621141335495466e-02 6.957863889615396868e-02 6.230621141335495466e-02 1.048159999999999925e-01
1.370239999999999791e-01 6.939805321067264721e-02 7.803863295104317144e-02 6.939805321067264721e-02 9.412400000000001321e-02 6.771022866487583225e-02 7.803863295104317144e-02 6.771022866487583225e-02 1.048159999999999925e-01
1.370239999999999791e-01 7.738391296299747257e-02 8.549307013292502255e-02 7.738391296299747257e-02 9.412400000000001321e-02 7.416180997373297834e-02 8.549307013292502255e-02 7.416180997373297834e-02 1.048159999999999925e-01
1.370239999999999791e-01 8.151967057333887878e-02 8.680130129898099012e-02 8.151967057333887878e-02 9.412400000000001321e-02 7.559179695389671438e-02 8.680130129898099012e-02 7.559179695389671438e-02 1.048159999999999925e-01
1.370239999999999791e-01 8.612775183475399055e-02 9.297473818142690249e-02 8.612775183475399055e-02 9.412400000000001321e-02 8.469487964664876301e-02 9.297473818142690249e-02 8.469487964664876301e-02 1.048159999999999925e-01
1.370239999999999791e-01 8.974064175629539730e-02 1.006596630507477219e-01 8.974064175629539730e-02 9.412400000000001321e-02 8.503123295649817059e-02 1.006596630507477219e-01 8.503123295649817059e-02 1.048159999999999925e-01
1.370239999999999791e-01 9.493071037580252947e-02 1.092219741263279476e-01 9.493071037580252947e-02 9.412400000000001321e-02 9.446604268879639499e-02 1.092219741263279476e-01 9.446604268879639499e-02 1.048159999999999925e-01
1.370239999999999791e-01 9.982399999999999607e-02 1.098719999999999974e-01 9.982399999999999607e-02 9.412400000000001321e-02 9.487199999999999800e-02 1.098719999999999974e-01 9.487199999999999800e-02 1.048159999999999925e-01
c: 
2.435000000000000053e+00
1.524999999999999911e+00
2.499000000000000110e+00
