CDF: 
3.200000000000000067e-01 5.000000000000000000e-01 9.000000000000000222e-01 1.000000000000000000e+00
3.300000000000000155e-01 3.499999999999999778e-01 9.100000000000000311e-01 1.000000000000000000e+00
3.599999999999999867e-01 4.299999999999999933e-01 5.400000000000000355e-01 1.000000000000000000e+00
sigma: 
8.358399999999999164e-02 3.722580345441342271e-03 3.397804123395586646e-03 3.722580345441342271e-03 7.927600000000001312e-02 4.799718127708639363e-03 3.397804123395586646e-03 4.799718127708639363e-03 2.120759999999999867e-01
8.358399999999999164e-02 5.134674197736356464e-03 6.313258713783852748e-03 5.134674197736356464e-03 7.927600000000001312e-02 9.470533640180462190e-03 6.313258713783852748e-03 9.470533640180462190e-03 2.120759999999999867e-01
8.358399999999999164e-02 1.069901067812363375e-02 1.270401882329997255e-02 1.069901067812363375e-02 7.927600000000001312e-02 1.257849840401738944e-02 1.270401882329997255e-02 1.257849840401738944e-02 2.120759999999999867e-01
8.358399999999999164e-02 1.241073408267798911e-02 1.752116593536741027e-02 1.241073408267798911e-02 7.927600000000001312e-02 1.959362691230037007e-02 1.752116593536741027e-02 1.959362691230037007e-02 2.120759999999999867e-01
8.358399999999999164e-02 1.881947847153214379e-02 2.552260238372401624e-02 1.881947847153214379e-02 7.927600000000001312e-02 2.380838254095503023e-02 2.552260238372401624e-02 2.380838254095503023e-02 2.120759999999999867e-01
8.358399999999999164e-02 2.071540251085297185e-02 2.919276755944802057e-02 2.071540251085297185e-02 7.927600000000001312e-02 2.919015188707747149e-02 2.919276755944802057e-02 2.919015188707747149e-02 2.120759999999999867e-01
8.358399999999999164e-02 2.607477286573337688e-02 3.648337352780577081e-02 2.607477286573337688e-02 7.927600000000001312e-02 3.473470153694033918e-02 3.648337352780577081e-02 3.473470153694033918e-02 2.120759999999999867e-01
8.358399999999999164e-02 2.979154524758442085e-02 3.900471502636233129e-02 2.979154524758442085e-02 7.927600000000001312e-02 3.993884047101865786e-02 3.900471502636233129e-02 3.993884047101865786e-02 2.120759999999999867e-01
8.358399999999999164e-02 3.260794228995249344e-02 4.515710450276481935e-02 3.260794228995249344e-02 7.927600000000001312e-02 4.297375796738379244e-02 4.515710450276481935e-02 4.297375796738379244e-02 2.120759999999999867e-01
8.358399999999999164e-02 3.840118403199449526e-02 5.082771577621772452e-02 3.840118403199449526e-02 7.927600000000001312e-02 4.583213938623915268e-02 5.082771577621772452e-02 4.583213938623915268e-02 2.120759999999999867e-01
8.358399999999999164e-02 4.133884421430975009e-02 5.933287983717458469e-02 4.133884421430975009e-02 7.927600000000001312e-02 5.430129718903532049e-02 5.933287983717458469e-02 5.430129718903532049e-02 2.120759999999999867e-01
8.358399999999999164e-02 4.586182073263379150e-02 6.620128302825437072e-02 4.586182073263379150e-02 7.927600000000001312e-02 5.796745563577269250e-02 6.620128302825437072e-02 5.796745563577269250e-02 2.120759999999999867e-01
8.358399999999999164e-02 5.021452762149890975e-02 7.060250323416503160e-02 5.021452762149890975e-02 7.927600000000001312e-02 6.156959426601534696e-02 7.060250323416503160e-02 6.156959426601534696e-02 2.120759999999999867e-01
8.358399999999999164e-02 5.356737037791297479e-02 7.271852878058847336e-02 5.356737037791297479e-02 7.927600000000001312e-02 7.057544211437737081e-02 7.271852878058847336e-02 7.057544211437737081e-02 2.120759999999999867e-01
8.358399999999999164e-02 6.010386863871973462e-02 8.126287707278030681e-02 6.010386863871973462e-02 7.927600000000001312e-02 7.145895018667339227e-02 8.126287707278030681e-02 7.145895018667339227e-02 2.120759999999999867e-01
8.358399999999999164e-02 6.369434333426748918e-02 8.602677530796479233e-02 6.369434333426748918e-02 7.927600000000001312e-02 8.063130095521940655e-02 8.602677530796479233e-02 8.063130095521940655e-02 2.120759999999999867e-01
8.358399999999999164e-02 6.755436649001399230e-02 9.088342108462219016e-02 6.755436649001399230e-02 7.927600000000001312e-02 8.611173560968983509e-02 9.088342108462219016e-02 8.611173560968983509e-02 2.120759999999999867e-01
8.358399999999999164e-02 6.992212531228030048e-02 9.594214321177405025e-02 6.992212531228030048e-02 7.927600000000001312e-02 9.005803056163809439e-02 9.594214321177405025e-02 9.005803056163809439e-02 2.120759999999999867e-01
8.358399999999999164e-02 7.662229916479965097e-02 1.002417478207730667e-01 7.662229916479965097e-02 7.927600000000001312e-02 9.154369442836846060e-02 1.002417478207730667e-01 9.154369442836846060e-02 2.120759999999999867e-01
8.358399999999999164e-02 7.667200000000000404e-02 1.054720000000000102e-01 7.667200000000000404e-02 7.927600000000001312e-02 9.647600000000000620e-02 1.054720000000000102e-01 9.647600000000000620e-02 2.120759999999999867e-01
c: 
2.470000000000000195e+00
1.879000000000000004e+00
1.707999999999999963e+00
