CDF: 
2.600000000000000089e-01 3.599999999999999867e-01 5.000000000000000000e-01 1.000000000000000000e+00
1.700000000000000122e-01 5.799999999999999600e-01 8.399999999999999689e-01 1.000000000000000000e+00
2.200000000000000011e-01 3.099999999999999978e-01 9.200000000000000400e-01 1.000000000000000000e+00
sigma: 
1.946239999999999915e-01 1.796483012881988422e-03 1.083003575546220192e-03 1.796483012881988422e-03 9.828399999999999637e-02 1.796498909670726221e-03 1.083003575546220192e-03 1.796498909670726221e-03 6.423600000000000143e-02
1.946239999999999915e-01 5.971566315249637359e-03 7.220898152072128227e-03 5.971566315249637359e-03 9.828399999999999637e-02 3.834870996860276389e-03 7.220898152072128227e-03 3.834870996860276389e-03 6.423600000000000143e-02
1.946239999999999915e-01 1.251959699616700568e-02 1.245584168846451505e-02 1.251959699616700568e-02 9.828399999999999637e-02 8.962010695364864069e-03 1.245584168846451505e-02 8.962010695364864069e-03 6.423600000000000143e-02
1.946239999999999915e-01 1.733773544484002935e-02 1.454184172168110876e-02 1.733773544484002935e-02 9.828399999999999637e-02 1.244557588289818030e-02 1.454184172168110876e-02 1.244557588289818030e-02 6.423600000000000143e-02
1.946239999999999915e-01 2.142429602091979607e-02 2.073325586946323310e-02 2.142429602091979607e-02 9.828399999999999637e-02 1.453181271774600138e-02 2.073325586946323310e-02 1.453181271774600138e-02 6.423600000000000143e-02
1.946239999999999915e-01 2.766669301445004100e-02 2.450051071541423445e-02 2.766669301445004100e-02 9.828399999999999637e-02 1.819440076498124795e-02 2.450051071541423445e-02 1.819440076498124795e-02 6.423600000000000143e-02
1.946239999999999915e-01 3.056373703156994165e-02 2.561086336464062779e-02 3.056373703156994165e-02 9.828399999999999637e-02 1.969867499411412717e-02 2.561086336464062779e-02 1.969867499411412717e-02 6.423600000000000143e-02
1.946239999999999915e-01 3.632768922486185464e-02 3.220663547008787569e-02 3.632768922486185464e-02 9.828399999999999637e-02 2.382344622783535287e-02 3.220663547008787569e-02 2.382344622783535287e-02 6.423600000000000143e-02
1.946239999999999915e-01 4.515544736872766085e-02 3.640840106383879532e-02 4.515544736872766085e-02 9.828399999999999637e-02 2.707539489527835755e-02 3.640840106383879532e-02 2.707539489527835755e-02 6.423600000000000143e-02
1.946239999999999915e-01 4.836634545311455785e-02 3.845290445974208077e-02 4.836634545311455785e-02 9.828399999999999637e-02 2.946732331944623695e-02 3.845290445974208077e-02 2.946732331944623695e-02 6.423600000000000143e-02
1.946239999999999915e-01 5.051906977673840254e-02 4.210249056646863525e-02 5.051906977673840254e-02 9.828399999999999637e-02 3.253086205654459606e-02 4.210249056646863525e-02 3.253086205654459606e-02 6.423600000000000143e-02
1.946239999999999915e-01 5.970125588167038422e-02 4.927432277639429148e-02 5.970125588167038422e-02 9.828399999999999637e-02 3.653221297069295104e-02 4.927432277639429148e-02 3.653221297069295104e-02 6.423600000000000143e-02
1.946239999999999915e-01 6.307681246846931489e-02 5.138540007839056262e-02 6.307681246846931489e-02 9.828399999999999637e-02 3.912564738067870335e-02 5.138540007839056262e-02 3.912564738067870335e-02 6.423600000000000143e-02
1.946239999999999915e-01 6.686192632522200419e-02 5.822658066130916021e-02 6.686192632522200419e-02 9.828399999999999637e-02 4.358437502701622418e-02 5.822658066130916021e-02 4.358437502701622418e-02 6.423600000000000143e-02
1.946239999999999915e-01 7.307301327396913126e-02 6.062519680942248662e-02 7.307301327396913126e-02 9.828399999999999637e-02 4.476903224736824422e-02 6.062519680942248662e-02 4.476903224736824422e-02 6.423600000000000143e-02
1.946239999999999915e-01 8.047644939509319972e-02 6.612722627852674062e-02 8.047644939509319972e-02 9.828399999999999637e-02 4.843754128585249508e-02 6.612722627852674062e-02 4.843754128585249508e-02 6.423600000000000143e-02
1.946239999999999915e-01 8.465655793550724839e-02 6.988587745482634228e-02 8.465655793550724839e-02 9.828399999999999637e-02 5.280972782121257786e-02 6.988587745482634228e-02 5.280972782121257786e-02 6.423600000000000143e-02
1.946239999999999915e-01 8.906485409374517714e-02 7.500818528839865718e-02 8.906485409374517714e-02 9.828399999999999637e-02 5.578124449279405622e-02 7.500818528839865718e-02 5.578124449279405622e-02 6.423600000000000143e-02
1.946239999999999915e-01 9.290669565613744740e-02 7.849804697648470053e-02 9.290669565613744740e-02 9.828399999999999637e-02 5.846739795074374496e-02 7.849804697648470053e-02 5.846739795074374496e-02 6.423600000000000143e-02
1.946239999999999915e-01 9.590400000000001701e-02 7.940800000000000636e-02 9.590400000000001701e-02 9.828399999999999637e-02 6.046799999999999398e-02 7.940800000000000636e-02 6.046799999999999398e-02 6.423600000000000143e-02
c: 
1.598000000000000087e+00
2.669999999999999929e+00
1.665999999999999925e+00
