CDF: 
2.200000000000000011e-01 3.699999999999999956e-01 4.299999999999999933e-01 1.000000000000000000e+00
1.600000000000000033e-01 2.800000000000000266e-01 5.100000000000000089e-01 1.000000000000000000e+00
5.699999999999999512e-01 6.199999999999999956e-01 8.000000000000000444e-01 1.000000000000000000e+00
sigma: 
2.132910000000000361e-01 4.327057095259860368e-03 5.109141160063607537e-03 4.327057095259860368e-03 1.858590000000000242e-01 5.174556977960760411e-03 5.109141160063607537e-03 5.174556977960760411e-03 1.496190000000000020e-01
2.132910000000000361e-01 1.291172418124696651e-02 5.968363456432436952e-03 1.291172418124696651e-02 1.858590000000000242e-01 9.244567239881261098e-03 5.968363456432436952e-03 9.244567239881261098e-03 1.496190000000000020e-01
2.132910000000000361e-01 2.517172283839933314e-02 1.146187609763394191e-02 2.517172283839933314e-02 1.858590000000000242e-01 1.644903402196925060e-02 1.146187609763394191e-02 1.644903402196925060e-02 1.496190000000000020e-01
2.132910000000000361e-01 3.244824699478724567e-02 1.929473756533267581e-02 3.244824699478724567e-02 1.858590000000000242e-01 1.881947861559891272e-02 1.929473756533267581e-02 1.881947861559891272e-02 1.496190000000000020e-01
2.132910000000000361e-01 4.202160705007318420e-02 2.491920783489162336e-02 4.202160705007318420e-02 1.858590000000000242e-01 2.859160300651238454e-02 2.491920783489162336e-02 2.859160300651238454e-02 1.496190000000000020e-01
2.132910000000000361e-01 4.958109574216201798e-02 3.177609664004456963e-02 4.958109574216201798e-02 1.858590000000000242e-01 3.132886013943831510e-02 3.177609664004456963e-02 3.132886013943831510e-02 1.496190000000000020e-01
2.132910000000000361e-01 6.095399903477980580e-02 3.484507365433186371e-02 6.095399903477980580e-02 1.858590000000000242e-01 3.947953518346937474e-02 3.484507365433186371e-02 3.947953518346937474e-02 1.496190000000000020e-01
2.132910000000000361e-01 6.863221818496313686e-02 4.260144957209974215e-02 6.863221818496313686e-02 1.858590000000000242e-01 4.493078002074255006e-02 4.260144957209974215e-02 4.493078002074255006e-02 1.496190000000000020e-01
2.132910000000000361e-01 8.003607934264835022e-02 4.480391241292572269e-02 8.003607934264835022e-02 1.858590000000000242e-01 4.995890410982018609e-02 4.480391241292572269e-02 4.995890410982018609e-02 1.496190000000000020e-01
2.132910000000000361e-01 9.228795294344112332e-02 5.086557185898731015e-02 9.228795294344112332e-02 1.858590000000000242e-01 5.489762103665092596e-02 5.086557185898731015e-02 5.489762103665092596e-02 1.496190000000000020e-01
2.132910000000000361e-01 9.535252658577082763e-02 5.472384202840022832e-02 9.535252658577082763e-02 1.858590000000000242e-01 6.095896086791775803e-02 5.472384202840022832e-02 6.095896086791775803e-02 1.496190000000000020e-01
2.132910000000000361e-01 1.035631069748793182e-01 6.458662787720298448e-02 1.035631069748793182e-01 1.858590000000000242e-01 6.757894636998768023e-02 6.458662787720298448e-02 6.757894636998768023e-02 1.496190000000000020e-01
2.132910000000000361e-01 1.194391774247548915e-01 6.779373458778220618e-02 1.194391774247548915e-01 1.858590000000000242e-01 7.459524754372078015e-02 6.779373458778220618e-02 7.459524754372078015e-02 1.496190000000000020e-01
2.132910000000000361e-01 1.250532388606989675e-01 7.404103238729883851e-02 1.250532388606989675e-01 1.858590000000000242e-01 7.999052400128382756e-02 7.404103238729883851e-02 7.999052400128382756e-02 1.496190000000000020e-01
2.132910000000000361e-01 1.385953363241564928e-01 7.868403733086223872e-02 1.385953363241564928e-01 1.858590000000000242e-01 8.529073548537284555e-02 7.868403733086223872e-02 8.529073548537284555e-02 1.496190000000000020e-01
2.132910000000000361e-01 1.480342880860564814e-01 8.193445551572581254e-02 1.480342880860564814e-01 1.858590000000000242e-01 9.138507883132511445e-02 8.193445551572581254e-02 9.138507883132511445e-02 1.496190000000000020e-01
2.132910000000000361e-01 1.507620696318016651e-01 8.948300453003404931e-02 1.507620696318016651e-01 1.858590000000000242e-01 9.483047184043336131e-02 8.948300453003404931e-02 9.483047184043336131e-02 1.496190000000000020e-01
2.132910000000000361e-01 1.635900424262869135e-01 9.293725757297642553e-02 1.635900424262869135e-01 1.858590000000000242e-01 1.037729549606453971e-01 9.293725757297642553e-02 1.037729549606453971e-01 1.496190000000000020e-01
2.132910000000000361e-01 1.767894338965084466e-01 1.008788384183041537e-01 1.767894338965084466e-01 1.858590000000000242e-01 1.105809055543095221e-01 1.008788384183041537e-01 1.105809055543095221e-01 1.496190000000000020e-01
2.132910000000000361e-01 1.783870000000000178e-01 1.028229999999999977e-01 1.783870000000000178e-01 1.858590000000000242e-01 1.111110000000000153e-01 1.028229999999999977e-01 1.111110000000000153e-01 1.496190000000000020e-01
c: 
1.963000000000000078e+00
2.443999999999999950e+00
1.850000000000000089e+00
