CDF: 
4.299999999999999933e-01 6.800000000000000488e-01 7.900000000000000355e-01 1.000000000000000000e+00
1.000000000000000056e-01 2.000000000000000111e-01 4.099999999999999756e-01 1.000000000000000000e+00
1.100000000000000006e-01 6.899999999999999467e-01 7.500000000000000000e-01 1.000000000000000000e+00
sigma: 
1.451840000000000075e-01 1.642096507707060862e-03 6.638251588325464261e-03 1.642096507707060862e-03 1.459639999999999826e-01 3.188480801627452833e-03 6.638251588325464261e-03 3.188480801627452833e-03 1.306999999999999829e-01
1.451840000000000075e-01 6.076176255130913764e-03 1.176930290173192235e-02 6.076176255130913764e-03 1.459639999999999826e-01 5.188276241066292274e-03 1.176930290173192235e-02 5.188276241066292274e-03 1.306999999999999829e-01
1.451840000000000075e-01 1.187494421970216631e-02 1.712235552315691245e-02 1.187494421970216631e-02 1.459639999999999826e-01 8.433920815367907872e-03 1.712235552315691245e-02 8.433920815367907872e-03 1.306999999999999829e-01
1.451840000000000075e-01 1.846210213387411425e-02 2.086403359547217909e-02 1.846210213387411425e-02 1.459639999999999826e-01 1.325402918477754100e-02 2.086403359547217909e-02 1.325402918477754100e-02 1.306999999999999829e-01
1.451840000000000075e-01 2.109839107884269038e-02 3.101800206440095270e-02 2.109839107884269038e-02 1.459639999999999826e-01 1.896649442468673410e-02 3.101800206440095270e-02 1.896649442468673410e-02 1.306999999999999829e-01
1.451840000000000075e-01 2.575188382366410192e-02 3.959268450880649298e-02 2.575188382366410192e-02 1.459639999999999826e-01 2.336440321662526520e-02 3.959268450880649298e-02 2.336440321662526520e-02 1.306999999999999829e-01
1.451840000000000075e-01 3.235865722496416436e-02 4.672067866758301130e-02 3.235865722496416436e-02 1.459639999999999826e-01 2.565553818654012219e-02 4.672067866758301130e-02 2.565553818654012219e-02 1.306999999999999829e-01
1.451840000000000075e-01 3.445910912157118533e-02 5.285222541322213974e-02 3.445910912157118533e-02 1.459639999999999826e-01 3.202172594327459820e-02 5.285222541322213974e-02 3.202172594327459820e-02 1.306999999999999829e-01
1.451840000000000075e-01 4.270799892014678217e-02 5.720494402194992861e-02 4.270799892014678217e-02 1.459639999999999826e-01 3.587925418829222141e-02 5.720494402194992861e-02 3.587925418829222141e-02 1.306999999999999829e-01
1.451840000000000075e-01 4.412805518201922544e-02 6.283208981259028048e-02 4.412805518201922544e-02 1.459639999999999826e-01 3.932152152245054627e-02 6.283208981259028048e-02 3.932152152245054627e-02 1.306999999999999829e-01
1.451840000000000075e-01 4.902335831161828972e-02 6.973535883768851307e-02 4.902335831161828972e-02 1.459639999999999826e-01 4.428861723482079016e-02 6.973535883768851307e-02 4.428861723482079016e-02 1.306999999999999829e-01
1.451840000000000075e-01 5.740867174985549853e-02 7.845628931660507399e-02 5.740867174985549853e-02 1.459639999999999826e-01 4.993700472403505425e-02 7.845628931660507399e-02 4.993700472403505425e-02 1.306999999999999829e-01
1.451840000000000075e-01 6.114961013082032687e-02 8.261208895957683485e-02 6.114961013082032687e-02 1.459639999999999826e-01 5.358426699967155232e-02 8.261208895957683485e-02 5.358426699967155232e-02 1.306999999999999829e-01
1.451840000000000075e-01 6.824676598802538463e-02 9.121777488590084026e-02 6.824676598802538463e-02 1.459639999999999826e-01 5.809398072050997452e-02 9.121777488590084026e-02 5.809398072050997452e-02 1.306999999999999829e-01
1.451840000000000075e-01 7.229373183823613325e-02 9.868053547500288403e-02 7.229373183823613325e-02 1.459639999999999826e-01 6.044775272826149320e-02 9.868053547500288403e-02 6.044775272826149320e-02 1.306999999999999829e-01
1.451840000000000075e-01 7.456406143767879691e-02 1.022622365717761328e-01 7.456406143767879691e-02 1.459639999999999826e-01 6.648861019907181813e-02 1.022622365717761328e-01 6.648861019907181813e-02 1.306999999999999829e-01
1.451840000000000075e-01 7.846605233630891962e-02 1.136831193470676377e-01 7.846605233630891962e-02 1.459639999999999826e-01 7.108977529279777996e-02 1.136831193470676377e-01 7.108977529279777996e-02 1.306999999999999829e-01
1.451840000000000075e-01 8.550855142847665902e-02 1.188105997389479890e-01 8.550855142847665902e-02 1.459639999999999826e-01 7.459650636939484103e-02 1.188105997389479890e-01 7.459650636939484103e-02 1.306999999999999829e-01
1.451840000000000075e-01 8.942913396001389570e-02 1.251856451764985501e-01 8.942913396001389570e-02 1.459639999999999826e-01 7.616927189091431127e-02 1.251856451764985501e-01 7.616927189091431127e-02 1.306999999999999829e-01
1.451840000000000075e-01 9.302399999999999558e-02 1.278400000000000092e-01 9.302399999999999558e-02 1.459639999999999826e-01 7.974000000000000532e-02 1.278400000000000092e-01 7.974000000000000532e-02 1.306999999999999829e-01
c: 
2.559000000000000163e+00
1.118999999999999995e+00
2.984999999999999876e+00
