CDF: 
3.099999999999999978e-01 5.699999999999999512e-01 7.399999999999999911e-01 1.000000000000000000e+00
2.300000000000000100e-01 2.399999999999999911e-01 5.600000000000000533e-01 1.000000000000000000e+00
8.000000000000000167e-02 1.100000000000000006e-01 2.200000000000000011e-01 1.000000000000000000e+00
sigma: 
1.532000000000000028e-01 6.105295483908778666e-03 1.680280946921814322e-03 6.105295483908778666e-03 1.666999999999999871e-01 1.628255587510183408e-03 1.680280946921814322e-03 1.628255587510183408e-03 1.098999999999999977e-01
1.532000000000000028e-01 1.054004895607913925e-02 3.616211527660944270e-03 1.054004895607913925e-02 1.666999999999999871e-01 5.164222200501290480e-03 3.616211527660944270e-03 5.164222200501290480e-03 1.098999999999999977e-01
1.532000000000000028e-01 1.980097922345747108e-02 8.351250869217534054e-03 1.980097922345747108e-02 1.666999999999999871e-01 1.455545899471653512e-02 8.351250869217534054e-03 1.455545899471653512e-02 1.098999999999999977e-01
1.532000000000000028e-01 2.693411946412080718e-02 1.275716344459730707e-02 2.693411946412080718e-02 1.666999999999999871e-01 2.013244217966619204e-02 1.275716344459730707e-02 2.013244217966619204e-02 1.098999999999999977e-01
1.532000000000000028e-01 3.148776241304374751e-02 1.631099514345289020e-02 3.148776241304374751e-02 1.666999999999999871e-01 2.149661180320040083e-02 1.631099514345289020e-02 2.149661180320040083e-02 1.098999999999999977e-01
1.532000000000000028e-01 3.678713226061348235e-02 1.892149814239761640e-02 3.678713226061348235e-02 1.666999999999999871e-01 2.902601702713371659e-02 1.892149814239761640e-02 2.902601702713371659e-02 1.098999999999999977e-01
1.532000000000000028e-01 4.520227222413228385e-02 2.093230950169097312e-02 4.520227222413228385e-02 1.666999999999999871e-01 3.487813642948459081e-02 2.093230950169097312e-02 3.487813642948459081e-02 1.098999999999999977e-01
1.532000000000000028e-01 5.053250495406557546e-02 2.476472934979664225e-02 5.053250495406557546e-02 1.666999999999999871e-01 3.597663055327239567e-02 2.476472934979664225e-02 3.597663055327239567e-02 1.098999999999999977e-01
1.532000000000000028e-01 5.965620107632735314e-02 2.954133706295112086e-02 5.965620107632735314e-02 1.666999999999999871e-01 4.457723975861525856e-02 2.954133706295112086e-02 4.457723975861525856e-02 1.098999999999999977e-01
1.532000000000000028e-01 6.894918591590087908e-02 3.115608356349059901e-02 6.894918591590087908e-02 1.666999999999999871e-01 4.622869077944857102e-02 3.115608356349059901e-02 4.622869077944857102e-02 1.098999999999999977e-01
1.532000000000000028e-01 7.647027766985957375e-02 3.408645435028036241e-02 7.647027766985957375e-02 1.666999999999999871e-01 5.336905823534719706e-02 3.408645435028036241e-02 5.336905823534719706e-02 1.098999999999999977e-01
1.532000000000000028e-01 8.182354372075271998e-02 3.812610248064326329e-02 8.182354372075271998e-02 1.666999999999999871e-01 5.907591839855649840e-02 3.812610248064326329e-02 5.907591839855649840e-02 1.098999999999999977e-01
1.532000000000000028e-01 9.119888122519145823e-02 4.281617530163671359e-02 9.119888122519145823e-02 1.666999999999999871e-01 6.264739837800545330e-02 4.281617530163671359e-02 6.264739837800545330e-02 1.098999999999999977e-01
1.532000000000000028e-01 9.760061962197970342e-02 4.512306402293009971e-02 9.760061962197970342e-02 1.666999999999999871e-01 7.117164940971049125e-02 4.512306402293009971e-02 7.117164940971049125e-02 1.098999999999999977e-01
1.532000000000000028e-01 1.019160270330089629e-01 5.037098400985407648e-02 1.019160270330089629e-01 1.666999999999999871e-01 7.367871600463112014e-02 5.037098400985407648e-02 7.367871600463112014e-02 1.098999999999999977e-01
1.532000000000000028e-01 1.058002527706608936e-01 5.439506340014677727e-02 1.058002527706608936e-01 1.666999999999999871e-01 7.775312709627710261e-02 5.439506340014677727e-02 7.775312709627710261e-02 1.098999999999999977e-01
1.532000000000000028e-01 1.187836472683130862e-01 5.504978509046837276e-02 1.187836472683130862e-01 1.666999999999999871e-01 8.596857277809330511e-02 5.504978509046837276e-02 8.596857277809330511e-02 1.098999999999999977e-01
1.532000000000000028e-01 1.221827398177237067e-01 5.884450370073794623e-02 1.221827398177237067e-01 1.666999999999999871e-01 8.881638045153859851e-02 5.884450370073794623e-02 8.881638045153859851e-02 1.098999999999999977e-01
1.532000000000000028e-01 1.305589828918415074e-01 6.425001731534618621e-02 1.305589828918415074e-01 1.666999999999999871e-01 9.582751960099164523e-02 6.425001731534618621e-02 9.582751960099164523e-02 1.098999999999999977e-01
1.532000000000000028e-01 1.334000000000000186e-01 6.460000000000000464e-02 1.334000000000000186e-01 1.666999999999999871e-01 9.690000000000001390e-02 6.460000000000000464e-02 9.690000000000001390e-02 1.098999999999999977e-01
c: 
2.225000000000000089e+00
1.427999999999999936e+00
2.416999999999999815e+00
