CDF: 
3.900000000000000133e-01 7.199999999999999734e-01 8.299999999999999600e-01 1.000000000000000000e+00
7.700000000000000178e-01 8.199999999999999512e-01 8.900000000000000133e-01 1.000000000000000000e+00
3.200000000000000067e-01 4.000000000000000222e-01 4.699999999999999734e-01 1.000000000000000000e+00
sigma: 
1.223999999999999949e-01 9.633086402981938740e-04 1.185761790450326524e-03 9.633086402981938740e-04 1.012960000000000249e-01 1.691934312121953473e-03 1.185761790450326524e-03 1.691934312121953473e-03 2.149240000000000039e-01
1.223999999999999949e-01 1.022831950208060413e-02 9.458187552817272706e-03 1.022831950208060413e-02 1.012960000000000249e-01 5.365979313160141803e-03 9.458187552817272706e-03 5.365979313160141803e-03 2.149240000000000039e-01
1.223999999999999949e-01 1.320023197475808999e-02 1.467252830128319349e-02 1.320023197475808999e-02 1.012960000000000249e-01 7.596669165401942481e-03 1.467252830128319349e-02 7.596669165401942481e-03 2.149240000000000039e-01
1.223999999999999949e-01 1.935696584771802800e-02 1.828721469864860380e-02 1.935696584771802800e-02 1.012960000000000249e-01 1.051938074524886267e-02 1.828721469864860380e-02 1.051938074524886267e-02 2.149240000000000039e-01
1.223999999999999949e-01 2.201896403605483124e-02 2.745311052265148391e-02 2.201896403605483124e-02 1.012960000000000249e-01 1.528361380135380941e-02 2.745311052265148391e-02 1.528361380135380941e-02 2.149240000000000039e-01
1.223999999999999949e-01 2.783521919800828470e-02 3.225997499324691209e-02 2.783521919800828470e-02 1.012960000000000249e-01 1.813026625692693711e-02 3.225997499324691209e-02 1.813026625692693711e-02 2.149240000000000039e-01
1.223999999999999949e-01 3.379298626568863484e-02 3.893188874500454894e-02 3.379298626568863484e-02 1.012960000000000249e-01 2.279640734722226253e-02 3.893188874500454894e-02 2.279640734722226253e-02 2.149240000000000039e-01
1.223999999999999949e-01 3.755635239199764386e-02 4.373695250368377085e-02 3.755635239199764386e-02 1.012960000000000249e-01 2.525689763344901584e-02 4.373695250368377085e-02 2.525689763344901584e-02 2.149240000000000039e-01
1.223999999999999949e-01 4.193226795607433305e-02 4.962426176309313319e-02 4.193226795607433305e-02 1.012960000000000249e-01 2.780336580387072001e-02 4.962426176309313319e-02 2.780336580387072001e-02 2.149240000000000039e-01
1.223999999999999949e-01 5.094564719348367021e-02 5.326648015985199769e-02 5.094564719348367021e-02 1.012960000000000249e-01 3.221639559296032157e-02 5.326648015985199769e-02 3.221639559296032157e-02 2.149240000000000039e-01
1.223999999999999949e-01 5.431864761192591734e-02 5.831128645372601199e-02 5.431864761192591734e-02 1.012960000000000249e-01 3.436835145785510637e-02 5.831128645372601199e-02 3.436835145785510637e-02 2.149240000000000039e-01
1.223999999999999949e-01 6.035578032527322973e-02 6.459354744137482673e-02 6.035578032527322973e-02 1.012960000000000249e-01 3.870409374233488992e-02 6.459354744137482673e-02 3.870409374233488992e-02 2.149240000000000039e-01
1.223999999999999949e-01 6.575725748497882051e-02 6.932605667637639635e-02 6.575725748497882051e-02 1.012960000000000249e-01 4.075306643652962246e-02 6.932605667637639635e-02 4.075306643652962246e-02 2.149240000000000039e-01
1.223999999999999949e-01 6.898684846084877920e-02 7.966085841365209974e-02 6.898684846084877920e-02 1.012960000000000249e-01 4.388154513832589337e-02 7.966085841365209974e-02 4.388154513832589337e-02 2.149240000000000039e-01
1.223999999999999949e-01 7.475008746721209518e-02 8.466646063786299747e-02 7.475008746721209518e-02 1.012960000000000249e-01 4.950826972021787203e-02 8.466646063786299747e-02 4.950826972021787203e-02 2.149240000000000039e-01
1.223999999999999949e-01 8.221898933504886986e-02 9.054239921037469940e-02 8.221898933504886986e-02 1.012960000000000249e-01 5.257031465024505218e-02 9.054239921037469940e-02 5.257031465024505218e-02 2.149240000000000039e-01
1.223999999999999949e-01 8.289644581678266844e-02 9.679594343535498358e-02 8.289644581678266844e-02 1.012960000000000249e-01 5.636376243231881744e-02 9.679594343535498358e-02 5.636376243231881744e-02 2.149240000000000039e-01
1.223999999999999949e-01 8.860461444025645450e-02 9.946998740249944626e-02 8.860461444025645450e-02 1.012960000000000249e-01 5.871491472427413372e-02 9.946998740249944626e-02 5.871491472427413372e-02 2.149240000000000039e-01
1.223999999999999949e-01 9.633900133950193401e-02 1.076510614340976113e-01 9.633900133950193401e-02 1.012960000000000249e-01 6.030963556538485731e-02 1.076510614340976113e-01 6.030963556538485731e-02 2.149240000000000039e-01
1.223999999999999949e-01 9.816000000000001113e-02 1.092800000000000160e-01 9.816000000000001113e-02 1.012960000000000249e-01 6.304800000000000681e-02 1.092800000000000160e-01 6.304800000000000681e-02 2.149240000000000039e-01
c: 
1.120999999999999996e+00
2.783999999999999808e+00
2.295999999999999819e+00
