CDF: 
4.500000000000000111e-01 5.600000000000000533e-01 8.900000000000000133e-01 1.000000000000000000e+00
2.700000000000000178e-01 3.900000000000000133e-01 6.099999999999999867e-01 1.000000000000000000e+00
5.000000000000000000e-01 5.899999999999999689e-01 6.600000000000000311e-01 1.000000000000000000e+00
sigma: 
9.750400000000000733e-02 4.420549501875951567e-03 3.257303610024367413e-03 4.420549501875951567e-03 1.779959999999999876e-01 3.960409742027321336e-03 3.257303610024367413e-03 3.960409742027321336e-03 2.058040000000000425e-01
9.750400000000000733e-02 9.490721226367460073e-03 1.070424645800308570e-02 9.490721226367460073e-03 1.779959999999999876e-01 1.510829022167372790e-02 1.070424645800308570e-02 1.510829022167372790e-02 2.058040000000000425e-01
9.750400000000000733e-02 1.348377000145073445e-02 1.674706623234583844e-02 1.348377000145073445e-02 1.779959999999999876e-01 2.316938853741276269e-02 1.674706623234583844e-02 2.316938853741276269e-02 2.058040000000000425e-01
9.750400000000000733e-02 2.221073517162718003e-02 1.979990247567596506e-02 2.221073517162718003e-02 1.779959999999999876e-01 3.258041423428869460e-02 1.979990247567596506e-02 3.258041423428869460e-02 2.058040000000000425e-01
9.750400000000000733e-02 2.663976743677793843e-02 2.484881777624818600e-02 2.663976743677793843e-02 1.779959999999999876e-01 4.057812506423340293e-02 2.484881777624818600e-02 4.057812506423340293e-02 2.058040000000000425e-01
9.750400000000000733e-02 3.164113463742658505e-02 3.467892601939503300e-02 3.164113463742658505e-02 1.779959999999999876e-01 5.339633082413500209e-02 3.467892601939503300e-02 5.339633082413500209e-02 2.058040000000000425e-01
9.750400000000000733e-02 3.407122335903414040e-02 3.741129024087345295e-02 3.407122335903414040e-02 1.779959999999999876e-01 6.310413463058670014e-02 3.741129024087345295e-02 6.310413463058670014e-02 2.058040000000000425e-01
9.750400000000000733e-02 3.957030393928191725e-02 4.372788225931405204e-02 3.957030393928191725e-02 1.779959999999999876e-01 7.299062871174877287e-02 4.372788225931405204e-02 7.299062871174877287e-02 2.058040000000000425e-01
9.750400000000000733e-02 4.580959053658639757e-02 5.155920741800620877e-02 4.580959053658639757e-02 1.779959999999999876e-01 8.143396674555070103e-02 5.155920741800620877e-02 8.143396674555070103e-02 2.058040000000000425e-01
9.750400000000000733e-02 5.260355216340553003e-02 6.027175257652587353e-02 5.260355216340553003e-02 1.779959999999999876e-01 8.489183303730356289e-02 6.027175257652587353e-02 8.489183303730356289e-02 2.058040000000000425e-01
9.750400000000000733e-02 5.914855479842488079e-02 6.564631551270094789e-02 5.914855479842488079e-02 1.779959999999999876e-01 1.007515959406095757e-01 6.564631551270094789e-02 1.007515959406095757e-01 2.058040000000000425e-01
9.750400000000000733e-02 6.508153892064300061e-02 7.299693888664102182e-02 6.508153892064300061e-02 1.779959999999999876e-01 1.055323497113290626e-01 7.299693888664102182e-02 1.055323497113290626e-01 2.058040000000000425e-01
9.750400000000000733e-02 6.933240583356269082e-02 7.456439161730066267e-02 6.933240583356269082e-02 1.779959999999999876e-01 1.134311651560439005e-01 7.456439161730066267e-02 1.134311651560439005e-01 2.058040000000000425e-01
9.750400000000000733e-02 7.789857755232873493e-02 8.356613242883309534e-02 7.789857755232873493e-02 1.779959999999999876e-01 1.295297303396393818e-01 8.356613242883309534e-02 1.295297303396393818e-01 2.058040000000000425e-01
9.750400000000000733e-02 8.215097997370002236e-02 8.891492785469963522e-02 8.215097997370002236e-02 1.779959999999999876e-01 1.381083860580180900e-01 8.891492785469963522e-02 1.381083860580180900e-01 2.058040000000000425e-01
9.750400000000000733e-02 8.770852332879013058e-02 9.540246239612440449e-02 8.770852332879013058e-02 1.779959999999999876e-01 1.463124556896237827e-01 9.540246239612440449e-02 1.463124556896237827e-01 2.058040000000000425e-01
9.750400000000000733e-02 8.965665740947414974e-02 9.933193844532650640e-02 8.965665740947414974e-02 1.779959999999999876e-01 1.496754029714833234e-01 9.933193844532650640e-02 1.496754029714833234e-01 2.058040000000000425e-01
9.750400000000000733e-02 9.551202752111832839e-02 1.076577115223840281e-01 9.551202752111832839e-02 1.779959999999999876e-01 1.596038978354986093e-01 1.076577115223840281e-01 1.596038978354986093e-01 2.058040000000000425e-01
9.750400000000000733e-02 1.062480450553960620e-01 1.150415721000524749e-01 1.062480450553960620e-01 1.779959999999999876e-01 1.706640781597270895e-01 1.150415721000524749e-01 1.706640781597270895e-01 2.058040000000000425e-01
9.750400000000000733e-02 1.062720000000000053e-01 1.160960000000000047e-01 1.062720000000000053e-01 1.779959999999999876e-01 1.766280000000000072e-01 1.160960000000000047e-01 1.766280000000000072e-01 2.058040000000000425e-01
c: 
2.063000000000000167e+00
2.064000000000000057e+00
1.580999999999999961e+00
