CDF: 
3.599999999999999867e-01 5.400000000000000355e-01 5.699999999999999512e-01 1.000000000000000000e+00
1.400000000000000133e-01 4.400000000000000022e-01 5.799999999999999600e-01 1.000000000000000000e+00
8.999999999999999667e-02 2.999999999999999889e-01 7.099999999999999645e-01 1.000000000000000000e+00
sigma: 
2.135159999999999836e-01 3.002749323542152141e-03 6.232672144325949928e-04 3.002749323542152141e-03 1.671039999999999748e-01 4.371649912477088701e-03 6.232672144325949928e-04 4.371649912477088701e-03 1.179839999999999917e-01
2.135159999999999836e-01 1.659543473312991013e-02 1.267212627694031847e-02 1.659543473312991013e-02 1.671039999999999748e-01 7.432372990542931990e-03 1.267212627694031847e-02 7.432372990542931990e-03 1.179839999999999917e-01
2.135159999999999836e-01 2.074169304226628277e-02 1.954394507083595522e-02 2.074169304226628277e-02 1.671039999999999748e-01 1.442790960108888444e-02 1.954394507083595522e-02 1.442790960108888444e-02 1.179839999999999917e-01
2.135159999999999836e-01 3.841025590312381610e-02 2.078342129155020743e-02 3.841025590312381610e-02 1.671039999999999748e-01 2.053780831486524613e-02 2.078342129155020743e-02 2.053780831486524613e-02 1.179839999999999917e-01
2.135159999999999836e-01 4.088347858317138706e-02 2.967034784241293771e-02 4.088347858317138706e-02 1.671039999999999748e-01 2.681005194291474075e-02 2.967034784241293771e-02 2.681005194291474075e-02 1.179839999999999917e-01
2.135159999999999836e-01 5.293418307160850655e-02 3.846678255148825581e-02 5.293418307160850655e-02 1.671039999999999748e-01 3.209839265862577534e-02 3.846678255148825581e-02 3.209839265862577534e-02 1.179839999999999917e-01
2.135159999999999836e-01 6.602022392363159076e-02 4.224617389431932490e-02 6.602022392363159076e-02 1.671039999999999748e-01 3.765734511733931367e-02 4.224617389431932490e-02 3.765734511733931367e-02 1.179839999999999917e-01
2.135159999999999836e-01 6.845753669075733960e-02 4.769719074047793633e-02 6.845753669075733960e-02 1.671039999999999748e-01 4.324664432782741180e-02 4.769719074047793633e-02 4.324664432782741180e-02 1.179839999999999917e-01
2.135159999999999836e-01 8.265774292585172101e-02 5.623624380089810304e-02 8.265774292585172101e-02 1.671039999999999748e-01 5.009289443016639448e-02 5.623624380089810304e-02 5.009289443016639448e-02 1.179839999999999917e-01
2.135159999999999836e-01 9.537773725182735474e-02 6.642582017010474627e-02 9.537773725182735474e-02 1.671039999999999748e-01 5.738998551570168027e-02 6.642582017010474627e-02 5.738998551570168027e-02 1.179839999999999917e-01
2.135159999999999836e-01 1.041333684176449781e-01 7.209530225848467810e-02 1.041333684176449781e-01 1.671039999999999748e-01 6.200821438427535359e-02 7.209530225848467810e-02 6.200821438427535359e-02 1.179839999999999917e-01
2.135159999999999836e-01 1.110701770389385945e-01 7.876754250181768058e-02 1.110701770389385945e-01 1.671039999999999748e-01 7.301137391459883164e-02 7.876754250181768058e-02 7.301137391459883164e-02 1.179839999999999917e-01
2.135159999999999836e-01 1.256169773952759694e-01 8.256825236122065925e-02 1.256169773952759694e-01 1.671039999999999748e-01 7.740234022332062591e-02 8.256825236122065925e-02 7.740234022332062591e-02 1.179839999999999917e-01
2.135159999999999836e-01 1.265760570524356587e-01 9.015466159816730440e-02 1.265760570524356587e-01 1.671039999999999748e-01 8.309418752309893907e-02 9.015466159816730440e-02 8.309418752309893907e-02 1.179839999999999917e-01
2.135159999999999836e-01 1.375568998957368561e-01 1.007209119942305692e-01 1.375568998957368561e-01 1.671039999999999748e-01 8.650206215650702024e-02 1.007209119942305692e-01 8.650206215650702024e-02 1.179839999999999917e-01
2.135159999999999836e-01 1.528455889623299702e-01 1.018637940724055335e-01 1.528455889623299702e-01 1.671039999999999748e-01 9.704900970821112027e-02 1.018637940724055335e-01 9.704900970821112027e-02 1.179839999999999917e-01
2.135159999999999836e-01 1.630176890814283019e-01 1.092125614648721127e-01 1.630176890814283019e-01 1.671039999999999748e-01 1.003397178976818960e-01 1.092125614648721127e-01 1.003397178976818960e-01 1.179839999999999917e-01
2.135159999999999836e-01 1.723363174092127914e-01 1.191573678948861237e-01 1.723363174092127914e-01 1.671039999999999748e-01 1.060540255132182280e-01 1.191573678948861237e-01 1.060540255132182280e-01 1.179839999999999917e-01
2.135159999999999836e-01 1.781193961515536162e-01 1.214286564486159598e-01 1.781193961515536162e-01 1.671039999999999748e-01 1.137745605764900886e-01 1.214286564486159598e-01 1.137745605764900886e-01 1.179839999999999917e-01
2.135159999999999836e-01 1.837919999999999832e-01 1.281119999999999759e-01 1.837919999999999832e-01 1.671039999999999748e-01 1.161439999999999834e-01 1.281119999999999759e-01 1.161439999999999834e-01 1.179839999999999917e-01
c: 
2.876999999999999780e+00
2.206999999999999851e+00
2.382000000000000117e+00
