CDF: 
2.700000000000000178e-01 5.899999999999999689e-01 7.099999999999999645e-01 1.000000000000000000e+00
2.500000000000000000e-01 3.800000000000000044e-01 6.099999999999999867e-01 1.000000000000000000e+00
2.899999999999999800e-01 5.500000000000000444e-01 7.700000000000000178e-01 1.000000000000000000e+00
sigma: 
1.603960000000000385e-01 4.419915596397408844e-03 3.589698802681863575e-04 4.419915596397408844e-03 1.739360000000000350e-01 3.982737512429510365e-03 3.589698802681863575e-04 3.982737512429510365e-03 1.386999999999999900e-01
1.603960000000000385e-01 9.014454893742942371e-03 7.303691187894202110e-03 9.014454893742942371e-03 1.739360000000000350e-01 1.299702025967921538e-02 7.303691187894202110e-03 1.299702025967921538e-02 1.386999999999999900e-01
1.603960000000000385e-01 1.687068888603221115e-02 2.146016986713903535e-02 1.687068888603221115e-02 1.739360000000000350e-01 1.773659009438058667e-02 2.146016986713903535e-02 1.773659009438058667e-02 1.386999999999999900e-01
1.603960000000000385e-01 2.980386610645854167e-02 2.531779364188119566e-02 2.980386610645854167e-02 1.739360000000000350e-01 2.598631289058340316e-02 2.531779364188119566e-02 2.598631289058340316e-02 1.386999999999999900e-01
1.603960000000000385e-01 3.284625664823485197e-02 3.241746149087237905e-02 3.284625664823485197e-02 1.739360000000000350e-01 3.238411987250686824e-02 3.241746149087237905e-02 3.238411987250686824e-02 1.386999999999999900e-01
1.603960000000000385e-01 4.580293800108383578e-02 3.849221089202553570e-02 4.580293800108383578e-02 1.739360000000000350e-01 3.786087311295332353e-02 3.849221089202553570e-02 3.786087311295332353e-02 1.386999999999999900e-01
1.603960000000000385e-01 4.893069756565153472e-02 4.606709559850013375e-02 4.893069756565153472e-02 1.739360000000000350e-01 4.462904329265651032e-02 4.606709559850013375e-02 4.462904329265651032e-02 1.386999999999999900e-01
1.603960000000000385e-01 5.732732398824910008e-02 5.167014620366287142e-02 5.732732398824910008e-02 1.739360000000000350e-01 5.515766279394362925e-02 5.167014620366287142e-02 5.515766279394362925e-02 1.386999999999999900e-01
1.603960000000000385e-01 6.971741017715750444e-02 6.209198629338776726e-02 6.971741017715750444e-02 1.739360000000000350e-01 5.972705958437655310e-02 6.209198629338776726e-02 5.972705958437655310e-02 1.386999999999999900e-01
1.603960000000000385e-01 7.383628371892621278e-02 6.707247214760675424e-02 7.383628371892621278e-02 1.739360000000000350e-01 6.834955398381327429e-02 6.707247214760675424e-02 6.834955398381327429e-02 1.386999999999999900e-01
1.603960000000000385e-01 8.107380111155527980e-02 7.301413541181829558e-02 8.107380111155527980e-02 1.739360000000000350e-01 7.511826423228395999e-02 7.301413541181829558e-02 7.511826423228395999e-02 1.386999999999999900e-01
1.603960000000000385e-01 9.195206983776364751e-02 8.330991029248786817e-02 9.195206983776364751e-02 1.739360000000000350e-01 8.206124293622787946e-02 8.330991029248786817e-02 8.206124293622787946e-02 1.386999999999999900e-01
1.603960000000000385e-01 1.008105024726578952e-01 9.319141072026901340e-02 1.008105024726578952e-01 1.739360000000000350e-01 8.831052718415396963e-02 9.319141072026901340e-02 8.831052718415396963e-02 1.386999999999999900e-01
1.603960000000000385e-01 1.092242443838056104e-01 9.930901336298837701e-02 1.092242443838056104e-01 1.739360000000000350e-01 9.367696753937375387e-02 9.930901336298837701e-02 9.367696753937375387e-02 1.386999999999999900e-01
1.603960000000000385e-01 1.183657113635309122e-01 1.032431324836820680e-01 1.183657113635309122e-01 1.739360000000000350e-01 9.826793758110595467e-02 1.032431324836820680e-01 9.826793758110595467e-02 1.386999999999999900e-01
1.603960000000000385e-01 1.209669091845617106e-01 1.105435396909631579e-01 1.209669091845617106e-01 1.739360000000000350e-01 1.111846447666677562e-01 1.105435396909631579e-01 1.111846447666677562e-01 1.386999999999999900e-01
1.603960000000000385e-01 1.324334733544942078e-01 1.187333953320928448e-01 1.324334733544942078e-01 1.739360000000000350e-01 1.172557602456316128e-01 1.187333953320928448e-01 1.172557602456316128e-01 1.386999999999999900e-01
1.603960000000000385e-01 1.382108959936491355e-01 1.270034639062670445e-01 1.382108959936491355e-01 1.739360000000000350e-01 1.191788094060492187e-01 1.270034639062670445e-01 1.191788094060492187e-01 1.386999999999999900e-01
1.603960000000000385e-01 1.431720873057161503e-01 1.315557509154860472e-01 1.431720873057161503e-01 1.739360000000000350e-01 1.272599403129642259e-01 1.315557509154860472e-01 1.272599403129642259e-01 1.386999999999999900e-01
1.603960000000000385e-01 1.501840000000000119e-01 1.380600000000000160e-01 1.501840000000000119e-01 1.739360000000000350e-01 1.328400000000000136e-01 1.380600000000000160e-01 1.328400000000000136e-01 1.386999999999999900e-01
c: 
1.205999999999999961e+00
1.201000000000000068e+00
2.737000000000000099e+00
