CDF: 
1.900000000000000022e-01 2.399999999999999911e-01 4.899999999999999911e-01 1.000000000000000000e+00
1.700000000000000122e-01 2.099999999999999922e-01 4.500000000000000111e-01 1.000000000000000000e+00
1.799999999999999933e-01 2.200000000000000011e-01 3.499999999999999778e-01 1.000000000000000000e+00
sigma: 
1.849000000000000088e-01 4.384231208152900017e-03 6.193505381077831808e-03 4.384231208152900017e-03 1.801240000000000063e-01 4.023543940263742493e-04 6.193505381077831808e-03 4.023543940263742493e-04 1.818509999999999849e-01
1.849000000000000088e-01 1.518418632874519482e-02 9.431814308018662829e-03 1.518418632874519482e-02 1.801240000000000063e-01 8.857182869184916651e-03 9.431814308018662829e-03 8.857182869184916651e-03 1.818509999999999849e-01
1.849000000000000088e-01 2.463732449836752991e-02 2.233875649988537396e-02 2.463732449836752991e-02 1.801240000000000063e-01 2.050958957024860696e-02 2.233875649988537396e-02 2.050958957024860696e-02 1.818509999999999849e-01
1.849000000000000088e-01 3.606325173031933728e-02 2.889630525188372628e-02 3.606325173031933728e-02 1.801240000000000063e-01 3.083281750760800272e-02 2.889630525188372628e-02 3.083281750760800272e-02 1.818509999999999849e-01
1.849000000000000088e-01 3.952174403380541434e-02 3.833708596258623980e-02 3.952174403380541434e-02 1.801240000000000063e-01 3.653586851336021457e-02 3.833708596258623980e-02 3.653586851336021457e-02 1.818509999999999849e-01
1.849000000000000088e-01 5.428940989630146041e-02 4.860025814964341606e-02 5.428940989630146041e-02 1.801240000000000063e-01 4.965454856075639245e-02 4.860025814964341606e-02 4.965454856075639245e-02 1.818509999999999849e-01
1.849000000000000088e-01 6.340349375208004234e-02 4.905535281348721854e-02 6.340349375208004234e-02 1.801240000000000063e-01 5.235470017866727943e-02 4.905535281348721854e-02 5.235470017866727943e-02 1.818509999999999849e-01
1.849000000000000088e-01 6.453876713294161294e-02 5.757208004126760509e-02 6.453876713294161294e-02 1.801240000000000063e-01 5.942486522421028261e-02 5.757208004126760509e-02 5.942486522421028261e-02 1.818509999999999849e-01
1.849000000000000088e-01 8.135015556518589153e-02 7.059492825073555855e-02 8.135015556518589153e-02 1.801240000000000063e-01 7.236683946876346085e-02 7.059492825073555855e-02 7.236683946876346085e-02 1.818509999999999849e-01
1.849000000000000088e-01 8.218896392795442540e-02 8.002386880229866994e-02 8.218896392795442540e-02 1.801240000000000063e-01 8.104966031066825061e-02 8.002386880229866994e-02 8.104966031066825061e-02 1.818509999999999849e-01
1.849000000000000088e-01 9.125644528779391917e-02 8.761124145178544875e-02 9.125644528779391917e-02 1.801240000000000063e-01 8.571072765523314596e-02 8.761124145178544875e-02 8.571072765523314596e-02 1.818509999999999849e-01
1.849000000000000088e-01 1.033996570089895511e-01 9.449589826564804007e-02 1.033996570089895511e-01 1.801240000000000063e-01 9.742639303169892129e-02 9.449589826564804007e-02 9.742639303169892129e-02 1.818509999999999849e-01
1.849000000000000088e-01 1.158538138566359982e-01 9.818359887413295739e-02 1.158538138566359982e-01 1.801240000000000063e-01 1.046516071301450829e-01 9.818359887413295739e-02 1.046516071301450829e-01 1.818509999999999849e-01
1.849000000000000088e-01 1.193977613176521735e-01 1.074745996114481322e-01 1.193977613176521735e-01 1.801240000000000063e-01 1.110640007504451049e-01 1.074745996114481322e-01 1.110640007504451049e-01 1.818509999999999849e-01
1.849000000000000088e-01 1.301666177241490585e-01 1.159126651796184015e-01 1.301666177241490585e-01 1.801240000000000063e-01 1.175537987522533717e-01 1.159126651796184015e-01 1.175537987522533717e-01 1.818509999999999849e-01
1.849000000000000088e-01 1.399602891963423745e-01 1.253987453569210542e-01 1.399602891963423745e-01 1.801240000000000063e-01 1.296948057061813875e-01 1.253987453569210542e-01 1.296948057061813875e-01 1.818509999999999849e-01
1.849000000000000088e-01 1.529534012922413588e-01 1.363651084781585532e-01 1.529534012922413588e-01 1.801240000000000063e-01 1.342642236211284146e-01 1.363651084781585532e-01 1.342642236211284146e-01 1.818509999999999849e-01
1.849000000000000088e-01 1.556642634759420607e-01 1.436308829287836208e-01 1.556642634759420607e-01 1.801240000000000063e-01 1.473470986969351859e-01 1.436308829287836208e-01 1.473470986969351859e-01 1.818509999999999849e-01
1.849000000000000088e-01 1.683486077067862796e-01 1.458711330566308806e-01 1.683486077067862796e-01 1.801240000000000063e-01 1.502302028648918319e-01 1.458711330566308806e-01 1.502302028648918319e-01 1.818509999999999849e-01
1.849000000000000088e-01 1.726600000000000357e-01 1.539299999999999835e-01 1.726600000000000357e-01 1.801240000000000063e-01 1.584820000000000118e-01 1.539299999999999835e-01 1.584820000000000118e-01 1.818509999999999849e-01
c: 
1.604000000000000092e+00
1.943999999999999950e+00
2.967999999999999972e+00
