CDF: 
2.000000000000000111e-01 7.700000000000000178e-01 8.199999999999999512e-01 1.000000000000000000e+00
1.300000000000000044e-01 3.200000000000000067e-01 6.600000000000000311e-01 1.000000000000000000e+00
2.399999999999999911e-01 6.400000000000000133e-01 7.099999999999999645e-01 1.000000000000000000e+00
sigma: 
1.122039999999999982e-01 1.528964743263515032e-03 5.280851979287308831e-03 1.528964743263515032e-03 1.378039999999999821e-01 3.766446183271564274e-03 5.280851979287308831e-03 3.766446183271564274e-03 1.587959999999999927e-01
1.122039999999999982e-01 8.219205170746909928e-03 6.747493713598669979e-03 8.219205170746909928e-03 1.378039999999999821e-01 1.171971744957960547e-02 6.747493713598669979e-03 1.171971744957960547e-02 1.587959999999999927e-01
1.122039999999999982e-01 1.210603685622908994e-02 1.429616350127030019e-02 1.210603685622908994e-02 1.378039999999999821e-01 1.720517838131331231e-02 1.429616350127030019e-02 1.720517838131331231e-02 1.587959999999999927e-01
1.122039999999999982e-01 1.655213263025529652e-02 1.927342101385018380e-02 1.655213263025529652e-02 1.378039999999999821e-01 2.335180329612412259e-02 1.927342101385018380e-02 2.335180329612412259e-02 1.587959999999999927e-01
1.122039999999999982e-01 1.951168741028142320e-02 2.720429636049003300e-02 1.951168741028142320e-02 1.378039999999999821e-01 3.613509598499291958e-02 2.720429636049003300e-02 3.613509598499291958e-02 1.587959999999999927e-01
1.122039999999999982e-01 2.518522077046943947e-02 2.986823076423230500e-02 2.518522077046943947e-02 1.378039999999999821e-01 3.808936278199459569e-02 2.986823076423230500e-02 3.808936278199459569e-02 1.587959999999999927e-01
1.122039999999999982e-01 3.379388755318643578e-02 3.887081251008702582e-02 3.379388755318643578e-02 1.378039999999999821e-01 4.412448062123988657e-02 3.887081251008702582e-02 4.412448062123988657e-02 1.587959999999999927e-01
1.122039999999999982e-01 3.534289422240122908e-02 4.237755185644957040e-02 3.534289422240122908e-02 1.378039999999999821e-01 5.255562674570538051e-02 4.237755185644957040e-02 5.255562674570538051e-02 1.587959999999999927e-01
1.122039999999999982e-01 4.196659402848629261e-02 4.602842845287011264e-02 4.196659402848629261e-02 1.378039999999999821e-01 5.859587055516909254e-02 4.602842845287011264e-02 5.859587055516909254e-02 1.587959999999999927e-01
1.122039999999999982e-01 4.800377233250476688e-02 5.555140160135621508e-02 4.800377233250476688e-02 1.378039999999999821e-01 7.058384371770620724e-02 5.555140160135621508e-02 7.058384371770620724e-02 1.587959999999999927e-01
1.122039999999999982e-01 5.019471918614363398e-02 6.022955503036713648e-02 5.019471918614363398e-02 1.378039999999999821e-01 7.605736684832498096e-02 6.022955503036713648e-02 7.605736684832498096e-02 1.587959999999999927e-01
1.122039999999999982e-01 5.373413105453558186e-02 6.525349996072317416e-02 5.373413105453558186e-02 1.378039999999999821e-01 8.259775141203250237e-02 6.525349996072317416e-02 8.259775141203250237e-02 1.587959999999999927e-01
1.122039999999999982e-01 6.056331243977639001e-02 7.297803461665036684e-02 6.056331243977639001e-02 1.378039999999999821e-01 9.266108780008376622e-02 7.297803461665036684e-02 9.266108780008376622e-02 1.587959999999999927e-01
1.122039999999999982e-01 6.409038724975217594e-02 7.773866797940005846e-02 6.409038724975217594e-02 1.378039999999999821e-01 9.468057119948314337e-02 7.773866797940005846e-02 9.468057119948314337e-02 1.587959999999999927e-01
1.122039999999999982e-01 7.237408909713383132e-02 8.163443550701748874e-02 7.237408909713383132e-02 1.378039999999999821e-01 1.066733266270717129e-01 8.163443550701748874e-02 1.066733266270717129e-01 1.587959999999999927e-01
1.122039999999999982e-01 7.671591138447515779e-02 8.906922290646578089e-02 7.671591138447515779e-02 1.378039999999999821e-01 1.132760942400303505e-01 8.906922290646578089e-02 1.132760942400303505e-01 1.587959999999999927e-01
1.122039999999999982e-01 7.805831956553613282e-02 9.554227529932635132e-02 7.805831956553613282e-02 1.378039999999999821e-01 1.223081175186385983e-01 9.554227529932635132e-02 1.223081175186385983e-01 1.587959999999999927e-01
1.122039999999999982e-01 8.768439415177835261e-02 9.953293664509074712e-02 8.768439415177835261e-02 1.378039999999999821e-01 1.292182219128155674e-01 9.953293664509074712e-02 1.292182219128155674e-01 1.587959999999999927e-01
1.122039999999999982e-01 9.146102627412260044e-02 1.082308095282434185e-01 9.146102627412260044e-02 1.378039999999999821e-01 1.373111333869567741e-01 1.082308095282434185e-01 1.373111333869567741e-01 1.587959999999999927e-01
1.122039999999999982e-01 9.260399999999999188e-02 1.086280000000000023e-01 9.260399999999999188e-02 1.378039999999999821e-01 1.374279999999999946e-01 1.086280000000000023e-01 1.374279999999999946e-01 1.587959999999999927e-01
c: 
2.887999999999999901e+00
2.741999999999999993e+00
1.957000000000000073e+00
