CDF: 
1.199999999999999956e-01 7.500000000000000000e-01 8.299999999999999600e-01 1.000000000000000000e+00
1.100000000000000006e-01 2.099999999999999922e-01 7.099999999999999645e-01 1.000000000000000000e+00
3.300000000000000155e-01 4.199999999999999845e-01 7.900000000000000355e-01 1.000000000000000000e+00
sigma: 
1.174510000000000137e-01 1.868130949819288723e-03 7.035807804917465188e-04 1.868130949819288723e-03 1.335000000000000075e-01 3.130680768068288058e-03 7.035807804917465188e-04 3.130680768068288492e-03 1.353000000000000036e-01
1.174510000000000137e-01 1.023398968077391703e-02 8.092263375020312260e-03 1.023398968077391703e-02 1.335000000000000075e-01 8.440883810694244094e-03 8.092263375020312260e-03 8.440883810694245828e-03 1.353000000000000036e-01
1.174510000000000137e-01 1.068254802631431362e-02 1.533820682320693671e-02 1.068254802631431362e-02 1.335000000000000075e-01 1.414131167066411468e-02 1.533820682320693671e-02 1.414131167066411641e-02 1.353000000000000036e-01
1.174510000000000137e-01 1.791024219839356529e-02 2.040316855552175984e-02 1.791024219839356529e-02 1.335000000000000075e-01 1.995211989870092004e-02 2.040316855552175984e-02 1.995211989870092004e-02 1.353000000000000036e-01
1.174510000000000137e-01 2.081181869060064193e-02 2.491357939482254785e-02 2.081181869060064193e-02 1.335000000000000075e-01 2.520429509360067391e-02 2.491357939482254785e-02 2.520429509360067738e-02 1.353000000000000036e-01
1.174510000000000137e-01 2.672522170072969688e-02 3.084572310218903352e-02 2.672522170072969688e-02 1.335000000000000075e-01 3.368477083513602560e-02 3.084572310218903352e-02 3.368477083513603254e-02 1.353000000000000036e-01
1.174510000000000137e-01 3.285546226535768916e-02 3.721578548216673138e-02 3.285546226535768916e-02 1.335000000000000075e-01 3.891879556196568141e-02 3.721578548216673138e-02 3.891879556196568835e-02 1.353000000000000036e-01
1.174510000000000137e-01 3.675081690740404639e-02 4.149201069164198258e-02 3.675081690740404639e-02 1.335000000000000075e-01 4.800963693486268169e-02 4.149201069164198258e-02 4.800963693486268863e-02 1.353000000000000036e-01
1.174510000000000137e-01 4.388936561263824532e-02 5.012853940162348421e-02 4.388936561263824532e-02 1.335000000000000075e-01 5.135921739294686816e-02 5.012853940162348421e-02 5.135921739294687510e-02 1.353000000000000036e-01
1.174510000000000137e-01 4.932492573833376082e-02 5.601243225906321621e-02 4.932492573833376082e-02 1.335000000000000075e-01 5.909365728330518569e-02 5.601243225906321621e-02 5.909365728330519263e-02 1.353000000000000036e-01
1.174510000000000137e-01 5.335554414435494941e-02 6.097780218753455495e-02 5.335554414435494941e-02 1.335000000000000075e-01 6.599880573537164619e-02 6.097780218753455495e-02 6.599880573537166006e-02 1.353000000000000036e-01
1.174510000000000137e-01 5.964446492840849712e-02 6.763493938045909981e-02 5.964446492840849712e-02 1.335000000000000075e-01 7.045027017814183001e-02 6.763493938045909981e-02 7.045027017814184389e-02 1.353000000000000036e-01
1.174510000000000137e-01 6.614928601058336910e-02 7.220528813651243272e-02 6.614928601058336910e-02 1.335000000000000075e-01 7.360141834307590281e-02 7.220528813651243272e-02 7.360141834307590281e-02 1.353000000000000036e-01
1.174510000000000137e-01 6.767216563384936823e-02 7.697122841529431547e-02 6.767216563384936823e-02 1.335000000000000075e-01 8.137615676833455380e-02 7.697122841529431547e-02 8.137615676833455380e-02 1.353000000000000036e-01
1.174510000000000137e-01 7.464783204525775318e-02 8.228794428762144231e-02 7.464783204525775318e-02 1.335000000000000075e-01 8.771761319807565294e-02 8.228794428762144231e-02 8.771761319807566681e-02 1.353000000000000036e-01
1.174510000000000137e-01 8.080803821990471814e-02 9.078391166515617505e-02 8.080803821990471814e-02 1.335000000000000075e-01 9.193938872290390030e-02 9.078391166515617505e-02 9.193938872290390030e-02 1.353000000000000036e-01
1.174510000000000137e-01 8.450524865191191837e-02 9.779322680574739635e-02 8.450524865191191837e-02 1.335000000000000075e-01 9.995362921311209958e-02 9.779322680574739635e-02 9.995362921311211346e-02 1.353000000000000036e-01
1.174510000000000137e-01 8.984669468258944802e-02 1.026341057539010837e-01 8.984669468258944802e-02 1.335000000000000075e-01 1.079066906020262340e-01 1.026341057539010837e-01 1.079066906020262478e-01 1.353000000000000036e-01
1.174510000000000137e-01 9.589606659790698984e-02 1.062868398351501098e-01 9.589606659790698984e-02 1.335000000000000075e-01 1.112726272566059715e-01 1.062868398351501098e-01 1.112726272566059854e-01 1.353000000000000036e-01
1.174510000000000137e-01 9.825000000000000400e-02 1.115900000000000086e-01 9.825000000000000400e-02 1.335000000000000075e-01 1.142999999999999988e-01 1.115900000000000086e-01 1.143000000000000127e-01 1.353000000000000036e-01
c: 
1.643999999999999906e+00
1.707000000000000073e+00
2.379000000000000004e+00
