CDF: 
2.300000000000000100e-01 5.899999999999999689e-01 6.700000000000000400e-01 1.000000000000000000e+00
1.100000000000000006e-01 2.899999999999999800e-01 3.900000000000000133e-01 1.000000000000000000e+00
5.400000000000000355e-01 6.999999999999999556e-01 7.800000000000000266e-01 1.000000000000000000e+00
sigma: 
1.886999999999999789e-01 6.318218353842385525e-03 7.795263184430649764e-03 6.318218353842385525e-03 1.878360000000000030e-01 3.408589388834877554e-03 7.795263184430649764e-03 3.408589388834877554e-03 1.612000000000000099e-01
1.886999999999999789e-01 1.008192032360775980e-02 1.065265642061570192e-02 1.008192032360775980e-02 1.878360000000000030e-01 6.997155117664375333e-03 1.065265642061570192e-02 6.997155117664375333e-03 1.612000000000000099e-01
1.886999999999999789e-01 1.739874557489132917e-02 1.763091839344516770e-02 1.739874557489132917e-02 1.878360000000000030e-01 1.084848179512163530e-02 1.763091839344516770e-02 1.084848179512163530e-02 1.612000000000000099e-01
1.886999999999999789e-01 2.128615241816854409e-02 2.536289144838261081e-02 2.128615241816854409e-02 1.878360000000000030e-01 1.693500038884384121e-02 2.536289144838261081e-02 1.693500038884384121e-02 1.612000000000000099e-01
1.886999999999999789e-01 2.987612568330279272e-02 3.787128963344105204e-02 2.987612568330279272e-02 1.878360000000000030e-01 1.901562577638083243e-02 3.787128963344105204e-02 1.901562577638083243e-02 1.612000000000000099e-01
1.886999999999999789e-01 3.696725344625432369e-02 3.916968991667408445e-02 3.696725344625432369e-02 1.878360000000000030e-01 2.630638758145513803e-02 3.916968991667408445e-02 2.630638758145513803e-02 1.612000000000000099e-01
1.886999999999999789e-01 4.235133051813795568e-02 4.908050319673480655e-02 4.235133051813795568e-02 1.878360000000000030e-01 3.271795011185264085e-02 4.908050319673480655e-02 3.271795011185264085e-02 1.612000000000000099e-01
1.886999999999999789e-01 4.872729079175283640e-02 6.212786098999082546e-02 4.872729079175283640e-02 1.878360000000000030e-01 3.327467462911882362e-02 6.212786098999082546e-02 3.327467462911882362e-02 1.612000000000000099e-01
1.886999999999999789e-01 5.196843430973820815e-02 6.255938198300735331e-02 5.196843430973820815e-02 1.878360000000000030e-01 3.906603076678952235e-02 6.255938198300735331e-02 3.906603076678952235e-02 1.612000000000000099e-01
1.886999999999999789e-01 6.062121000363909773e-02 7.703279953796858537e-02 6.062121000363909773e-02 1.878360000000000030e-01 4.358564529620231887e-02 7.703279953796858537e-02 4.358564529620231887e-02 1.612000000000000099e-01
1.886999999999999789e-01 6.483699928824515624e-02 8.539649367845142391e-02 6.483699928824515624e-02 1.878360000000000030e-01 4.913428383642697711e-02 8.539649367845142391e-02 4.913428383642697711e-02 1.612000000000000099e-01
1.886999999999999789e-01 7.407567879267745736e-02 9.016135794680753268e-02 7.407567879267745736e-02 1.878360000000000030e-01 5.176887653705641162e-02 9.016135794680753268e-02 5.176887653705641162e-02 1.612000000000000099e-01
1.886999999999999789e-01 7.914055426933738757e-02 9.390429798473311218e-02 7.914055426933738757e-02 1.878360000000000030e-01 5.834457706654275211e-02 9.390429798473311218e-02 5.834457706654275211e-02 1.612000000000000099e-01
1.886999999999999789e-01 8.389791401940133175e-02 1.062655824610453797e-01 8.389791401940133175e-02 1.878360000000000030e-01 6.148687582552900266e-02 1.062655824610453797e-01 6.148687582552900266e-02 1.612000000000000099e-01
1.886999999999999789e-01 9.175701728439521199e-02 1.157547096920619745e-01 9.175701728439521199e-02 1.878360000000000030e-01 6.961026798776484559e-02 1.157547096920619745e-01 6.961026798776484559e-02 1.612000000000000099e-01
1.886999999999999789e-01 1.014013052532788395e-01 1.250286578863160913e-01 1.014013052532788395e-01 1.878360000000000030e-01 7.098178934034457543e-02 1.250286578863160913e-01 7.098178934034457543e-02 1.612000000000000099e-01
1.886999999999999789e-01 1.048406802281759004e-01 1.279555984276096181e-01 1.048406802281759004e-01 1.878360000000000030e-01 7.549637593793177837e-02 1.279555984276096181e-01 7.549637593793177837e-02 1.612000000000000099e-01
1.886999999999999789e-01 1.090443195931723036e-01 1.360789005451571443e-01 1.090443195931723036e-01 1.878360000000000030e-01 8.301857765182013571e-02 1.360789005451571443e-01 8.301857765182013571e-02 1.612000000000000099e-01
1.886999999999999789e-01 1.154271281723762005e-01 1.450693541270416664e-01 1.154271281723762005e-01 1.878360000000000030e-01 8.555150418538012835e-02 1.450693541270416664e-01 8.555150418538012835e-02 1.612000000000000099e-01
1.886999999999999789e-01 1.209799999999999903e-01 1.484999999999999931e-01 1.209799999999999903e-01 1.878360000000000030e-01 8.891999999999999904e-02 1.484999999999999931e-01 8.891999999999999904e-02 1.612000000000000099e-01
c: 
1.475999999999999979e+00
1.312000000000000055e+00
2.109999999999999876e+00
