CDF: 
2.800000000000000266e-01 6.500000000000000222e-01 7.299999999999999822e-01 1.000000000000000000e+00
5.000000000000000278e-02 4.299999999999999933e-01 6.400000000000000133e-01 1.000000000000000000e+00
5.200000000000000178e-01 5.400000000000000355e-01 6.099999999999999867e-01 1.000000000000000000e+00
sigma: 
1.562240000000000018e-01 6.450909534221353249e-03 4.662277941314663630e-03 6.450909534221353249e-03 1.383999999999999952e-01 8.387782125357448257e-03 4.662277941314663630e-03 8.387782125357448257e-03 2.239160000000000039e-01
1.562240000000000018e-01 9.427455431366301569e-03 1.287534384374198690e-02 9.427455431366301569e-03 1.383999999999999952e-01 1.205651054600770898e-02 1.287534384374198690e-02 1.205651054600770898e-02 2.239160000000000039e-01
1.562240000000000018e-01 1.990379993439266720e-02 2.101831336117119045e-02 1.990379993439266720e-02 1.383999999999999952e-01 2.115251661625680221e-02 2.101831336117119045e-02 2.115251661625680221e-02 2.239160000000000039e-01
1.562240000000000018e-01 2.605480994811900861e-02 2.678694859574987097e-02 2.605480994811900861e-02 1.383999999999999952e-01 3.348757890709123941e-02 2.678694859574987097e-02 3.348757890709123941e-02 2.239160000000000039e-01
1.562240000000000018e-01 3.085495686819255540e-02 3.895864420461757349e-02 3.085495686819255540e-02 1.383999999999999952e-01 4.241667659263476803e-02 3.895864420461757349e-02 4.241667659263476803e-02 2.239160000000000039e-01
1.562240000000000018e-01 3.971715321774583335e-02 4.883924523757308261e-02 3.971715321774583335e-02 1.383999999999999952e-01 4.827734975544618196e-02 4.883924523757308261e-02 4.827734975544618196e-02 2.239160000000000039e-01
1.562240000000000018e-01 4.811180660523196873e-02 5.672168783578188794e-02 4.811180660523196873e-02 1.383999999999999952e-01 5.290655959117062518e-02 5.672168783578188794e-02 5.290655959117062518e-02 2.239160000000000039e-01
1.562240000000000018e-01 5.447749148123094687e-02 5.990370582762188922e-02 5.447749148123094687e-02 1.383999999999999952e-01 6.148859713043985237e-02 5.990370582762188922e-02 6.148859713043985237e-02 2.239160000000000039e-01
1.562240000000000018e-01 5.829470688539813844e-02 7.406553258461662237e-02 5.829470688539813844e-02 1.383999999999999952e-01 7.168197238341178501e-02 7.406553258461662237e-02 7.168197238341178501e-02 2.239160000000000039e-01
1.562240000000000018e-01 6.473232842050907765e-02 7.727614207395404333e-02 6.473232842050907765e-02 1.383999999999999952e-01 8.273502362066632865e-02 7.727614207395404333e-02 8.273502362066632865e-02 2.239160000000000039e-01
1.562240000000000018e-01 7.134962566998818978e-02 8.573006643736359733e-02 7.134962566998818978e-02 1.383999999999999952e-01 8.963186194269896767e-02 8.573006643736359733e-02 8.963186194269896767e-02 2.239160000000000039e-01
1.562240000000000018e-01 8.244236065358447052e-02 9.928037499286733458e-02 8.244236065358447052e-02 1.383999999999999952e-01 1.040234720238193272e-01 9.928037499286733458e-02 1.040234720238193272e-01 2.239160000000000039e-01
1.562240000000000018e-01 8.540031791230297264e-02 1.021324141227580723e-01 8.540031791230297264e-02 1.383999999999999952e-01 1.106999914761783443e-01 1.021324141227580723e-01 1.106999914761783443e-01 2.239160000000000039e-01
1.562240000000000018e-01 9.524756843763768077e-02 1.132577885290704661e-01 9.524756843763768077e-02 1.383999999999999952e-01 1.160763225947989280e-01 1.132577885290704661e-01 1.160763225947989280e-01 2.239160000000000039e-01
1.562240000000000018e-01 9.722612111309894556e-02 1.167170802716246125e-01 9.722612111309894556e-02 1.383999999999999952e-01 1.295961424496220316e-01 1.167170802716246125e-01 1.295961424496220316e-01 2.239160000000000039e-01
1.562240000000000018e-01 1.102470011227083962e-01 1.299206489494043326e-01 1.102470011227083962e-01 1.383999999999999952e-01 1.313683246566109963e-01 1.299206489494043326e-01 1.313683246566109963e-01 2.239160000000000039e-01
1.562240000000000018e-01 1.168932020219960455e-01 1.373999809250943116e-01 1.168932020219960455e-01 1.383999999999999952e-01 1.453680473552144414e-01 1.373999809250943116e-01 1.453680473552144414e-01 2.239160000000000039e-01
1.562240000000000018e-01 1.224993169293985273e-01 1.439090500064451328e-01 1.224993169293985273e-01 1.383999999999999952e-01 1.559417190943518938e-01 1.439090500064451328e-01 1.559417190943518938e-01 2.239160000000000039e-01
1.562240000000000018e-01 1.252034097803652879e-01 1.569496315543133513e-01 1.252034097803652879e-01 1.383999999999999952e-01 1.634533773970242854e-01 1.569496315543133513e-01 1.634533773970242854e-01 2.239160000000000039e-01
1.562240000000000018e-01 1.312800000000000078e-01 1.577280000000000071e-01 1.312800000000000078e-01 1.383999999999999952e-01 1.653600000000000070e-01 1.577280000000000071e-01 1.653600000000000070e-01 2.239160000000000039e-01
c: 
1.409000000000000030e+00
2.644000000000000128e+00
2.048000000000000043e+00
