CDF: 
2.899999999999999800e-01 6.700000000000000400e-01 8.000000000000000444e-01 1.000000000000000000e+00
2.700000000000000178e-01 6.300000000000000044e-01 6.800000000000000488e-01 1.000000000000000000e+00
2.500000000000000000e-01 5.400000000000000355e-01 6.899999999999999467e-01 1.000000000000000000e+00
sigma: 
1.387710000000000055e-01 3.200384929448186512e-03 5.399347428414158837e-03 3.200384929448186512e-03 1.904589999999999894e-01 9.363064420791275891e-03 5.399347428414158837e-03 9.363064420791275891e-03 1.789440000000000197e-01
1.387710000000000055e-01 9.305038586364982461e-03 1.175441647831728699e-02 9.305038586364982461e-03 1.904589999999999894e-01 1.502317827446686058e-02 1.175441647831728699e-02 1.502317827446686058e-02 1.789440000000000197e-01
1.387710000000000055e-01 2.002969042164037816e-02 1.828389965151579893e-02 2.002969042164037816e-02 1.904589999999999894e-01 2.138340660664525203e-02 1.828389965151579893e-02 2.138340660664525203e-02 1.789440000000000197e-01
1.387710000000000055e-01 2.866049289678255022e-02 2.697519781891113966e-02 2.866049289678255022e-02 1.904589999999999894e-01 3.208405899281920742e-02 2.697519781891113966e-02 3.208405899281920742e-02 1.789440000000000197e-01
1.387710000000000055e-01 3.576144770962107200e-02 3.453713215822644400e-02 3.576144770962107200e-02 1.904589999999999894e-01 3.953395891301159787e-02 3.453713215822644400e-02 3.953395891301159787e-02 1.789440000000000197e-01
1.387710000000000055e-01 4.182210854819861517e-02 3.774352399199232266e-02 4.182210854819861517e-02 1.904589999999999894e-01 5.003320666534921690e-02 3.774352399199232266e-02 5.003320666534921690e-02 1.789440000000000197e-01
1.387710000000000055e-01 4.841031556587258727e-02 4.411582020190023268e-02 4.841031556587258727e-02 1.904589999999999894e-01 6.154882767741055166e-02 4.411582020190023268e-02 6.154882767741055166e-02 1.789440000000000197e-01
1.387710000000000055e-01 5.607477860751691745e-02 5.185141686801769678e-02 5.607477860751691745e-02 1.904589999999999894e-01 7.498310338830369015e-02 5.185141686801769678e-02 7.498310338830369015e-02 1.789440000000000197e-01
1.387710000000000055e-01 5.957098016214926184e-02 5.887613453489615178e-02 5.957098016214926184e-02 1.904589999999999894e-01 8.433416676633981313e-02 5.887613453489615178e-02 8.433416676633981313e-02 1.789440000000000197e-01
1.387710000000000055e-01 7.093709941877644753e-02 7.020309669329936886e-02 7.093709941877644753e-02 1.904589999999999894e-01 9.344781647328583019e-02 7.020309669329936886e-02 9.344781647328583019e-02 1.789440000000000197e-01
1.387710000000000055e-01 7.527290787366214264e-02 7.421603687746718137e-02 7.527290787366214264e-02 1.904589999999999894e-01 9.499707363467711774e-02 7.421603687746718137e-02 9.499707363467711774e-02 1.789440000000000197e-01
1.387710000000000055e-01 8.361578969590470478e-02 7.818034468734634534e-02 8.361578969590470478e-02 1.904589999999999894e-01 1.076466066034239000e-01 7.818034468734634534e-02 1.076466066034239000e-01 1.789440000000000197e-01
1.387710000000000055e-01 9.314706448188787846e-02 8.617925039799492759e-02 9.314706448188787846e-02 1.904589999999999894e-01 1.208946283709643466e-01 8.617925039799492759e-02 1.208946283709643466e-01 1.789440000000000197e-01
1.387710000000000055e-01 9.944607458276195910e-02 9.256067165899058147e-02 9.944607458276195910e-02 1.904589999999999894e-01 1.287680471594823128e-01 9.256067165899058147e-02 1.287680471594823128e-01 1.789440000000000197e-01
1.387710000000000055e-01 1.026420690395582896e-01 1.040947203849150876e-01 1.026420690395582896e-01 1.904589999999999894e-01 1.368723739840849163e-01 1.040947203849150876e-01 1.368723739840849163e-01 1.789440000000000197e-01
1.387710000000000055e-01 1.105303515812649379e-01 1.078665934010847871e-01 1.105303515812649379e-01 1.904589999999999894e-01 1.453124428014054004e-01 1.078665934010847871e-01 1.453124428014054004e-01 1.789440000000000197e-01
1.387710000000000055e-01 1.172484578194461502e-01 1.151262958541788423e-01 1.172484578194461502e-01 1.904589999999999894e-01 1.574360315571293745e-01 1.151262958541788423e-01 1.574360315571293745e-01 1.789440000000000197e-01
1.387710000000000055e-01 1.308881242366075892e-01 1.273618108380894232e-01 1.308881242366075892e-01 1.904589999999999894e-01 1.622264255373764286e-01 1.273618108380894232e-01 1.622264255373764286e-01 1.789440000000000197e-01
1.387710000000000055e-01 1.334601226032519072e-01 1.347093035460674715e-01 1.334601226032519072e-01 1.904589999999999894e-01 1.724378007650859135e-01 1.347093035460674715e-01 1.724378007650859135e-01 1.789440000000000197e-01
1.387710000000000055e-01 1.387329999999999952e-01 1.348320000000000074e-01 1.387329999999999952e-01 1.904589999999999894e-01 1.804360000000000130e-01 1.348320000000000074e-01 1.804360000000000130e-01 1.789440000000000197e-01
c: 
2.299999999999999822e+00
1.881999999999999895e+00
1.887000000000000011e+00
