CDF: 
3.699999999999999956e-01 5.999999999999999778e-01 7.199999999999999734e-01 1.000000000000000000e+00
1.100000000000000006e-01 3.900000000000000133e-01 4.400000000000000022e-01 1.000000000000000000e+00
5.200000000000000178e-01 5.899999999999999689e-01 6.500000000000000222e-01 1.000000000000000000e+00
sigma: 
1.781790000000000318e-01 3.705521821998194153e-03 6.605557982158917311e-03 3.705521821998194153e-03 2.036910000000000387e-01 2.369145895381468640e-03 6.605557982158917311e-03 2.369145895381468640e-03 2.154750000000000276e-01
1.781790000000000318e-01 1.080002476084079149e-02 1.846333342651576559e-02 1.080002476084079149e-02 2.036910000000000387e-01 1.445805472882829255e-02 1.846333342651576559e-02 1.445805472882829255e-02 2.154750000000000276e-01
1.781790000000000318e-01 1.475815512664021591e-02 2.501682854061565084e-02 1.475815512664021591e-02 2.036910000000000387e-01 1.800392230803497806e-02 2.501682854061565084e-02 1.800392230803497806e-02 2.154750000000000276e-01
1.781790000000000318e-01 2.474537311313833657e-02 3.218684547600846046e-02 2.474537311313833657e-02 2.036910000000000387e-01 2.641229477988633889e-02 3.218684547600846046e-02 2.641229477988633889e-02 2.154750000000000276e-01
1.781790000000000318e-01 3.087558687695374574e-02 4.625519270669375266e-02 3.087558687695374574e-02 2.036910000000000387e-01 3.258638326928624263e-02 4.625519270669375266e-02 3.258638326928624263e-02 2.154750000000000276e-01
1.781790000000000318e-01 3.742577105761767109e-02 4.842036366883990806e-02 3.742577105761767109e-02 2.036910000000000387e-01 4.488796858445114751e-02 4.842036366883990806e-02 4.488796858445114751e-02 2.154750000000000276e-01
1.781790000000000318e-01 4.586932698071068820e-02 6.138338304254056105e-02 4.586932698071068820e-02 2.036910000000000387e-01 4.776356902112278979e-02 6.138338304254056105e-02 4.776356902112278979e-02 2.154750000000000276e-01
1.781790000000000318e-01 5.191809020972811689e-02 7.540818583294046917e-02 5.191809020972811689e-02 2.036910000000000387e-01 6.206919039701883772e-02 7.540818583294046917e-02 6.206919039701883772e-02 2.154750000000000276e-01
1.781790000000000318e-01 6.041551475355801809e-02 8.426961732615055600e-02 6.041551475355801809e-02 2.036910000000000387e-01 6.922073863490255108e-02 8.426961732615055600e-02 6.922073863490255108e-02 2.154750000000000276e-01
1.781790000000000318e-01 6.742495695854185123e-02 9.197675851710269967e-02 6.742495695854185123e-02 2.036910000000000387e-01 7.217656136976519088e-02 9.197675851710269967e-02 7.217656136976519088e-02 2.154750000000000276e-01
1.781790000000000318e-01 7.393289917019688073e-02 9.769524005161715763e-02 7.393289917019688073e-02 2.036910000000000387e-01 8.447582013576836191e-02 9.769524005161715763e-02 8.447582013576836191e-02 2.154750000000000276e-01
1.781790000000000318e-01 8.033940090017363533e-02 1.084825328862325244e-01 8.033940090017363533e-02 2.036910000000000387e-01 9.386162305757451974e-02 1.084825328862325244e-01 9.386162305757451974e-02 2.154750000000000276e-01
1.781790000000000318e-01 8.327950757970029039e-02 1.157944011904302878e-01 8.327950757970029039e-02 2.036910000000000387e-01 9.922182539930077261e-02 1.157944011904302878e-01 9.922182539930077261e-02 2.154750000000000276e-01
1.781790000000000318e-01 9.276188127852695586e-02 1.245607192275775960e-01 9.276188127852695586e-02 2.036910000000000387e-01 1.044935188260499026e-01 1.245607192275775960e-01 1.044935188260499026e-01 2.154750000000000276e-01
1.781790000000000318e-01 1.002830300197388863e-01 1.389772189135665414e-01 1.002830300197388863e-01 2.036910000000000387e-01 1.137319707517952111e-01 1.389772189135665414e-01 1.137319707517952111e-01 2.154750000000000276e-01
1.781790000000000318e-01 1.060999734719389048e-01 1.445596448435437775e-01 1.060999734719389048e-01 2.036910000000000387e-01 1.175454941236894341e-01 1.445596448435437775e-01 1.175454941236894341e-01 2.154750000000000276e-01
1.781790000000000318e-01 1.136650198698311437e-01 1.587282791443676844e-01 1.136650198698311437e-01 2.036910000000000387e-01 1.282790144239936425e-01 1.587282791443676844e-01 1.282790144239936425e-01 2.154750000000000276e-01
1.781790000000000318e-01 1.214906201076910996e-01 1.665091139871142378e-01 1.214906201076910996e-01 2.036910000000000387e-01 1.406276230899392576e-01 1.665091139871142378e-01 1.406276230899392576e-01 2.154750000000000276e-01
1.781790000000000318e-01 1.280924443871097607e-01 1.776119943800456846e-01 1.280924443871097607e-01 2.036910000000000387e-01 1.441879003726599384e-01 1.776119943800456846e-01 1.441879003726599384e-01 2.154750000000000276e-01
1.781790000000000318e-01 1.292830000000000368e-01 1.793750000000000344e-01 1.292830000000000368e-01 2.036910000000000387e-01 1.488750000000000073e-01 1.793750000000000344e-01 1.488750000000000073e-01 2.154750000000000276e-01
c: 
1.332999999999999963e+00
1.235000000000000098e+00
1.766000000000000014e+00
