CDF: 
2.000000000000000111e-01 3.300000000000000155e-01 5.500000000000000444e-01 1.000000000000000000e+00
3.699999999999999956e-01 4.199999999999999845e-01 7.700000000000000178e-01 1.000000000000000000e+00
3.200000000000000067e-01 3.900000000000000133e-01 6.099999999999999867e-01 1.000000000000000000e+00
sigma: 
1.912589999999999568e-01 1.442176721994236407e-03 5.649875219418303354e-03 1.442176721994236407e-03 1.463999999999999746e-01 1.299961188292736523e-03 5.649875219418303354e-03 1.299961188292736523e-03 1.961309999999999998e-01
1.912589999999999568e-01 7.377602226719573268e-03 1.772598728615079611e-02 7.377602226719573268e-03 1.463999999999999746e-01 1.040819381510029763e-02 1.772598728615079611e-02 1.040819381510029763e-02 1.961309999999999998e-01
1.912589999999999568e-01 1.414470460562681012e-02 2.631915039858502905e-02 1.414470460562681012e-02 1.463999999999999746e-01 1.670497494454285456e-02 2.631915039858502905e-02 1.670497494454285456e-02 1.961309999999999998e-01
1.912589999999999568e-01 2.107832505933111139e-02 3.496081231527334993e-02 2.107832505933111139e-02 1.463999999999999746e-01 2.443470838768569200e-02 3.496081231527334993e-02 2.443470838768569200e-02 1.961309999999999998e-01
1.912589999999999568e-01 3.072468405390920212e-02 4.710728795817329534e-02 3.072468405390920212e-02 1.463999999999999746e-01 3.007599149134496802e-02 4.710728795817329534e-02 3.007599149134496802e-02 1.961309999999999998e-01
1.912589999999999568e-01 3.434730746809441099e-02 5.518883541094255635e-02 3.434730746809441099e-02 1.463999999999999746e-01 3.787793189342654465e-02 5.518883541094255635e-02 3.787793189342654465e-02 1.961309999999999998e-01
1.912589999999999568e-01 4.557683161419114753e-02 6.027883398434343010e-02 4.557683161419114753e-02 1.463999999999999746e-01 4.787017777905439031e-02 6.027883398434343010e-02 4.787017777905439031e-02 1.961309999999999998e-01
1.912589999999999568e-01 5.148548348226281157e-02 6.772354012901579678e-02 5.148548348226281157e-02 1.463999999999999746e-01 5.713203316346399802e-02 6.772354012901579678e-02 5.713203316346399802e-02 1.961309999999999998e-01
1.912589999999999568e-01 5.636251214799864462e-02 7.909315120372446828e-02 5.636251214799864462e-02 1.463999999999999746e-01 6.102767596996176713e-02 7.909315120372446828e-02 6.102767596996176713e-02 1.961309999999999998e-01
1.912589999999999568e-01 6.778393798857272612e-02 9.095215347861901334e-02 6.778393798857272612e-02 1.463999999999999746e-01 6.880901321721352715e-02 9.095215347861901334e-02 6.880901321721352715e-02 1.961309999999999998e-01
1.912589999999999568e-01 7.280968852655289592e-02 9.989616241590663914e-02 7.280968852655289592e-02 1.463999999999999746e-01 7.331641860108426001e-02 9.989616241590663914e-02 7.331641860108426001e-02 1.961309999999999998e-01
1.912589999999999568e-01 7.995423553688393858e-02 1.074752871342187083e-01 7.995423553688393858e-02 1.463999999999999746e-01 8.174227472264378180e-02 1.074752871342187083e-01 8.174227472264378180e-02 1.961309999999999998e-01
1.912589999999999568e-01 8.471625725032906618e-02 1.209385515655949234e-01 8.471625725032906618e-02 1.463999999999999746e-01 9.326224650134640193e-02 1.209385515655949234e-01 9.326224650134640193e-02 1.961309999999999998e-01
1.912589999999999568e-01 9.016217114408046907e-02 1.285181404644781811e-01 9.016217114408046907e-02 1.463999999999999746e-01 9.881156293775510135e-02 1.285181404644781811e-01 9.881156293775510135e-02 1.961309999999999998e-01
1.912589999999999568e-01 9.900927050434452092e-02 1.389879727377280327e-01 9.900927050434452092e-02 1.463999999999999746e-01 1.093171708007991544e-01 1.389879727377280327e-01 1.093171708007991544e-01 1.961309999999999998e-01
1.912589999999999568e-01 1.076889160486266400e-01 1.450088174872258828e-01 1.076889160486266400e-01 1.463999999999999746e-01 1.147652603310884284e-01 1.450088174872258828e-01 1.147652603310884284e-01 1.961309999999999998e-01
1.912589999999999568e-01 1.104867034344432231e-01 1.594551522454775716e-01 1.104867034344432231e-01 1.463999999999999746e-01 1.213699483819015018e-01 1.594551522454775716e-01 1.213699483819015018e-01 1.961309999999999998e-01
1.912589999999999568e-01 1.206458471044312974e-01 1.624379288042817893e-01 1.206458471044312974e-01 1.463999999999999746e-01 1.243042611823176463e-01 1.624379288042817893e-01 1.243042611823176463e-01 1.961309999999999998e-01
1.912589999999999568e-01 1.278430194591325675e-01 1.769555336869706175e-01 1.278430194591325675e-01 1.463999999999999746e-01 1.337286041798539937e-01 1.769555336869706175e-01 1.337286041798539937e-01 1.961309999999999998e-01
1.912589999999999568e-01 1.293399999999999828e-01 1.793730000000000047e-01 1.293399999999999828e-01 1.463999999999999746e-01 1.387799999999999867e-01 1.793730000000000047e-01 1.387799999999999867e-01 1.961309999999999998e-01
c: 
1.427999999999999936e+00
2.432999999999999829e+00
2.640000000000000124e+00
