CDF: 
1.100000000000000006e-01 1.499999999999999944e-01 2.600000000000000089e-01 1.000000000000000000e+00
1.799999999999999933e-01 3.099999999999999978e-01 6.999999999999999556e-01 1.000000000000000000e+00
2.200000000000000011e-01 2.700000000000000178e-01 3.400000000000000244e-01 1.000000000000000000e+00
sigma: 
1.465710000000000068e-01 3.236459348029131679e-03 7.373577886760578461e-04 3.236459348029131679e-03 1.515000000000000235e-01 4.995197282886046017e-03 7.373577886760578461e-04 4.995197282886046884e-03 1.962040000000000173e-01
1.465710000000000068e-01 7.983530059337131529e-03 1.005685686100650511e-02 7.983530059337131529e-03 1.515000000000000235e-01 8.148937798884555925e-03 1.005685686100650511e-02 8.148937798884557659e-03 1.962040000000000173e-01
1.465710000000000068e-01 9.977102242314453071e-03 2.004386008501168187e-02 9.977102242314453071e-03 1.515000000000000235e-01 1.697581574597525206e-02 2.004386008501168187e-02 1.697581574597525206e-02 1.962040000000000173e-01
1.465710000000000068e-01 1.508263509345423095e-02 2.829711581406526427e-02 1.508263509345423095e-02 1.515000000000000235e-01 2.399303830722561773e-02 2.829711581406526427e-02 2.399303830722562120e-02 1.962040000000000173e-01
1.465710000000000068e-01 1.951859793157904518e-02 3.209071686150241631e-02 1.951859793157904518e-02 1.515000000000000235e-01 2.791144247148416233e-02 3.209071686150241631e-02 2.791144247148416579e-02 1.962040000000000173e-01
1.465710000000000068e-01 2.639200507461325271e-02 4.659291290197715291e-02 2.639200507461325271e-02 1.515000000000000235e-01 3.343159326753904204e-02 4.659291290197715291e-02 3.343159326753904897e-02 1.962040000000000173e-01
1.465710000000000068e-01 3.131585876426330739e-02 5.073176061369540774e-02 3.131585876426330739e-02 1.515000000000000235e-01 4.179120077918339199e-02 5.073176061369540774e-02 4.179120077918339199e-02 1.962040000000000173e-01
1.465710000000000068e-01 3.349111155348873103e-02 5.864539352152609714e-02 3.349111155348873103e-02 1.515000000000000235e-01 4.358185346810777849e-02 5.864539352152609714e-02 4.358185346810778543e-02 1.962040000000000173e-01
1.465710000000000068e-01 3.989140821163925099e-02 6.526419778071172739e-02 3.989140821163925099e-02 1.515000000000000235e-01 5.195426270199225705e-02 6.526419778071172739e-02 5.195426270199225705e-02 1.962040000000000173e-01
1.465710000000000068e-01 4.448068116529829696e-02 7.474385737615404923e-02 4.448068116529829696e-02 1.515000000000000235e-01 5.871182347612294294e-02 7.474385737615404923e-02 5.871182347612294988e-02 1.962040000000000173e-01
1.465710000000000068e-01 5.056762601246784367e-02 8.647030032971239621e-02 5.056762601246784367e-02 1.515000000000000235e-01 6.481584643222940145e-02 8.647030032971239621e-02 6.481584643222941533e-02 1.962040000000000173e-01
1.465710000000000068e-01 5.566000136077332155e-02 9.405764579243712509e-02 5.566000136077332155e-02 1.515000000000000235e-01 6.942340996127667474e-02 9.405764579243712509e-02 6.942340996127667474e-02 1.962040000000000173e-01
1.465710000000000068e-01 5.970825925180819199e-02 9.774604168748522726e-02 5.970825925180819199e-02 1.515000000000000235e-01 7.700447149930568502e-02 9.774604168748522726e-02 7.700447149930569890e-02 1.962040000000000173e-01
1.465710000000000068e-01 6.625539340839324554e-02 1.062207868598014221e-01 6.625539340839324554e-02 1.515000000000000235e-01 8.186625458845074588e-02 1.062207868598014221e-01 8.186625458845075975e-02 1.962040000000000173e-01
1.465710000000000068e-01 6.950147064327290292e-02 1.135537659491587525e-01 6.950147064327290292e-02 1.515000000000000235e-01 8.769487996002404973e-02 1.135537659491587525e-01 8.769487996002406360e-02 1.962040000000000173e-01
1.465710000000000068e-01 7.301140763661741195e-02 1.241074517609184052e-01 7.301140763661741195e-02 1.515000000000000235e-01 9.846370535834898796e-02 1.241074517609184052e-01 9.846370535834900184e-02 1.962040000000000173e-01
1.465710000000000068e-01 7.940149110134037125e-02 1.340374756013361923e-01 7.940149110134037125e-02 1.515000000000000235e-01 1.041852468993404446e-01 1.340374756013361923e-01 1.041852468993404585e-01 1.962040000000000173e-01
1.465710000000000068e-01 8.367997546616715021e-02 1.380085522098306594e-01 8.367997546616715021e-02 1.515000000000000235e-01 1.067168674154926750e-01 1.380085522098306594e-01 1.067168674154926888e-01 1.962040000000000173e-01
1.465710000000000068e-01 8.748677774896025661e-02 1.498969564207770222e-01 8.748677774896025661e-02 1.515000000000000235e-01 1.129162760275034399e-01 1.498969564207770222e-01 1.129162760275034399e-01 1.962040000000000173e-01
1.465710000000000068e-01 9.028999999999999526e-02 1.501780000000000059e-01 9.028999999999999526e-02 1.515000000000000235e-01 1.174199999999999966e-01 1.501780000000000059e-01 1.174200000000000105e-01 1.962040000000000173e-01
c: 
2.950000000000000178e+00
1.401000000000000023e+00
2.056999999999999940e+00
