CDF: 
2.200000000000000011e-01 3.300000000000000155e-01 4.099999999999999756e-01 1.000000000000000000e+00
2.500000000000000000e-01 4.199999999999999845e-01 4.799999999999999822e-01 1.000000000000000000e+00
1.700000000000000122e-01 3.599999999999999867e-01 4.899999999999999911e-01 1.000000000000000000e+00
sigma: 
2.076749999999999985e-01 8.114466425137753861e-03 7.128878602584384251e-03 8.114466425137753861e-03 2.190749999999999920e-01 7.109277288782661630e-03 7.128878602584384251e-03 7.109277288782661630e-03 2.009759999999999880e-01
2.076749999999999985e-01 1.959784073707099977e-02 1.223220142703364093e-02 1.959784073707099977e-02 2.190749999999999920e-01 2.003462750233143269e-02 1.223220142703364093e-02 2.003462750233143269e-02 2.009759999999999880e-01
2.076749999999999985e-01 2.510337476026828357e-02 2.178283938788430976e-02 2.510337476026828357e-02 2.190749999999999920e-01 3.125871786447631528e-02 2.178283938788430976e-02 3.125871786447631528e-02 2.009759999999999880e-01
2.076749999999999985e-01 3.958418761035457228e-02 3.243781570019382832e-02 3.958418761035457228e-02 2.190749999999999920e-01 3.954222264405863468e-02 3.243781570019382832e-02 3.954222264405863468e-02 2.009759999999999880e-01
2.076749999999999985e-01 5.023215724423273076e-02 4.143012925340587571e-02 5.023215724423273076e-02 2.190749999999999920e-01 4.753844865299935302e-02 4.143012925340587571e-02 4.753844865299935302e-02 2.009759999999999880e-01
2.076749999999999985e-01 5.176203814005513743e-02 5.852267712232182839e-02 5.176203814005513743e-02 2.190749999999999920e-01 5.887598213320183876e-02 5.852267712232182839e-02 5.887598213320183876e-02 2.009759999999999880e-01
2.076749999999999985e-01 6.579459286913590110e-02 5.998141984144449851e-02 6.579459286913590110e-02 2.190749999999999920e-01 6.720768787985934023e-02 5.998141984144449851e-02 6.720768787985934023e-02 2.009759999999999880e-01
2.076749999999999985e-01 7.242206577545713675e-02 6.982114934480720958e-02 7.242206577545713675e-02 2.190749999999999920e-01 7.796454332513273744e-02 6.982114934480720958e-02 7.796454332513273744e-02 2.009759999999999880e-01
2.076749999999999985e-01 8.901521710203359750e-02 7.916952173165114903e-02 8.901521710203359750e-02 2.190749999999999920e-01 9.208419573883554199e-02 7.916952173165114903e-02 9.208419573883554199e-02 2.009759999999999880e-01
2.076749999999999985e-01 9.291833239827518298e-02 9.215794032516873291e-02 9.291833239827518298e-02 2.190749999999999920e-01 1.008921148841767923e-01 9.215794032516873291e-02 1.008921148841767923e-01 2.009759999999999880e-01
2.076749999999999985e-01 1.129647526564500348e-01 1.026735113137247080e-01 1.129647526564500348e-01 2.190749999999999920e-01 1.185593185249265991e-01 1.026735113137247080e-01 1.185593185249265991e-01 2.009759999999999880e-01
2.076749999999999985e-01 1.154791241107820110e-01 1.141058843603240669e-01 1.154791241107820110e-01 2.190749999999999920e-01 1.279095300483454045e-01 1.141058843603240669e-01 1.279095300483454045e-01 2.009759999999999880e-01
2.076749999999999985e-01 1.263845871240076302e-01 1.255198861714514336e-01 1.263845871240076302e-01 2.190749999999999920e-01 1.355873878330421944e-01 1.255198861714514336e-01 1.355873878330421944e-01 2.009759999999999880e-01
2.076749999999999985e-01 1.417492627455798349e-01 1.331801964558397000e-01 1.417492627455798349e-01 2.190749999999999920e-01 1.457365142566381111e-01 1.331801964558397000e-01 1.457365142566381111e-01 2.009759999999999880e-01
2.076749999999999985e-01 1.531891832011328114e-01 1.463603163409771812e-01 1.531891832011328114e-01 2.190749999999999920e-01 1.547157862328245870e-01 1.463603163409771812e-01 1.547157862328245870e-01 2.009759999999999880e-01
2.076749999999999985e-01 1.567629315590163552e-01 1.468037788316115533e-01 1.567629315590163552e-01 2.190749999999999920e-01 1.712358228280643491e-01 1.468037788316115533e-01 1.712358228280643491e-01 2.009759999999999880e-01
2.076749999999999985e-01 1.695258497539550713e-01 1.605358776613522998e-01 1.695258497539550713e-01 2.190749999999999920e-01 1.820423568329078423e-01 1.605358776613522998e-01 1.820423568329078423e-01 2.009759999999999880e-01
2.076749999999999985e-01 1.809605402320821621e-01 1.731227784796384173e-01 1.809605402320821621e-01 2.190749999999999920e-01 1.887568774101206215e-01 1.731227784796384173e-01 1.887568774101206215e-01 2.009759999999999880e-01
2.076749999999999985e-01 1.858403474675991707e-01 1.826295658409834710e-01 1.858403474675991707e-01 2.190749999999999920e-01 2.023104535135188120e-01 1.826295658409834710e-01 2.023104535135188120e-01 2.009759999999999880e-01
2.076749999999999985e-01 1.953249999999999986e-01 1.854999999999999982e-01 1.953249999999999986e-01 2.190749999999999920e-01 2.060600000000000209e-01 1.854999999999999982e-01 2.060600000000000209e-01 2.009759999999999880e-01
c: 
1.594999999999999973e+00
2.338999999999999968e+00
2.919999999999999929e+00
