CDF: 
4.000000000000000222e-01 4.500000000000000111e-01 4.699999999999999734e-01 1.000000000000000000e+00
4.400000000000000022e-01 5.600000000000000533e-01 7.099999999999999645e-01 1.000000000000000000e+00
8.999999999999999667e-02 4.799999999999999822e-01 5.699999999999999512e-01 1.000000000000000000e+00
sigma: 
2.348959999999999937e-01 6.010823274113419670e-03 2.848481137590062971e-03 6.010823274113419670e-03 1.789239999999999720e-01 7.263088301048169909e-03 2.848481137590062971e-03 7.263088301048169909e-03 1.640639999999999876e-01
2.348959999999999937e-01 1.101854521776070642e-02 1.253162703257076731e-02 1.101854521776070642e-02 1.789239999999999720e-01 1.284334267807015970e-02 1.253162703257076731e-02 1.284334267807015970e-02 1.640639999999999876e-01
2.348959999999999937e-01 2.210645533764361154e-02 2.005240762836628041e-02 2.210645533764361154e-02 1.789239999999999720e-01 2.305339418731191040e-02 2.005240762836628041e-02 2.305339418731191040e-02 1.640639999999999876e-01
2.348959999999999937e-01 3.347149448832546781e-02 3.178328795920045552e-02 3.347149448832546781e-02 1.789239999999999720e-01 2.597314382856612605e-02 3.178328795920045552e-02 2.597314382856612605e-02 1.640639999999999876e-01
2.348959999999999937e-01 3.881842430487882079e-02 4.193397611040686895e-02 3.881842430487882079e-02 1.789239999999999720e-01 3.863745211383622785e-02 4.193397611040686895e-02 3.863745211383622785e-02 1.640639999999999876e-01
2.348959999999999937e-01 4.703542884617308711e-02 5.312272070683828062e-02 4.703542884617308711e-02 1.789239999999999720e-01 4.486383058625575959e-02 5.312272070683828062e-02 4.486383058625575959e-02 1.640639999999999876e-01
2.348959999999999937e-01 5.433444880650119269e-02 6.252065233140925715e-02 5.433444880650119269e-02 1.789239999999999720e-01 5.160988267577037297e-02 6.252065233140925715e-02 5.160988267577037297e-02 1.640639999999999876e-01
2.348959999999999937e-01 6.826534022168337379e-02 7.182574034559317810e-02 6.826534022168337379e-02 1.789239999999999720e-01 5.635866608760700669e-02 7.182574034559317810e-02 5.635866608760700669e-02 1.640639999999999876e-01
2.348959999999999937e-01 7.613692763754952020e-02 7.896181909933631948e-02 7.613692763754952020e-02 1.789239999999999720e-01 6.783946743910947152e-02 7.896181909933631948e-02 6.783946743910947152e-02 1.640639999999999876e-01
2.348959999999999937e-01 7.991432410833801403e-02 8.718121143232969439e-02 7.991432410833801403e-02 1.789239999999999720e-01 7.949991800321547231e-02 8.718121143232969439e-02 7.949991800321547231e-02 1.640639999999999876e-01
2.348959999999999937e-01 9.452978859188697347e-02 9.278833805941819057e-02 9.452978859188697347e-02 1.789239999999999720e-01 8.013297156120931242e-02 9.278833805941819057e-02 8.013297156120931242e-02 1.640639999999999876e-01
2.348959999999999937e-01 1.012528548724245386e-01 1.055933671660482520e-01 1.012528548724245386e-01 1.789239999999999720e-01 9.083548540348457268e-02 1.055933671660482520e-01 9.083548540348457268e-02 1.640639999999999876e-01
2.348959999999999937e-01 1.080430385991942299e-01 1.174526079335980466e-01 1.080430385991942299e-01 1.789239999999999720e-01 1.035003728423751074e-01 1.174526079335980466e-01 1.035003728423751074e-01 1.640639999999999876e-01
2.348959999999999937e-01 1.192616388952828371e-01 1.227903455058237808e-01 1.192616388952828371e-01 1.789239999999999720e-01 1.076635117579936018e-01 1.227903455058237808e-01 1.076635117579936018e-01 1.640639999999999876e-01
2.348959999999999937e-01 1.284766447821466262e-01 1.303397802029738206e-01 1.284766447821466262e-01 1.789239999999999720e-01 1.136259712687489043e-01 1.303397802029738206e-01 1.136259712687489043e-01 1.640639999999999876e-01
2.348959999999999937e-01 1.314578510914011789e-01 1.403232321249063830e-01 1.314578510914011789e-01 1.789239999999999720e-01 1.223746335872303165e-01 1.403232321249063830e-01 1.223746335872303165e-01 1.640639999999999876e-01
2.348959999999999937e-01 1.397095019006975858e-01 1.469431076226775101e-01 1.397095019006975858e-01 1.789239999999999720e-01 1.295911321911419056e-01 1.469431076226775101e-01 1.295911321911419056e-01 1.640639999999999876e-01
2.348959999999999937e-01 1.487155842765918168e-01 1.620184362671766853e-01 1.487155842765918168e-01 1.789239999999999720e-01 1.363007421665112240e-01 1.620184362671766853e-01 1.363007421665112240e-01 1.640639999999999876e-01
2.348959999999999937e-01 1.639812221236319478e-01 1.661012714651824984e-01 1.639812221236319478e-01 1.789239999999999720e-01 1.508007745839302360e-01 1.661012714651824984e-01 1.508007745839302360e-01 1.640639999999999876e-01
2.348959999999999937e-01 1.650479999999999725e-01 1.734880000000000033e-01 1.650479999999999725e-01 1.789239999999999720e-01 1.521440000000000015e-01 1.734880000000000033e-01 1.521440000000000015e-01 1.640639999999999876e-01
c: 
2.505999999999999783e+00
2.746999999999999886e+00
2.107000000000000206e+00
