CDF: 
1.000000000000000056e-01 2.399999999999999911e-01 8.100000000000000533e-01 1.000000000000000000e+00
3.300000000000000155e-01 5.899999999999999689e-01 6.899999999999999467e-01 1.000000000000000000e+00
3.900000000000000133e-01 7.500000000000000000e-01 7.900000000000000355e-01 1.000000000000000000e+00
sigma: 
8.788399999999998990e-02 3.279342829301171765e-03 5.015359735809570008e-03 3.279342829301171765e-03 1.747960000000000069e-01 3.213930910150366357e-03 5.015359735809570008e-03 3.213930910150366357e-03 1.419959999999999833e-01
8.788399999999998990e-02 9.923310416417661928e-03 8.348955468842294766e-03 9.923310416417661928e-03 1.747960000000000069e-01 1.020651611945706111e-02 8.348955468842294766e-03 1.020651611945706111e-02 1.419959999999999833e-01
8.788399999999998990e-02 1.061108000820988953e-02 1.327904172746557053e-02 1.061108000820988953e-02 1.747960000000000069e-01 2.040990333325138489e-02 1.327904172746557053e-02 2.040990333325138489e-02 1.419959999999999833e-01
8.788399999999998990e-02 1.701221757854400399e-02 2.008253804127753048e-02 1.701221757854400399e-02 1.747960000000000069e-01 2.283709483596772782e-02 2.008253804127753048e-02 2.283709483596772782e-02 1.419959999999999833e-01
8.788399999999998990e-02 2.461315964174658200e-02 2.619365117492716832e-02 2.461315964174658200e-02 1.747960000000000069e-01 3.032515565513628150e-02 2.619365117492716832e-02 3.032515565513628150e-02 1.419959999999999833e-01
8.788399999999998990e-02 2.568594906564648436e-02 3.046008092492996991e-02 2.568594906564648436e-02 1.747960000000000069e-01 3.694161566796227286e-02 3.046008092492996991e-02 3.694161566796227286e-02 1.419959999999999833e-01
8.788399999999998990e-02 3.070365077811253174e-02 3.342660952529036278e-02 3.070365077811253174e-02 1.747960000000000069e-01 4.262848585548981856e-02 3.342660952529036278e-02 4.262848585548981856e-02 1.419959999999999833e-01
8.788399999999998990e-02 3.715892491221944871e-02 4.009066791254970591e-02 3.715892491221944871e-02 1.747960000000000069e-01 5.407346633584209084e-02 4.009066791254970591e-02 5.407346633584209084e-02 1.419959999999999833e-01
8.788399999999998990e-02 4.096762054852268187e-02 4.352307645108097894e-02 4.096762054852268187e-02 1.747960000000000069e-01 5.866021730669131878e-02 4.352307645108097894e-02 5.866021730669131878e-02 1.419959999999999833e-01
8.788399999999998990e-02 4.632360139150226014e-02 5.270683163896064394e-02 4.632360139150226014e-02 1.747960000000000069e-01 6.397861153478501262e-02 5.270683163896064394e-02 6.397861153478501262e-02 1.419959999999999833e-01
8.788399999999998990e-02 5.399992214880430796e-02 5.789649313476857850e-02 5.399992214880430796e-02 1.747960000000000069e-01 7.463549930376281449e-02 5.789649313476857850e-02 7.463549930376281449e-02 1.419959999999999833e-01
8.788399999999998990e-02 5.879600972575714513e-02 5.908552389673390332e-02 5.879600972575714513e-02 1.747960000000000069e-01 8.220042261411578122e-02 5.908552389673390332e-02 8.220042261411578122e-02 1.419959999999999833e-01
8.788399999999998990e-02 6.057292253830768441e-02 6.700358353678861900e-02 6.057292253830768441e-02 1.747960000000000069e-01 8.852489490532489125e-02 6.700358353678861900e-02 8.852489490532489125e-02 1.419959999999999833e-01
8.788399999999998990e-02 6.935783866326908353e-02 7.030162214255537834e-02 6.935783866326908353e-02 1.747960000000000069e-01 9.793611184669445691e-02 7.030162214255537834e-02 9.793611184669445691e-02 1.419959999999999833e-01
8.788399999999998990e-02 7.304121336888851068e-02 7.616582465564702975e-02 7.304121336888851068e-02 1.747960000000000069e-01 1.030129592629229623e-01 7.616582465564702975e-02 1.030129592629229623e-01 1.419959999999999833e-01
8.788399999999998990e-02 7.612702277429340969e-02 8.140051183539914748e-02 7.612702277429340969e-02 1.747960000000000069e-01 1.103398266754304774e-01 8.140051183539914748e-02 1.103398266754304774e-01 1.419959999999999833e-01
8.788399999999998990e-02 8.518095843967306291e-02 8.944513378689197824e-02 8.518095843967306291e-02 1.747960000000000069e-01 1.195193205097035138e-01 8.944513378689197824e-02 1.195193205097035138e-01 1.419959999999999833e-01
8.788399999999998990e-02 8.596278554942707317e-02 9.222347531930172315e-02 8.596278554942707317e-02 1.747960000000000069e-01 1.244910140804191684e-01 9.222347531930172315e-02 1.244910140804191684e-01 1.419959999999999833e-01
8.788399999999998990e-02 9.128232271158163991e-02 9.745011713229140282e-02 9.128232271158163991e-02 1.747960000000000069e-01 1.308210237116919639e-01 9.745011713229140282e-02 1.308210237116919639e-01 1.419959999999999833e-01
8.788399999999998990e-02 9.550799999999999568e-02 1.002919999999999923e-01 9.550799999999999568e-02 1.747960000000000069e-01 1.342039999999999900e-01 1.002919999999999923e-01 1.342039999999999900e-01 1.419959999999999833e-01
c: 
1.276999999999999913e+00
2.616999999999999993e+00
2.278000000000000025e+00
