CDF: 
3.200000000000000067e-01 5.200000000000000178e-01 5.699999999999999512e-01 1.000000000000000000e+00
2.500000000000000000e-01 6.700000000000000400e-01 7.900000000000000355e-01 1.000000000000000000e+00
1.300000000000000044e-01 2.600000000000000089e-01 5.300000000000000266e-01 1.000000000000000000e+00
sigma: 
2.059000000000000274e-01 1.199231087999962607e-03 8.744838762966302553e-03 1.199231087999962607e-03 1.290359999999999840e-01 4.825693582977565350e-03 8.744838762966302553e-03 4.825693582977565350e-03 1.535839999999999983e-01
2.059000000000000274e-01 1.189460861421375894e-02 1.065116863030305533e-02 1.189460861421375894e-02 1.290359999999999840e-01 9.880265703809848130e-03 1.065116863030305533e-02 9.880265703809848130e-03 1.535839999999999983e-01
2.059000000000000274e-01 1.534705648410333509e-02 2.128878078615781960e-02 1.534705648410333509e-02 1.290359999999999840e-01 1.403195586152795535e-02 2.128878078615781960e-02 1.403195586152795535e-02 1.535839999999999983e-01
2.059000000000000274e-01 2.305647575734710505e-02 2.897708129640544014e-02 2.305647575734710505e-02 1.290359999999999840e-01 2.068061177299514858e-02 2.897708129640544014e-02 2.068061177299514858e-02 1.535839999999999983e-01
2.059000000000000274e-01 2.601225919278965168e-02 3.817433593467538244e-02 2.601225919278965168e-02 1.290359999999999840e-01 2.394513461509706342e-02 3.817433593467538244e-02 2.394513461509706342e-02 1.535839999999999983e-01
2.059000000000000274e-01 3.623750267321045743e-02 4.456382827840214139e-02 3.623750267321045743e-02 1.290359999999999840e-01 3.106114252229710826e-02 4.456382827840214139e-02 3.106114252229710826e-02 1.535839999999999983e-01
2.059000000000000274e-01 4.328348717475113266e-02 5.806686057647778704e-02 4.328348717475113266e-02 1.290359999999999840e-01 3.336936167657329061e-02 5.806686057647778704e-02 3.336936167657329061e-02 1.535839999999999983e-01
2.059000000000000274e-01 4.598863888007313772e-02 6.299082252262211412e-02 4.598863888007313772e-02 1.290359999999999840e-01 3.762536760502272620e-02 6.299082252262211412e-02 3.762536760502272620e-02 1.535839999999999983e-01
2.059000000000000274e-01 5.424115392458905144e-02 7.562454243279502497e-02 5.424115392458905144e-02 1.290359999999999840e-01 4.359201756802441596e-02 7.562454243279502497e-02 4.359201756802441596e-02 1.535839999999999983e-01
2.059000000000000274e-01 6.217931767072151089e-02 8.074207814077510870e-02 6.217931767072151089e-02 1.290359999999999840e-01 4.824456758128752021e-02 8.074207814077510870e-02 4.824456758128752021e-02 1.535839999999999983e-01
2.059000000000000274e-01 6.758172198661471786e-02 9.672262120664723573e-02 6.758172198661471786e-02 1.290359999999999840e-01 5.541105450286954587e-02 9.672262120664723573e-02 5.541105450286954587e-02 1.535839999999999983e-01
2.059000000000000274e-01 7.501726667315944397e-02 1.011559669258139393e-01 7.501726667315944397e-02 1.290359999999999840e-01 6.184311181521154333e-02 1.011559669258139393e-01 6.184311181521154333e-02 1.535839999999999983e-01
2.059000000000000274e-01 8.109472440135356841e-02 1.139616473875851438e-01 8.109472440135356841e-02 1.290359999999999840e-01 6.704127843336245285e-02 1.139616473875851438e-01 6.704127843336245285e-02 1.535839999999999983e-01
2.059000000000000274e-01 9.002393766151722820e-02 1.158843978585230444e-01 9.002393766151722820e-02 1.290359999999999840e-01 7.303584754122141587e-02 1.158843978585230444e-01 7.303584754122141587e-02 1.535839999999999983e-01
2.059000000000000274e-01 9.031918462472546261e-02 1.315413984482307619e-01 9.031918462472546261e-02 1.290359999999999840e-01 7.838782695170180836e-02 1.315413984482307619e-01 7.838782695170180836e-02 1.535839999999999983e-01
2.059000000000000274e-01 1.003448810787735124e-01 1.350070053290563787e-01 1.003448810787735124e-01 1.290359999999999840e-01 8.529884579805786793e-02 1.350070053290563787e-01 8.529884579805786793e-02 1.535839999999999983e-01
2.059000000000000274e-01 1.090328819757731410e-01 1.497137159757645497e-01 1.090328819757731410e-01 1.290359999999999840e-01 8.865338425232834052e-02 1.497137159757645497e-01 8.865338425232834052e-02 1.535839999999999983e-01
2.059000000000000274e-01 1.117964412001709873e-01 1.503232161128202071e-01 1.117964412001709873e-01 1.290359999999999840e-01 9.600955335197691731e-02 1.503232161128202071e-01 9.600955335197691731e-02 1.535839999999999983e-01
2.059000000000000274e-01 1.222769102866195778e-01 1.617933091101901866e-01 1.222769102866195778e-01 1.290359999999999840e-01 9.750723747608253111e-02 1.617933091101901866e-01 9.750723747608253111e-02 1.535839999999999983e-01
2.059000000000000274e-01 1.224200000000000010e-01 1.676400000000000112e-01 1.224200000000000010e-01 1.290359999999999840e-01 1.014319999999999944e-01 1.676400000000000112e-01 1.014319999999999944e-01 1.535839999999999983e-01
c: 
2.936999999999999833e+00
2.330999999999999961e+00
2.443999999999999950e+00
