CDF: 
5.100000000000000089e-01 7.700000000000000178e-01 8.199999999999999512e-01 1.000000000000000000e+00
2.800000000000000266e-01 5.200000000000000178e-01 7.900000000000000355e-01 1.000000000000000000e+00
2.999999999999999889e-01 4.500000000000000111e-01 7.299999999999999822e-01 1.000000000000000000e+00
sigma: 
1.348959999999999881e-01 3.267234363527477588e-03 4.549242559220152173e-03 3.267234363527477588e-03 1.288440000000000141e-01 5.353116091351077521e-03 4.549242559220152173e-03 5.353116091351077521e-03 1.510559999999999958e-01
1.348959999999999881e-01 7.320429790733606890e-03 7.131161056886868056e-03 7.320429790733606890e-03 1.288440000000000141e-01 8.213994812157577805e-03 7.131161056886868056e-03 8.213994812157577805e-03 1.510559999999999958e-01
1.348959999999999881e-01 1.879528813924998681e-02 1.721595969590002453e-02 1.879528813924998681e-02 1.288440000000000141e-01 1.695774824423552582e-02 1.721595969590002453e-02 1.695774824423552582e-02 1.510559999999999958e-01
1.348959999999999881e-01 2.412632270187489020e-02 2.025297314855439845e-02 2.412632270187489020e-02 1.288440000000000141e-01 2.476851016049359464e-02 2.025297314855439845e-02 2.476851016049359464e-02 1.510559999999999958e-01
1.348959999999999881e-01 2.639677406064098314e-02 3.095192172247319962e-02 2.639677406064098314e-02 1.288440000000000141e-01 3.271876108552591172e-02 3.095192172247319962e-02 3.271876108552591172e-02 1.510559999999999958e-01
1.348959999999999881e-01 3.511508551929258537e-02 3.554833224769717026e-02 3.511508551929258537e-02 1.288440000000000141e-01 3.385148205004469280e-02 3.554833224769717026e-02 3.385148205004469280e-02 1.510559999999999958e-01
1.348959999999999881e-01 4.003203057283770405e-02 4.419576505721528603e-02 4.003203057283770405e-02 1.288440000000000141e-01 4.312828233147054241e-02 4.419576505721528603e-02 4.312828233147054241e-02 1.510559999999999958e-01
1.348959999999999881e-01 4.773650605601019448e-02 4.524878224166757612e-02 4.773650605601019448e-02 1.288440000000000141e-01 4.954742994820397067e-02 4.524878224166757612e-02 4.954742994820397067e-02 1.510559999999999958e-01
1.348959999999999881e-01 5.694722859847281549e-02 5.595526832974817566e-02 5.694722859847281549e-02 1.288440000000000141e-01 5.465962378869981819e-02 5.595526832974817566e-02 5.465962378869981819e-02 1.510559999999999958e-01
1.348959999999999881e-01 6.240505724488815825e-02 5.952331767016935671e-02 6.240505724488815825e-02 1.288440000000000141e-01 6.238908079629698622e-02 5.952331767016935671e-02 6.238908079629698622e-02 1.510559999999999958e-01
1.348959999999999881e-01 6.958473488058157519e-02 6.464495117186552786e-02 6.958473488058157519e-02 1.288440000000000141e-01 6.907648584260073221e-02 6.464495117186552786e-02 6.907648584260073221e-02 1.510559999999999958e-01
1.348959999999999881e-01 7.259461063223229815e-02 7.516007900193534541e-02 7.259461063223229815e-02 1.288440000000000141e-01 8.051594733951647487e-02 7.516007900193534541e-02 8.051594733951647487e-02 1.510559999999999958e-01
1.348959999999999881e-01 8.226613619864348026e-02 8.119745316315989114e-02 8.226613619864348026e-02 1.288440000000000141e-01 8.371407624397565750e-02 8.119745316315989114e-02 8.371407624397565750e-02 1.510559999999999958e-01
1.348959999999999881e-01 8.861169861711853946e-02 8.916214820037444977e-02 8.861169861711853946e-02 1.288440000000000141e-01 8.790413549530184945e-02 8.916214820037444977e-02 8.790413549530184945e-02 1.510559999999999958e-01
1.348959999999999881e-01 9.546076371112820202e-02 9.303384836036528160e-02 9.546076371112820202e-02 1.288440000000000141e-01 9.666865755094614099e-02 9.303384836036528160e-02 9.666865755094614099e-02 1.510559999999999958e-01
1.348959999999999881e-01 1.014287448028781402e-01 1.013400284881562224e-01 1.014287448028781402e-01 1.288440000000000141e-01 1.080422198178306176e-01 1.013400284881562224e-01 1.080422198178306176e-01 1.510559999999999958e-01
1.348959999999999881e-01 1.072338570973857680e-01 1.061548566675534488e-01 1.072338570973857680e-01 1.288440000000000141e-01 1.113142092796462757e-01 1.061548566675534488e-01 1.113142092796462757e-01 1.510559999999999958e-01
1.348959999999999881e-01 1.104285110773806922e-01 1.124217114434104825e-01 1.104285110773806922e-01 1.288440000000000141e-01 1.171862697107150519e-01 1.124217114434104825e-01 1.171862697107150519e-01 1.510559999999999958e-01
1.348959999999999881e-01 1.175063143846110519e-01 1.202003929116240155e-01 1.175063143846110519e-01 1.288440000000000141e-01 1.221133016164340085e-01 1.202003929116240155e-01 1.221133016164340085e-01 1.510559999999999958e-01
1.348959999999999881e-01 1.233679999999999777e-01 1.217759999999999815e-01 1.233679999999999777e-01 1.288440000000000141e-01 1.284079999999999944e-01 1.217759999999999815e-01 1.284079999999999944e-01 1.510559999999999958e-01
c: 
2.339999999999999858e+00
1.885000000000000009e+00
2.201000000000000068e+00
