CDF: 
1.100000000000000006e-01 1.499999999999999944e-01 7.600000000000000089e-01 1.000000000000000000e+00
2.600000000000000089e-01 4.000000000000000222e-01 6.899999999999999467e-01 1.000000000000000000e+00
2.099999999999999922e-01 2.300000000000000100e-01 8.399999999999999689e-01 1.000000000000000000e+00
sigma: 
9.713600000000000012e-02 4.598565888609003859e-03 2.476273281858081769e-03 4.598565888609003859e-03 1.558840000000000225e-01 1.699600728056997615e-03 2.476273281858081769e-03 1.699600728056997615e-03 9.193600000000001771e-02
9.713600000000000012e-02 9.248963455817152055e-03 4.697047719579532446e-03 9.248963455817152055e-03 1.558840000000000225e-01 9.611897866404841423e-03 4.697047719579532446e-03 9.611897866404841423e-03 9.193600000000001771e-02
9.713600000000000012e-02 1.543752954207354422e-02 8.830539485452657336e-03 1.543752954207354422e-02 1.558840000000000225e-01 1.214373652565802451e-02 8.830539485452657336e-03 1.214373652565802451e-02 9.193600000000001771e-02
9.713600000000000012e-02 1.914035749991425256e-02 1.608268002824045015e-02 1.914035749991425256e-02 1.558840000000000225e-01 1.770132847423579181e-02 1.608268002824045015e-02 1.770132847423579181e-02 9.193600000000001771e-02
9.713600000000000012e-02 2.435784135678691065e-02 1.995362516799175159e-02 2.435784135678691065e-02 1.558840000000000225e-01 2.135642354789166197e-02 1.995362516799175159e-02 2.135642354789166197e-02 9.193600000000001771e-02
9.713600000000000012e-02 3.139219451010935580e-02 2.347715857687750554e-02 3.139219451010935580e-02 1.558840000000000225e-01 2.709718238144219471e-02 2.347715857687750554e-02 2.709718238144219471e-02 9.193600000000001771e-02
9.713600000000000012e-02 3.378875839897666628e-02 2.706567608455590079e-02 3.378875839897666628e-02 1.558840000000000225e-01 3.346456322057351357e-02 2.706567608455590079e-02 3.346456322057351357e-02 9.193600000000001771e-02
9.713600000000000012e-02 4.194569278671892582e-02 2.913165549215203029e-02 4.194569278671892582e-02 1.558840000000000225e-01 3.471995112649403636e-02 2.913165549215203029e-02 3.471995112649403636e-02 9.193600000000001771e-02
9.713600000000000012e-02 4.481886770945613108e-02 3.384526561093701563e-02 4.481886770945613108e-02 1.558840000000000225e-01 4.051178673767880795e-02 3.384526561093701563e-02 4.051178673767880795e-02 9.193600000000001771e-02
9.713600000000000012e-02 4.885226499113788645e-02 4.044007970272691516e-02 4.885226499113788645e-02 1.558840000000000225e-01 4.495030056842717198e-02 4.044007970272691516e-02 4.495030056842717198e-02 9.193600000000001771e-02
9.713600000000000012e-02 5.792333042523702125e-02 4.312482964302992439e-02 5.792333042523702125e-02 1.558840000000000225e-01 5.281675903065352617e-02 4.312482964302992439e-02 5.281675903065352617e-02 9.193600000000001771e-02
9.713600000000000012e-02 6.367268727018927932e-02 4.712235623811006358e-02 6.367268727018927932e-02 1.558840000000000225e-01 5.378560497153648395e-02 4.712235623811006358e-02 5.378560497153648395e-02 9.193600000000001771e-02
9.713600000000000012e-02 6.783028591959910925e-02 5.091466630911836710e-02 6.783028591959910925e-02 1.558840000000000225e-01 5.838683090982561830e-02 5.091466630911836710e-02 5.838683090982561830e-02 9.193600000000001771e-02
9.713600000000000012e-02 7.439115022675128752e-02 5.621234077253379341e-02 7.439115022675128752e-02 1.558840000000000225e-01 6.347922327874926107e-02 5.621234077253379341e-02 6.347922327874926107e-02 9.193600000000001771e-02
9.713600000000000012e-02 7.830874127333417589e-02 6.085304535639921714e-02 7.830874127333417589e-02 1.558840000000000225e-01 7.164370868530312020e-02 6.085304535639921714e-02 7.164370868530312020e-02 9.193600000000001771e-02
9.713600000000000012e-02 8.413082516838477076e-02 6.219743716051640697e-02 8.413082516838477076e-02 1.558840000000000225e-01 7.690606963799757889e-02 6.219743716051640697e-02 7.690606963799757889e-02 9.193600000000001771e-02
9.713600000000000012e-02 9.118477046087396232e-02 6.835543767264772030e-02 9.118477046087396232e-02 1.558840000000000225e-01 7.991976719876386914e-02 6.835543767264772030e-02 7.991976719876386914e-02 9.193600000000001771e-02
9.713600000000000012e-02 9.284534601317805114e-02 7.294988570526644844e-02 9.284534601317805114e-02 1.558840000000000225e-01 8.447694229724675430e-02 7.294988570526644844e-02 8.447694229724675430e-02 9.193600000000001771e-02
9.713600000000000012e-02 9.868825978655139386e-02 7.574007689711786950e-02 9.868825978655139386e-02 1.558840000000000225e-01 8.940910250561646955e-02 7.574007689711786950e-02 8.940910250561646955e-02 9.193600000000001771e-02
9.713600000000000012e-02 1.022320000000000173e-01 7.766399999999999693e-02 1.022320000000000173e-01 1.558840000000000225e-01 9.236800000000000566e-02 7.766399999999999693e-02 9.236800000000000566e-02 9.193600000000001771e-02
c: 
2.720000000000000195e+00
2.407000000000000028e+00
1.459999999999999964e+00
