CDF: 
1.499999999999999944e-01 2.999999999999999889e-01 8.299999999999999600e-01 1.000000000000000000e+00
2.700000000000000178e-01 6.400000000000000133e-01 7.399999999999999911e-01 1.000000000000000000e+00
3.400000000000000244e-01 7.900000000000000355e-01 8.000000000000000444e-01 1.000000000000000000e+00
sigma: 
1.008639999999999953e-01 5.068315007030761710e-03 3.313930161852124672e-03 5.068315007030761710e-03 1.657710000000000294e-01 4.616675030693946288e-03 3.313930161852124672e-03 4.616675030693946288e-03 1.438959999999999961e-01
1.008639999999999953e-01 6.731434730630105577e-03 8.077561548214226214e-03 6.731434730630105577e-03 1.657710000000000294e-01 9.568526937881535396e-03 8.077561548214226214e-03 9.568526937881535396e-03 1.438959999999999961e-01
1.008639999999999953e-01 1.263648155262939166e-02 1.698965628741313377e-02 1.263648155262939166e-02 1.657710000000000294e-01 1.848660010485077623e-02 1.698965628741313377e-02 1.848660010485077623e-02 1.438959999999999961e-01
1.008639999999999953e-01 1.687143893871405342e-02 1.832485249229194937e-02 1.687143893871405342e-02 1.657710000000000294e-01 2.437361512431809527e-02 1.832485249229194937e-02 2.437361512431809527e-02 1.438959999999999961e-01
1.008639999999999953e-01 2.625968101602451851e-02 2.591146453481123560e-02 2.625968101602451851e-02 1.657710000000000294e-01 2.945539897301777468e-02 2.591146453481123560e-02 2.945539897301777468e-02 1.438959999999999961e-01
1.008639999999999953e-01 3.188917289164280855e-02 3.256699853522618260e-02 3.188917289164280855e-02 1.657710000000000294e-01 3.595641152801561796e-02 3.256699853522618260e-02 3.595641152801561796e-02 1.438959999999999961e-01
1.008639999999999953e-01 3.294425246335890706e-02 3.676622762850965259e-02 3.294425246335890706e-02 1.657710000000000294e-01 4.874956313131054847e-02 3.676622762850965259e-02 4.874956313131054847e-02 1.438959999999999961e-01
1.008639999999999953e-01 4.019890048186718079e-02 4.247197589321461547e-02 4.019890048186718079e-02 1.657710000000000294e-01 4.929929027332670410e-02 4.247197589321461547e-02 4.929929027332670410e-02 1.438959999999999961e-01
1.008639999999999953e-01 4.640050257750732987e-02 4.697067273682067889e-02 4.640050257750732987e-02 1.657710000000000294e-01 6.051420767914134774e-02 4.697067273682067889e-02 6.051420767914134774e-02 1.438959999999999961e-01
1.008639999999999953e-01 5.214091305517454256e-02 5.377820568140057739e-02 5.214091305517454256e-02 1.657710000000000294e-01 6.551385137922119406e-02 5.377820568140057739e-02 6.551385137922119406e-02 1.438959999999999961e-01
1.008639999999999953e-01 5.840852328603467897e-02 5.905931687900890792e-02 5.840852328603467897e-02 1.657710000000000294e-01 7.079289844851778535e-02 5.905931687900890792e-02 7.079289844851778535e-02 1.438959999999999961e-01
1.008639999999999953e-01 6.538683464645704546e-02 6.299108495718326595e-02 6.538683464645704546e-02 1.657710000000000294e-01 7.870776211325226923e-02 6.299108495718326595e-02 7.870776211325226923e-02 1.438959999999999961e-01
1.008639999999999953e-01 6.687906493669999730e-02 7.230829608763322813e-02 6.687906493669999730e-02 1.657710000000000294e-01 8.423550461844336867e-02 7.230829608763322813e-02 8.423550461844336867e-02 1.438959999999999961e-01
1.008639999999999953e-01 7.408062627646785914e-02 7.460676652313963375e-02 7.408062627646785914e-02 1.657710000000000294e-01 9.197023727208025745e-02 7.460676652313963375e-02 9.197023727208025745e-02 1.438959999999999961e-01
1.008639999999999953e-01 7.873467079824672532e-02 8.284609332062282949e-02 7.873467079824672532e-02 1.657710000000000294e-01 9.964524903245901288e-02 8.284609332062282949e-02 9.964524903245901288e-02 1.438959999999999961e-01
1.008639999999999953e-01 8.491389898803872183e-02 8.582565777026632259e-02 8.491389898803872183e-02 1.657710000000000294e-01 1.063842234673683662e-01 8.582565777026632259e-02 1.063842234673683662e-01 1.438959999999999961e-01
1.008639999999999953e-01 9.074338485836369594e-02 9.291572219936297672e-02 9.074338485836369594e-02 1.657710000000000294e-01 1.120727032324886352e-01 9.291572219936297672e-02 1.120727032324886352e-01 1.438959999999999961e-01
1.008639999999999953e-01 9.723185485053277566e-02 9.979717090856987660e-02 9.723185485053277566e-02 1.657710000000000294e-01 1.247529036431913874e-01 9.979717090856987660e-02 1.247529036431913874e-01 1.438959999999999961e-01
1.008639999999999953e-01 1.009145617839801029e-01 1.070867460155483231e-01 1.009145617839801029e-01 1.657710000000000294e-01 1.285024920637312662e-01 1.070867460155483231e-01 1.285024920637312662e-01 1.438959999999999961e-01
1.008639999999999953e-01 1.040120000000000072e-01 1.080880000000000035e-01 1.040120000000000072e-01 1.657710000000000294e-01 1.329040000000000221e-01 1.080880000000000035e-01 1.329040000000000221e-01 1.438959999999999961e-01
c: 
1.161999999999999922e+00
2.266999999999999904e+00
2.142999999999999794e+00
