CDF: 
5.000000000000000278e-02 2.000000000000000111e-01 2.099999999999999922e-01 1.000000000000000000e+00
2.300000000000000100e-01 2.800000000000000266e-01 3.800000000000000044e-01 1.000000000000000000e+00
3.099999999999999978e-01 3.400000000000000244e-01 3.499999999999999778e-01 1.000000000000000000e+00
sigma: 
1.395359999999999656e-01 4.530086191810988976e-03 5.640728013324417325e-03 4.530086191810988976e-03 2.004750000000000143e-01 8.417218457538573617e-03 5.640728013324417325e-03 8.417218457538573617e-03 2.208640000000000048e-01
1.395359999999999656e-01 9.277639958739114859e-03 1.172475066700026831e-02 9.277639958739114859e-03 2.004750000000000143e-01 1.308268618310784275e-02 1.172475066700026831e-02 1.308268618310784275e-02 2.208640000000000048e-01
1.395359999999999656e-01 1.328483326521454587e-02 1.666669466798064922e-02 1.328483326521454587e-02 2.004750000000000143e-01 2.932163089832496433e-02 1.666669466798064922e-02 2.932163089832496433e-02 2.208640000000000048e-01
1.395359999999999656e-01 2.597195884575306812e-02 2.314030250207917139e-02 2.597195884575306812e-02 2.004750000000000143e-01 3.525167004447934960e-02 2.314030250207917139e-02 3.525167004447934960e-02 2.208640000000000048e-01
1.395359999999999656e-01 2.876339542812126476e-02 2.809108568302914541e-02 2.876339542812126476e-02 2.004750000000000143e-01 5.118146673875399733e-02 2.809108568302914541e-02 5.118146673875399733e-02 2.208640000000000048e-01
1.395359999999999656e-01 3.965720585042333685e-02 3.514703388926099237e-02 3.965720585042333685e-02 2.004750000000000143e-01 5.907213186139598227e-02 3.514703388926099237e-02 5.907213186139598227e-02 2.208640000000000048e-01
1.395359999999999656e-01 4.449680945787850422e-02 4.403957259670676638e-02 4.449680945787850422e-02 2.004750000000000143e-01 6.929870363691691126e-02 4.403957259670676638e-02 6.929870363691691126e-02 2.208640000000000048e-01
1.395359999999999656e-01 5.106067327151982832e-02 4.992396761030040708e-02 5.106067327151982832e-02 2.004750000000000143e-01 8.222107587792662486e-02 4.992396761030040708e-02 8.222107587792662486e-02 2.208640000000000048e-01
1.395359999999999656e-01 5.329273017348019892e-02 5.380474247633161566e-02 5.329273017348019892e-02 2.004750000000000143e-01 9.332374157436089390e-02 5.380474247633161566e-02 9.332374157436089390e-02 2.208640000000000048e-01
1.395359999999999656e-01 6.391136146241474525e-02 6.382276385875805536e-02 6.391136146241474525e-02 2.004750000000000143e-01 9.653969502678036441e-02 6.382276385875805536e-02 9.653969502678036441e-02 2.208640000000000048e-01
1.395359999999999656e-01 6.993940333869198833e-02 6.808001667484797625e-02 6.993940333869198833e-02 2.004750000000000143e-01 1.155101370060053201e-01 6.808001667484797625e-02 1.155101370060053201e-01 2.208640000000000048e-01
1.395359999999999656e-01 7.461130539646466941e-02 7.815052806774072658e-02 7.461130539646466941e-02 2.004750000000000143e-01 1.175228828010349974e-01 7.815052806774072658e-02 1.175228828010349974e-01 2.208640000000000048e-01
1.395359999999999656e-01 8.504521182858527928e-02 8.006513281446547836e-02 8.504521182858527928e-02 2.004750000000000143e-01 1.344127077413227456e-01 8.006513281446547836e-02 1.344127077413227456e-01 2.208640000000000048e-01
1.395359999999999656e-01 9.188695443197957002e-02 8.731932575082200498e-02 9.188695443197957002e-02 2.004750000000000143e-01 1.472043983381118026e-01 8.731932575082200498e-02 1.472043983381118026e-01 2.208640000000000048e-01
1.395359999999999656e-01 9.502181369816919965e-02 9.563433493500626825e-02 9.502181369816919965e-02 2.004750000000000143e-01 1.574826964446026101e-01 9.563433493500626825e-02 1.574826964446026101e-01 2.208640000000000048e-01
1.395359999999999656e-01 1.024698656725899215e-01 1.001721663279058899e-01 1.024698656725899215e-01 2.004750000000000143e-01 1.646931434986535214e-01 1.001721663279058899e-01 1.646931434986535214e-01 2.208640000000000048e-01
1.395359999999999656e-01 1.107638210504732629e-01 1.102572123212907235e-01 1.107638210504732629e-01 2.004750000000000143e-01 1.737518600667407875e-01 1.102572123212907235e-01 1.737518600667407875e-01 2.208640000000000048e-01
1.395359999999999656e-01 1.141173955154527742e-01 1.128093792494398728e-01 1.141173955154527742e-01 2.004750000000000143e-01 1.800675683846161002e-01 1.128093792494398728e-01 1.800675683846161002e-01 2.208640000000000048e-01
1.395359999999999656e-01 1.247733033547955284e-01 1.226610892650314005e-01 1.247733033547955284e-01 2.004750000000000143e-01 1.928574335484590230e-01 1.226610892650314005e-01 1.928574335484590230e-01 2.208640000000000048e-01
1.395359999999999656e-01 1.257599999999999829e-01 1.259520000000000084e-01 1.257599999999999829e-01 2.004750000000000143e-01 2.011200000000000210e-01 1.259520000000000084e-01 2.011200000000000210e-01 2.208640000000000048e-01
c: 
2.664000000000000146e+00
2.353000000000000203e+00
2.642999999999999794e+00
