CDF: 
3.699999999999999956e-01 4.400000000000000022e-01 4.699999999999999734e-01 1.000000000000000000e+00
3.900000000000000133e-01 4.299999999999999933e-01 5.799999999999999600e-01 1.000000000000000000e+00
2.899999999999999800e-01 3.200000000000000067e-01 3.300000000000000155e-01 1.000000000000000000e+00
sigma: 
2.352839999999999931e-01 2.790500766490414553e-03 7.526762269865726329e-03 2.790500766490414553e-03 2.139389999999999903e-01 5.236812382101583424e-03 7.526762269865726329e-03 5.236812382101583424e-03 2.142240000000000255e-01
2.352839999999999931e-01 2.076972303571572587e-02 1.590066900975464770e-02 2.076972303571572587e-02 2.139389999999999903e-01 1.151650501970448610e-02 1.590066900975464770e-02 1.151650501970448610e-02 2.142240000000000255e-01
2.352839999999999931e-01 2.724846565567818138e-02 2.367827557934314153e-02 2.724846565567818138e-02 2.139389999999999903e-01 2.361766693113597979e-02 2.367827557934314153e-02 2.361766693113597979e-02 2.142240000000000255e-01
2.352839999999999931e-01 4.146795399264564808e-02 2.795776714385321896e-02 4.146795399264564808e-02 2.139389999999999903e-01 2.840591181169827353e-02 2.795776714385321896e-02 2.840591181169827353e-02 2.142240000000000255e-01
2.352839999999999931e-01 4.575580342400278194e-02 4.649315093589956316e-02 4.575580342400278194e-02 2.139389999999999903e-01 3.597512207824565822e-02 4.649315093589956316e-02 3.597512207824565822e-02 2.142240000000000255e-01
2.352839999999999931e-01 6.261077244650634088e-02 5.278743040915555296e-02 6.261077244650634088e-02 2.139389999999999903e-01 4.330257604235528135e-02 5.278743040915555296e-02 4.330257604235528135e-02 2.142240000000000255e-01
2.352839999999999931e-01 6.814765405486426786e-02 5.725925614963710275e-02 6.814765405486426786e-02 2.139389999999999903e-01 5.448486503703411921e-02 5.725925614963710275e-02 5.448486503703411921e-02 2.142240000000000255e-01
2.352839999999999931e-01 8.295861439629205469e-02 7.238890550004720148e-02 8.295861439629205469e-02 2.139389999999999903e-01 6.051924628329578837e-02 7.238890550004720148e-02 6.051924628329578837e-02 2.142240000000000255e-01
2.352839999999999931e-01 8.915993726922193108e-02 7.463617947976868006e-02 8.915993726922193108e-02 2.139389999999999903e-01 6.810354209238904388e-02 7.463617947976868006e-02 6.810354209238904388e-02 2.142240000000000255e-01
2.352839999999999931e-01 9.723094387302581854e-02 8.974884921736797638e-02 9.723094387302581854e-02 2.139389999999999903e-01 7.799501717832042769e-02 8.974884921736797638e-02 7.799501717832042769e-02 2.142240000000000255e-01
2.352839999999999931e-01 1.097833380933003339e-01 9.530922685848131071e-02 1.097833380933003339e-01 2.139389999999999903e-01 8.377432626471172095e-02 9.530922685848131071e-02 8.377432626471172095e-02 2.142240000000000255e-01
2.352839999999999931e-01 1.254170358687508868e-01 1.074329180047288584e-01 1.254170358687508868e-01 2.139389999999999903e-01 9.192786570741971752e-02 1.074329180047288584e-01 9.192786570741971752e-02 2.142240000000000255e-01
2.352839999999999931e-01 1.336167541682990734e-01 1.119918159215658598e-01 1.336167541682990734e-01 2.139389999999999903e-01 9.919755565664387098e-02 1.119918159215658598e-01 9.919755565664387098e-02 2.142240000000000255e-01
2.352839999999999931e-01 1.407633574185051528e-01 1.258307460266307187e-01 1.407633574185051528e-01 2.139389999999999903e-01 1.063164460415383650e-01 1.258307460266307187e-01 1.063164460415383650e-01 2.142240000000000255e-01
2.352839999999999931e-01 1.521357318715726437e-01 1.368238815232326322e-01 1.521357318715726437e-01 2.139389999999999903e-01 1.176735996212497637e-01 1.368238815232326322e-01 1.176735996212497637e-01 2.142240000000000255e-01
2.352839999999999931e-01 1.676707190497407352e-01 1.453717350191398305e-01 1.676707190497407352e-01 2.139389999999999903e-01 1.277059133855752149e-01 1.453717350191398305e-01 1.277059133855752149e-01 2.142240000000000255e-01
2.352839999999999931e-01 1.744686189633331830e-01 1.545744783369885911e-01 1.744686189633331830e-01 2.139389999999999903e-01 1.330453818144336775e-01 1.545744783369885911e-01 1.330453818144336775e-01 2.142240000000000255e-01
2.352839999999999931e-01 1.841350226333137163e-01 1.589852774398515523e-01 1.841350226333137163e-01 2.139389999999999903e-01 1.424957709121889571e-01 1.589852774398515523e-01 1.424957709121889571e-01 2.142240000000000255e-01
2.352839999999999931e-01 1.949286498214946040e-01 1.693625344379632025e-01 1.949286498214946040e-01 2.139389999999999903e-01 1.508960296208311236e-01 1.693625344379632025e-01 1.508960296208311236e-01 2.142240000000000255e-01
2.352839999999999931e-01 2.003260000000000041e-01 1.769040000000000057e-01 2.003260000000000041e-01 2.139389999999999903e-01 1.519559999999999800e-01 1.769040000000000057e-01 1.519559999999999800e-01 2.142240000000000255e-01
c: 
2.588999999999999968e+00
2.282000000000000028e+00
2.358999999999999986e+00
