CDF: 
5.000000000000000278e-02 1.799999999999999933e-01 2.300000000000000100e-01 1.000000000000000000e+00
2.099999999999999922e-01 2.399999999999999911e-01 5.899999999999999689e-01 1.000000000000000000e+00
2.899999999999999800e-01 6.199999999999999956e-01 7.099999999999999645e-01 1.000000000000000000e+00
sigma: 
1.389960000000000084e-01 2.813267851818312872e-03 8.249135662839288011e-05 2.813267851818312872e-03 1.734760000000000191e-01 6.488844488783052783e-03 8.249135662839288011e-05 6.488844488783052783e-03 1.789000000000000035e-01
1.389960000000000084e-01 5.602517076798943507e-03 5.269332850834003781e-03 5.602517076798943507e-03 1.734760000000000191e-01 1.157486822651842412e-02 5.269332850834003781e-03 1.157486822651842412e-02 1.789000000000000035e-01
1.389960000000000084e-01 1.340881408892605556e-02 7.594841096873814271e-03 1.340881408892605556e-02 1.734760000000000191e-01 2.230194990938284827e-02 7.594841096873814271e-03 2.230194990938284827e-02 1.789000000000000035e-01
1.389960000000000084e-01 2.020701285434005692e-02 1.225206714542272091e-02 2.020701285434005692e-02 1.734760000000000191e-01 3.100429769502148838e-02 1.225206714542272091e-02 3.100429769502148838e-02 1.789000000000000035e-01
1.389960000000000084e-01 2.610438536656718711e-02 1.519713125643810080e-02 2.610438536656718711e-02 1.734760000000000191e-01 3.214683949871629393e-02 1.519713125643810080e-02 3.214683949871629393e-02 1.789000000000000035e-01
1.389960000000000084e-01 2.946594091328576595e-02 1.961773856403176836e-02 2.946594091328576595e-02 1.734760000000000191e-01 4.236150139383958180e-02 1.961773856403176836e-02 4.236150139383958180e-02 1.789000000000000035e-01
1.389960000000000084e-01 3.497045511850916527e-02 2.238222099464518347e-02 3.497045511850916527e-02 1.734760000000000191e-01 5.234027637506509512e-02 2.238222099464518347e-02 5.234027637506509512e-02 1.789000000000000035e-01
1.389960000000000084e-01 3.909837382557196372e-02 2.698801698909855662e-02 3.909837382557196372e-02 1.734760000000000191e-01 5.564985408785215470e-02 2.698801698909855662e-02 5.564985408785215470e-02 1.789000000000000035e-01
1.389960000000000084e-01 4.778121826619454587e-02 3.114455147141355698e-02 4.778121826619454587e-02 1.734760000000000191e-01 6.951353336374392622e-02 3.114455147141355698e-02 6.951353336374392622e-02 1.789000000000000035e-01
1.389960000000000084e-01 5.108683570246410482e-02 3.510873168873267225e-02 5.108683570246410482e-02 1.734760000000000191e-01 7.047496902144406716e-02 3.510873168873267225e-02 7.047496902144406716e-02 1.789000000000000035e-01
1.389960000000000084e-01 5.664970712274360054e-02 3.844826006503035409e-02 5.664970712274360054e-02 1.734760000000000191e-01 7.881027565795956091e-02 3.844826006503035409e-02 7.881027565795956091e-02 1.789000000000000035e-01
1.389960000000000084e-01 6.142768370328717531e-02 4.135779259233991062e-02 6.142768370328717531e-02 1.734760000000000191e-01 8.573809716674822556e-02 4.135779259233991062e-02 8.573809716674822556e-02 1.789000000000000035e-01
1.389960000000000084e-01 6.990742533818840310e-02 4.515475987351622728e-02 6.990742533818840310e-02 1.734760000000000191e-01 9.990612909671729713e-02 4.515475987351622728e-02 9.990612909671729713e-02 1.789000000000000035e-01
1.389960000000000084e-01 7.591739048512249899e-02 5.156528699433377688e-02 7.591739048512249899e-02 1.734760000000000191e-01 1.084208943205210440e-01 5.156528699433377688e-02 1.084208943205210440e-01 1.789000000000000035e-01
1.389960000000000084e-01 7.810224991450620546e-02 5.234597859031366041e-02 7.810224991450620546e-02 1.734760000000000191e-01 1.144877259681396781e-01 5.234597859031366041e-02 1.144877259681396781e-01 1.789000000000000035e-01
1.389960000000000084e-01 8.421534816148784630e-02 5.630592484601558423e-02 8.421534816148784630e-02 1.734760000000000191e-01 1.196845712686833846e-01 5.630592484601558423e-02 1.196845712686833846e-01 1.789000000000000035e-01
1.389960000000000084e-01 8.874978487087158141e-02 6.174239437144942583e-02 8.874978487087158141e-02 1.734760000000000191e-01 1.318867532326853664e-01 6.174239437144942583e-02 1.318867532326853664e-01 1.789000000000000035e-01
1.389960000000000084e-01 9.286165588573923324e-02 6.453326660192512665e-02 9.286165588573923324e-02 1.734760000000000191e-01 1.346843999661366253e-01 6.453326660192512665e-02 1.346843999661366253e-01 1.789000000000000035e-01
1.389960000000000084e-01 9.969423995768846025e-02 6.988168344897549566e-02 9.969423995768846025e-02 1.734760000000000191e-01 1.465538850716984476e-01 6.988168344897549566e-02 1.465538850716984476e-01 1.789000000000000035e-01
1.389960000000000084e-01 1.032359999999999944e-01 7.069999999999999896e-02 1.032359999999999944e-01 1.734760000000000191e-01 1.476999999999999980e-01 7.069999999999999896e-02 1.476999999999999980e-01 1.789000000000000035e-01
c: 
2.059000000000000163e+00
1.570000000000000062e+00
2.491999999999999993e+00
