CDF: 
1.700000000000000122e-01 5.300000000000000266e-01 8.399999999999999689e-01 1.000000000000000000e+00
2.899999999999999800e-01 6.300000000000000044e-01 8.900000000000000133e-01 1.000000000000000000e+00
5.200000000000000178e-01 7.299999999999999822e-01 7.900000000000000355e-01 1.000000000000000000e+00
sigma: 
1.079790000000000194e-01 3.473081004710791586e-04 5.763515930608656412e-03 3.473081004710791586e-04 8.751600000000001045e-02 2.973281118766620164e-03 5.763515930608656412e-03 2.973281118766620164e-03 1.554990000000000261e-01
1.079790000000000194e-01 8.689566379495462095e-03 9.431860641977596327e-03 8.689566379495462095e-03 8.751600000000001045e-02 9.136598028244636779e-03 9.431860641977596327e-03 9.136598028244636779e-03 1.554990000000000261e-01
1.079790000000000194e-01 1.304301579166639372e-02 1.336617934617475439e-02 1.304301579166639372e-02 8.751600000000001045e-02 1.453631703804190642e-02 1.336617934617475266e-02 1.453631703804190642e-02 1.554990000000000261e-01
1.079790000000000194e-01 1.611134651092143572e-02 2.257179294922496970e-02 1.611134651092143572e-02 8.751600000000001045e-02 1.920382712792385871e-02 2.257179294922496623e-02 1.920382712792385871e-02 1.554990000000000261e-01
1.079790000000000194e-01 1.968798867703697164e-02 2.782905169579379806e-02 1.968798867703697164e-02 8.751600000000001045e-02 1.995232088209477825e-02 2.782905169579379459e-02 1.995232088209477825e-02 1.554990000000000261e-01
1.079790000000000194e-01 2.570625657733983244e-02 3.475152924934061388e-02 2.570625657733983244e-02 8.751600000000001045e-02 2.765257435033684555e-02 3.475152924934060694e-02 2.765257435033684555e-02 1.554990000000000261e-01
1.079790000000000194e-01 2.853254816990713483e-02 3.662515968575010689e-02 2.853254816990713483e-02 8.751600000000001045e-02 3.277074083662372128e-02 3.662515968575009995e-02 3.277074083662372128e-02 1.554990000000000261e-01
1.079790000000000194e-01 3.383788437109872677e-02 4.566426727831785631e-02 3.383788437109872677e-02 8.751600000000001045e-02 3.928174367555024166e-02 4.566426727831784937e-02 3.928174367555024166e-02 1.554990000000000261e-01
1.079790000000000194e-01 3.911973495413545443e-02 5.140801609543767248e-02 3.911973495413545443e-02 8.751600000000001045e-02 4.235264629518705609e-02 5.140801609543766554e-02 4.235264629518705609e-02 1.554990000000000261e-01
1.079790000000000194e-01 4.284148790566277148e-02 5.560978440828170249e-02 4.284148790566277148e-02 8.751600000000001045e-02 4.901244790878622054e-02 5.560978440828169556e-02 4.901244790878622054e-02 1.554990000000000261e-01
1.079790000000000194e-01 4.613743435004587223e-02 6.175914782062279923e-02 4.613743435004587223e-02 8.751600000000001045e-02 5.309321964755196049e-02 6.175914782062279229e-02 5.309321964755196049e-02 1.554990000000000261e-01
1.079790000000000194e-01 5.059239034495937454e-02 6.651850277400904454e-02 5.059239034495937454e-02 8.751600000000001045e-02 5.768443293738175631e-02 6.651850277400903066e-02 5.768443293738175631e-02 1.554990000000000261e-01
1.079790000000000194e-01 5.783719750949730537e-02 7.563575709029655980e-02 5.783719750949730537e-02 8.751600000000001045e-02 6.160446973384500063e-02 7.563575709029654592e-02 6.160446973384500063e-02 1.554990000000000261e-01
1.079790000000000194e-01 5.825806020991401019e-02 7.934140678393276913e-02 5.825806020991401019e-02 8.751600000000001045e-02 6.570355352003952321e-02 7.934140678393276913e-02 6.570355352003952321e-02 1.554990000000000261e-01
1.079790000000000194e-01 6.448122163509328875e-02 8.603145507981717344e-02 6.448122163509328875e-02 8.751600000000001045e-02 7.004385738256622973e-02 8.603145507981715956e-02 7.004385738256622973e-02 1.554990000000000261e-01
1.079790000000000194e-01 7.070710223622711510e-02 9.312367258361702038e-02 7.070710223622711510e-02 8.751600000000001045e-02 7.669595702538699322e-02 9.312367258361702038e-02 7.669595702538699322e-02 1.554990000000000261e-01
1.079790000000000194e-01 7.255262779361641712e-02 9.672945515350390988e-02 7.255262779361641712e-02 8.751600000000001045e-02 8.351092339356670780e-02 9.672945515350389600e-02 8.351092339356670780e-02 1.554990000000000261e-01
1.079790000000000194e-01 7.674187475327498564e-02 1.026853420055551525e-01 7.674187475327498564e-02 8.751600000000001045e-02 8.437581865783436164e-02 1.026853420055551386e-01 8.437581865783436164e-02 1.554990000000000261e-01
1.079790000000000194e-01 8.454789091337018558e-02 1.132768800354128913e-01 8.454789091337018558e-02 8.751600000000001045e-02 8.980780326353000886e-02 1.132768800354128774e-01 8.980780326353000886e-02 1.554990000000000261e-01
1.079790000000000194e-01 8.514200000000000934e-02 1.145390000000000158e-01 8.514200000000000934e-02 8.751600000000001045e-02 9.422200000000001407e-02 1.145390000000000019e-01 9.422200000000001407e-02 1.554990000000000261e-01
c: 
1.383999999999999897e+00
1.931999999999999940e+00
1.715999999999999970e+00
