CDF: 
1.199999999999999956e-01 5.600000000000000533e-01 7.199999999999999734e-01 1.000000000000000000e+00
2.899999999999999800e-01 3.200000000000000067e-01 4.299999999999999933e-01 1.000000000000000000e+00
2.600000000000000089e-01 6.400000000000000133e-01 7.500000000000000000e-01 1.000000000000000000e+00
sigma: 
1.604160000000000030e-01 1.570493128361678771e-03 4.924142103871223530e-03 1.570493128361678771e-03 2.129640000000000144e-01 1.294554838831384188e-03 4.924142103871223530e-03 1.294554838831384188e-03 1.606590000000000240e-01
1.604160000000000030e-01 9.024712239115488532e-03 1.054558789972532065e-02 9.024712239115488532e-03 2.129640000000000144e-01 8.922005817704078273e-03 1.054558789972532065e-02 8.922005817704078273e-03 1.606590000000000240e-01
1.604160000000000030e-01 1.705847530951936156e-02 1.932559636357390753e-02 1.705847530951936156e-02 2.129640000000000144e-01 1.207031479509039495e-02 1.932559636357390753e-02 1.207031479509039495e-02 1.606590000000000240e-01
1.604160000000000030e-01 2.440233992257881401e-02 2.442243630193295309e-02 2.440233992257881401e-02 2.129640000000000144e-01 2.082394224423360016e-02 2.442243630193295309e-02 2.082394224423360016e-02 1.606590000000000240e-01
1.604160000000000030e-01 2.515958450384182463e-02 3.798977202219790822e-02 2.515958450384182463e-02 2.129640000000000144e-01 2.779897876523137676e-02 3.798977202219790822e-02 2.779897876523137676e-02 1.606590000000000240e-01
1.604160000000000030e-01 3.357137256097668387e-02 4.097481508114492188e-02 3.357137256097668387e-02 2.129640000000000144e-01 3.374580428767325058e-02 4.097481508114492188e-02 3.374580428767325058e-02 1.606590000000000240e-01
1.604160000000000030e-01 4.169908324199853022e-02 4.876804846131772841e-02 4.169908324199853022e-02 2.129640000000000144e-01 3.799160633904166695e-02 4.876804846131772841e-02 3.799160633904166695e-02 1.606590000000000240e-01
1.604160000000000030e-01 4.913021348385254727e-02 6.173237147653192619e-02 4.913021348385254727e-02 2.129640000000000144e-01 4.707441398177127784e-02 6.173237147653192619e-02 4.707441398177127784e-02 1.606590000000000240e-01
1.604160000000000030e-01 5.128918576056291229e-02 7.198125937319664602e-02 5.128918576056291229e-02 2.129640000000000144e-01 5.302788804791264132e-02 7.198125937319664602e-02 5.302788804791264132e-02 1.606590000000000240e-01
1.604160000000000030e-01 5.880752033449414967e-02 7.436703554468575283e-02 5.880752033449414967e-02 2.129640000000000144e-01 5.643706933182709301e-02 7.436703554468575283e-02 5.643706933182709301e-02 1.606590000000000240e-01
1.604160000000000030e-01 6.389895038735320110e-02 8.708010517186505484e-02 6.389895038735320110e-02 2.129640000000000144e-01 6.050184463746267893e-02 8.708010517186505484e-02 6.050184463746267893e-02 1.606590000000000240e-01
1.604160000000000030e-01 6.949960315917812215e-02 9.049939153279087933e-02 6.949960315917812215e-02 2.129640000000000144e-01 6.969532254250555836e-02 9.049939153279087933e-02 6.969532254250555836e-02 1.606590000000000240e-01
1.604160000000000030e-01 7.576296003028250292e-02 9.823478521922042461e-02 7.576296003028250292e-02 2.129640000000000144e-01 7.320712178797560143e-02 9.823478521922042461e-02 7.320712178797560143e-02 1.606590000000000240e-01
1.604160000000000030e-01 8.433054413071744415e-02 1.107574715167505552e-01 8.433054413071744415e-02 2.129640000000000144e-01 8.293752960190148293e-02 1.107574715167505552e-01 8.293752960190148293e-02 1.606590000000000240e-01
1.604160000000000030e-01 9.202073071960238659e-02 1.123166990998221287e-01 9.202073071960238659e-02 2.129640000000000144e-01 8.339379219937091692e-02 1.123166990998221287e-01 8.339379219937091692e-02 1.606590000000000240e-01
1.604160000000000030e-01 9.671730667668586301e-02 1.227181918336837235e-01 9.671730667668586301e-02 2.129640000000000144e-01 9.212081156845292051e-02 1.227181918336837235e-01 9.212081156845292051e-02 1.606590000000000240e-01
1.604160000000000030e-01 1.053835544986974349e-01 1.361214094434121669e-01 1.053835544986974349e-01 2.129640000000000144e-01 9.993068216118258795e-02 1.361214094434121669e-01 9.993068216118258795e-02 1.606590000000000240e-01
1.604160000000000030e-01 1.083323399256025804e-01 1.428512530521831858e-01 1.083323399256025804e-01 2.129640000000000144e-01 1.014082609698625098e-01 1.428512530521831858e-01 1.014082609698625098e-01 1.606590000000000240e-01
1.604160000000000030e-01 1.154987357092802785e-01 1.488899645664274463e-01 1.154987357092802785e-01 2.129640000000000144e-01 1.079256974029455113e-01 1.488899645664274463e-01 1.079256974029455113e-01 1.606590000000000240e-01
1.604160000000000030e-01 1.191679999999999962e-01 1.521879999999999900e-01 1.191679999999999962e-01 2.129640000000000144e-01 1.130740000000000078e-01 1.521879999999999900e-01 1.130740000000000078e-01 1.606590000000000240e-01
c: 
2.337000000000000188e+00
2.851999999999999869e+00
2.528999999999999915e+00
