CDF: 
3.499999999999999778e-01 4.799999999999999822e-01 5.300000000000000266e-01 1.000000000000000000e+00
2.200000000000000011e-01 7.600000000000000089e-01 8.699999999999999956e-01 1.000000000000000000e+00
4.899999999999999911e-01 8.199999999999999512e-01 9.100000000000000311e-01 1.000000000000000000e+00
sigma: 
2.277959999999999985e-01 3.875284607302017376e-03 8.687341691761695135e-04 3.875284607302017376e-03 9.821099999999999275e-02 1.925046032159198617e-03 8.687341691761695135e-04 1.925046032159198617e-03 7.889999999999999791e-02
2.277959999999999985e-01 7.635872959989804809e-03 4.910108253345157187e-03 7.635872959989804809e-03 9.821099999999999275e-02 5.730819253261252959e-03 4.910108253345157187e-03 5.730819253261252959e-03 7.889999999999999791e-02
2.277959999999999985e-01 1.048130429019545305e-02 9.562015743163789286e-03 1.048130429019545305e-02 9.821099999999999275e-02 8.329136998634377453e-03 9.562015743163789286e-03 8.329136998634377453e-03 7.889999999999999791e-02
2.277959999999999985e-01 1.596188218923252564e-02 1.174957656767740451e-02 1.596188218923252564e-02 9.821099999999999275e-02 1.313551261780563154e-02 1.174957656767740451e-02 1.313551261780563154e-02 7.889999999999999791e-02
2.277959999999999985e-01 1.960438780246101520e-02 1.591669948496810330e-02 1.960438780246101520e-02 9.821099999999999275e-02 2.034544659046730666e-02 1.591669948496810330e-02 2.034544659046730666e-02 7.889999999999999791e-02
2.277959999999999985e-01 2.160553469808110943e-02 1.995812941015855102e-02 2.160553469808110943e-02 9.821099999999999275e-02 2.305027496069693774e-02 1.995812941015855102e-02 2.305027496069693774e-02 7.889999999999999791e-02
2.277959999999999985e-01 2.573748902021486679e-02 2.391708795078742456e-02 2.573748902021486679e-02 9.821099999999999275e-02 2.782864004936937488e-02 2.391708795078742456e-02 2.782864004936937488e-02 7.889999999999999791e-02
2.277959999999999985e-01 3.348181860462137033e-02 2.958771401178392907e-02 3.348181860462137033e-02 9.821099999999999275e-02 3.162672512028909949e-02 2.958771401178392907e-02 3.162672512028909949e-02 7.889999999999999791e-02
2.277959999999999985e-01 3.731114349179989048e-02 3.305038647220396447e-02 3.731114349179989048e-02 9.821099999999999275e-02 3.415604069076532551e-02 3.305038647220396447e-02 3.415604069076532551e-02 7.889999999999999791e-02
2.277959999999999985e-01 4.077844677101262472e-02 3.532238697359407070e-02 4.077844677101262472e-02 9.821099999999999275e-02 4.017728899233537210e-02 3.532238697359407070e-02 4.017728899233537210e-02 7.889999999999999791e-02
2.277959999999999985e-01 4.312582869975128963e-02 3.862356663566850895e-02 4.312582869975128963e-02 9.821099999999999275e-02 4.328681608174736462e-02 3.862356663566850895e-02 4.328681608174736462e-02 7.889999999999999791e-02
2.277959999999999985e-01 5.043701637731349413e-02 4.288007072494853106e-02 5.043701637731349413e-02 9.821099999999999275e-02 4.668352875024606163e-02 4.288007072494853106e-02 4.668352875024606163e-02 7.889999999999999791e-02
2.277959999999999985e-01 5.219502125420956429e-02 4.580203410776796658e-02 5.219502125420956429e-02 9.821099999999999275e-02 5.026149721166617984e-02 4.580203410776796658e-02 5.026149721166617984e-02 7.889999999999999791e-02
2.277959999999999985e-01 5.750053368594540415e-02 5.054770201309664174e-02 5.750053368594540415e-02 9.821099999999999275e-02 5.738371259027107152e-02 5.054770201309664174e-02 5.738371259027107152e-02 7.889999999999999791e-02
2.277959999999999985e-01 6.070673673536389897e-02 5.484925546021228449e-02 6.070673673536389897e-02 9.821099999999999275e-02 6.050367945543327214e-02 5.484925546021228449e-02 6.050367945543327214e-02 7.889999999999999791e-02
2.277959999999999985e-01 6.467800918052703241e-02 5.973631962002634577e-02 6.467800918052703241e-02 9.821099999999999275e-02 6.446933697361298399e-02 5.973631962002634577e-02 6.446933697361298399e-02 7.889999999999999791e-02
2.277959999999999985e-01 7.111809066667701407e-02 6.112845100444615210e-02 7.111809066667701407e-02 9.821099999999999275e-02 6.949665585827277670e-02 6.112845100444615210e-02 6.949665585827277670e-02 7.889999999999999791e-02
2.277959999999999985e-01 7.257172550106358311e-02 6.692020173864803023e-02 7.257172550106358311e-02 9.821099999999999275e-02 7.289540477578522470e-02 6.692020173864803023e-02 7.289540477578522470e-02 7.889999999999999791e-02
2.277959999999999985e-01 7.941313963190957392e-02 6.951555263271322338e-02 7.941313963190957392e-02 9.821099999999999275e-02 7.672930486532911210e-02 6.951555263271322338e-02 7.672930486532911210e-02 7.889999999999999791e-02
2.277959999999999985e-01 8.073400000000000021e-02 7.249999999999998113e-02 8.073400000000000021e-02 9.821099999999999275e-02 7.844999999999999196e-02 7.249999999999998113e-02 7.844999999999999196e-02 7.889999999999999791e-02
c: 
2.721000000000000085e+00
1.862000000000000099e+00
1.268000000000000016e+00
