CDF: 
5.600000000000000533e-01 5.799999999999999600e-01 6.400000000000000133e-01 1.000000000000000000e+00
2.999999999999999889e-01 4.000000000000000222e-01 6.500000000000000222e-01 1.000000000000000000e+00
2.800000000000000266e-01 6.600000000000000311e-01 6.999999999999999556e-01 1.000000000000000000e+00
sigma: 
2.198560000000000236e-01 3.409346795387221962e-03 8.842486012894622965e-03 3.409346795387221962e-03 1.731000000000000316e-01 7.826016460960233401e-03 8.842486012894622965e-03 7.826016460960233401e-03 1.679360000000000019e-01
2.198560000000000236e-01 9.663653801859715259e-03 1.381909542023269065e-02 9.663653801859715259e-03 1.731000000000000316e-01 9.466471671692044607e-03 1.381909542023269065e-02 9.466471671692044607e-03 1.679360000000000019e-01
2.198560000000000236e-01 2.595192639828161965e-02 2.424420836638782953e-02 2.595192639828161965e-02 1.731000000000000316e-01 2.107995860770509391e-02 2.424420836638782953e-02 2.107995860770509391e-02 1.679360000000000019e-01
2.198560000000000236e-01 3.410430271471247970e-02 2.801701403518419217e-02 3.410430271471247970e-02 1.731000000000000316e-01 2.739411365630132003e-02 2.801701403518419217e-02 2.739411365630132003e-02 1.679360000000000019e-01
2.198560000000000236e-01 3.875540138293120246e-02 4.283491392973087786e-02 3.875540138293120246e-02 1.731000000000000316e-01 4.063996740569077171e-02 4.283491392973087786e-02 4.063996740569077171e-02 1.679360000000000019e-01
2.198560000000000236e-01 5.694428061517618767e-02 4.595331227952488551e-02 5.694428061517618767e-02 1.731000000000000316e-01 4.474878485638467129e-02 4.595331227952488551e-02 4.474878485638467129e-02 1.679360000000000019e-01
2.198560000000000236e-01 6.558970022735144401e-02 6.229852323923753404e-02 6.558970022735144401e-02 1.731000000000000316e-01 5.732929932520723637e-02 6.229852323923753404e-02 5.732929932520723637e-02 1.679360000000000019e-01
2.198560000000000236e-01 7.506241399035053219e-02 7.192808019080437765e-02 7.506241399035053219e-02 1.731000000000000316e-01 6.179484502422749603e-02 7.192808019080437765e-02 6.179484502422749603e-02 1.679360000000000019e-01
2.198560000000000236e-01 8.156472300998157676e-02 7.570985120559892145e-02 8.156472300998157676e-02 1.731000000000000316e-01 7.285706267639514844e-02 7.570985120559892145e-02 7.285706267639514844e-02 1.679360000000000019e-01
2.198560000000000236e-01 8.980880666863512440e-02 8.767158383452475223e-02 8.980880666863512440e-02 1.731000000000000316e-01 7.940525559874656025e-02 8.767158383452475223e-02 7.940525559874656025e-02 1.679360000000000019e-01
2.198560000000000236e-01 1.039279360146478232e-01 9.653322179671938730e-02 1.039279360146478232e-01 1.731000000000000316e-01 8.423683713355328839e-02 9.653322179671938730e-02 8.423683713355328839e-02 1.679360000000000019e-01
2.198560000000000236e-01 1.115093465082588470e-01 1.054885565361570604e-01 1.115093465082588470e-01 1.731000000000000316e-01 9.564485402519613821e-02 1.054885565361570604e-01 9.564485402519613821e-02 1.679360000000000019e-01
2.198560000000000236e-01 1.241572233176541085e-01 1.165731060963604432e-01 1.241572233176541085e-01 1.731000000000000316e-01 1.052956851696709994e-01 1.165731060963604432e-01 1.052956851696709994e-01 1.679360000000000019e-01
2.198560000000000236e-01 1.330597477345757118e-01 1.255189963069128778e-01 1.330597477345757118e-01 1.731000000000000316e-01 1.095787896493399666e-01 1.255189963069128778e-01 1.095787896493399666e-01 1.679360000000000019e-01
2.198560000000000236e-01 1.387747196889484169e-01 1.355308545033916956e-01 1.387747196889484169e-01 1.731000000000000316e-01 1.216441863052177830e-01 1.355308545033916956e-01 1.216441863052177830e-01 1.679360000000000019e-01
2.198560000000000236e-01 1.499270550733705076e-01 1.398541290167227558e-01 1.499270550733705076e-01 1.731000000000000316e-01 1.324328918155662227e-01 1.398541290167227558e-01 1.324328918155662227e-01 1.679360000000000019e-01
2.198560000000000236e-01 1.546177726524403939e-01 1.517766980575673275e-01 1.546177726524403939e-01 1.731000000000000316e-01 1.353786764093689310e-01 1.517766980575673275e-01 1.353786764093689310e-01 1.679360000000000019e-01
2.198560000000000236e-01 1.650044755020352583e-01 1.620314822856803449e-01 1.650044755020352583e-01 1.731000000000000316e-01 1.473714928402707625e-01 1.620314822856803449e-01 1.473714928402707625e-01 1.679360000000000019e-01
2.198560000000000236e-01 1.777875335057117201e-01 1.673250137688190031e-01 1.777875335057117201e-01 1.731000000000000316e-01 1.553416868099315173e-01 1.673250137688190031e-01 1.553416868099315173e-01 1.679360000000000019e-01
2.198560000000000236e-01 1.828400000000000303e-01 1.735039999999999916e-01 1.828400000000000303e-01 1.731000000000000316e-01 1.577600000000000113e-01 1.735039999999999916e-01 1.577600000000000113e-01 1.679360000000000019e-01
c: 
2.200000000000000178e+00
1.790999999999999925e+00
2.076999999999999957e+00
