CDF: 
2.000000000000000111e-01 2.800000000000000266e-01 5.100000000000000089e-01 1.000000000000000000e+00
2.700000000000000178e-01 5.200000000000000178e-01 6.800000000000000488e-01 1.000000000000000000e+00
1.499999999999999944e-01 5.400000000000000355e-01 5.799999999999999600e-01 1.000000000000000000e+00
sigma: 
1.900110000000000132e-01 5.985173173013330107e-03 8.016131062453734149e-03 5.985173173013330107e-03 1.824510000000000298e-01 7.969784195168399393e-03 8.016131062453734149e-03 7.969784195168399393e-03 2.056590000000000085e-01
1.900110000000000132e-01 1.475973832770021560e-02 1.801494253765828502e-02 1.475973832770021560e-02 1.824510000000000298e-01 1.426511793537983339e-02 1.801494253765828502e-02 1.426511793537983339e-02 2.056590000000000085e-01
1.900110000000000132e-01 1.801635037298340500e-02 2.240888852182415167e-02 1.801635037298340500e-02 1.824510000000000298e-01 2.238155619130609980e-02 2.240888852182415167e-02 2.238155619130609980e-02 2.056590000000000085e-01
1.900110000000000132e-01 3.080371378124052012e-02 3.045500698682604424e-02 3.080371378124052012e-02 1.824510000000000298e-01 2.882099801909255091e-02 3.045500698682604424e-02 2.882099801909255091e-02 2.056590000000000085e-01
1.900110000000000132e-01 3.402731959766851222e-02 4.287282749292867928e-02 3.402731959766851222e-02 1.824510000000000298e-01 4.145134352523722338e-02 4.287282749292867928e-02 4.145134352523722338e-02 2.056590000000000085e-01
1.900110000000000132e-01 4.534769531056442871e-02 5.475824425424971609e-02 4.534769531056442871e-02 1.824510000000000298e-01 5.164442560366713092e-02 5.475824425424971609e-02 5.164442560366713092e-02 2.056590000000000085e-01
1.900110000000000132e-01 5.512877219851005511e-02 6.468130266148675034e-02 5.512877219851005511e-02 1.824510000000000298e-01 5.914934248631237984e-02 6.468130266148675034e-02 5.914934248631237984e-02 2.056590000000000085e-01
1.900110000000000132e-01 6.180470630327861842e-02 6.702869523933779883e-02 6.180470630327861842e-02 1.824510000000000298e-01 6.882181072816657974e-02 6.702869523933779883e-02 6.882181072816657974e-02 2.056590000000000085e-01
1.900110000000000132e-01 7.095991968755480106e-02 7.902439091987854825e-02 7.095991968755480106e-02 1.824510000000000298e-01 7.590894033241077365e-02 7.902439091987854825e-02 7.590894033241077365e-02 2.056590000000000085e-01
1.900110000000000132e-01 7.458770052310345622e-02 8.612819834006442410e-02 7.458770052310345622e-02 1.824510000000000298e-01 8.184016516432511545e-02 8.612819834006442410e-02 8.184016516432511545e-02 2.056590000000000085e-01
1.900110000000000132e-01 8.409621902128927573e-02 9.910144187958737361e-02 8.409621902128927573e-02 1.824510000000000298e-01 9.086022412227863498e-02 9.910144187958737361e-02 9.086022412227863498e-02 2.056590000000000085e-01
1.900110000000000132e-01 9.424268322173082191e-02 1.050841219880698646e-01 9.424268322173082191e-02 1.824510000000000298e-01 1.020677363229033907e-01 1.050841219880698646e-01 1.020677363229033907e-01 2.056590000000000085e-01
1.900110000000000132e-01 9.958050125829538690e-02 1.141038488354732261e-01 9.958050125829538690e-02 1.824510000000000298e-01 1.172304628761040163e-01 1.141038488354732261e-01 1.172304628761040163e-01 2.056590000000000085e-01
1.900110000000000132e-01 1.095210517738584438e-01 1.272119078779725965e-01 1.095210517738584438e-01 1.824510000000000298e-01 1.215680325741318873e-01 1.272119078779725965e-01 1.215680325741318873e-01 2.056590000000000085e-01
1.900110000000000132e-01 1.169632312320761369e-01 1.305562748198892953e-01 1.169632312320761369e-01 1.824510000000000298e-01 1.347191398588339362e-01 1.305562748198892953e-01 1.347191398588339362e-01 2.056590000000000085e-01
1.900110000000000132e-01 1.234723790069943428e-01 1.439680518560680356e-01 1.234723790069943428e-01 1.824510000000000298e-01 1.415078500999355782e-01 1.439680518560680356e-01 1.415078500999355782e-01 2.056590000000000085e-01
1.900110000000000132e-01 1.318870473653019626e-01 1.508855007587289465e-01 1.318870473653019626e-01 1.824510000000000298e-01 1.495383099562843654e-01 1.508855007587289465e-01 1.495383099562843654e-01 2.056590000000000085e-01
1.900110000000000132e-01 1.413130179327058145e-01 1.653171780183463890e-01 1.413130179327058145e-01 1.824510000000000298e-01 1.580008787914760071e-01 1.653171780183463890e-01 1.580008787914760071e-01 2.056590000000000085e-01
1.900110000000000132e-01 1.458280983679537401e-01 1.728182320805781158e-01 1.458280983679537401e-01 1.824510000000000298e-01 1.687249968545986578e-01 1.728182320805781158e-01 1.687249968545986578e-01 2.056590000000000085e-01
1.900110000000000132e-01 1.531689999999999996e-01 1.756429999999999936e-01 1.531689999999999996e-01 1.824510000000000298e-01 1.715970000000000273e-01 1.756429999999999936e-01 1.715970000000000273e-01 2.056590000000000085e-01
c: 
1.177999999999999936e+00
2.057999999999999829e+00
2.444999999999999840e+00
