CDF: 
1.000000000000000056e-01 5.000000000000000000e-01 5.999999999999999778e-01 1.000000000000000000e+00
1.400000000000000133e-01 2.800000000000000266e-01 7.500000000000000000e-01 1.000000000000000000e+00
3.499999999999999778e-01 5.400000000000000355e-01 6.300000000000000044e-01 1.000000000000000000e+00
sigma: 
1.921000000000000485e-01 3.960654488436146647e-03 9.045266210640213328e-03 3.960654488436146647e-03 1.296749999999999847e-01 4.254835968186067123e-03 9.045266210640213328e-03 4.254835968186067123e-03 2.069440000000000168e-01
1.921000000000000485e-01 1.276646901244327982e-02 1.537267371914733533e-02 1.276646901244327982e-02 1.296749999999999847e-01 8.235203286821507485e-03 1.537267371914733533e-02 8.235203286821507485e-03 2.069440000000000168e-01
1.921000000000000485e-01 1.418860603549909789e-02 2.227303890432183117e-02 1.418860603549909789e-02 1.296749999999999847e-01 1.531352013483313138e-02 2.227303890432183117e-02 1.531352013483313138e-02 2.069440000000000168e-01
1.921000000000000485e-01 2.005304371715074113e-02 3.480503068211802248e-02 2.005304371715074113e-02 1.296749999999999847e-01 2.681653901647228569e-02 3.480503068211802248e-02 2.681653901647228569e-02 2.069440000000000168e-01
1.921000000000000485e-01 2.977889478202446275e-02 4.885327275987004503e-02 2.977889478202446275e-02 1.296749999999999847e-01 3.247153863887410064e-02 4.885327275987004503e-02 3.247153863887410064e-02 2.069440000000000168e-01
1.921000000000000485e-01 3.584731043822490804e-02 5.991510167471053583e-02 3.584731043822490804e-02 1.296749999999999847e-01 3.540780577280439739e-02 5.991510167471053583e-02 3.540780577280439739e-02 2.069440000000000168e-01
1.921000000000000485e-01 4.096027556716947543e-02 6.405717281861190993e-02 4.096027556716947543e-02 1.296749999999999847e-01 4.795545431580972712e-02 6.405717281861190993e-02 4.795545431580972712e-02 2.069440000000000168e-01
1.921000000000000485e-01 4.794027033758243433e-02 7.413334693312467749e-02 4.794027033758243433e-02 1.296749999999999847e-01 5.136803741450243072e-02 7.413334693312467749e-02 5.136803741450243072e-02 2.069440000000000168e-01
1.921000000000000485e-01 5.201026758252756677e-02 9.053555408601901555e-02 5.201026758252756677e-02 1.296749999999999847e-01 5.963423034772227099e-02 9.053555408601901555e-02 5.963423034772227099e-02 2.069440000000000168e-01
1.921000000000000485e-01 6.293757053908083376e-02 9.107179273329468749e-02 6.293757053908083376e-02 1.296749999999999847e-01 6.778862107781624680e-02 9.107179273329468749e-02 6.778862107781624680e-02 2.069440000000000168e-01
1.921000000000000485e-01 6.639038427564415701e-02 1.065076646640939068e-01 6.639038427564415701e-02 1.296749999999999847e-01 7.355744260623550690e-02 1.065076646640939068e-01 7.355744260623550690e-02 2.069440000000000168e-01
1.921000000000000485e-01 7.674788514439859211e-02 1.207071656399637954e-01 7.674788514439859211e-02 1.296749999999999847e-01 7.876058449939286887e-02 1.207071656399637954e-01 7.876058449939286887e-02 2.069440000000000168e-01
1.921000000000000485e-01 8.089628188392945785e-02 1.242494583957629156e-01 8.089628188392945785e-02 1.296749999999999847e-01 8.832258579145496613e-02 1.242494583957629156e-01 8.832258579145496613e-02 2.069440000000000168e-01
1.921000000000000485e-01 8.600486263868162284e-02 1.397680741190047704e-01 8.600486263868162284e-02 1.296749999999999847e-01 9.511247948141633712e-02 1.397680741190047704e-01 9.511247948141633712e-02 2.069440000000000168e-01
1.921000000000000485e-01 9.286898233366394639e-02 1.423226508279510361e-01 9.286898233366394639e-02 1.296749999999999847e-01 9.985234402750943483e-02 1.423226508279510361e-01 9.985234402750943483e-02 2.069440000000000168e-01
1.921000000000000485e-01 1.023252183862256443e-01 1.604694725671420297e-01 1.023252183862256443e-01 1.296749999999999847e-01 1.094536135705003466e-01 1.604694725671420297e-01 1.094536135705003466e-01 2.069440000000000168e-01
1.921000000000000485e-01 1.070852252867983134e-01 1.701154925075996083e-01 1.070852252867983134e-01 1.296749999999999847e-01 1.158580714039338516e-01 1.701154925075996083e-01 1.158580714039338516e-01 2.069440000000000168e-01
1.921000000000000485e-01 1.110093454295061344e-01 1.774012096082560608e-01 1.110093454295061344e-01 1.296749999999999847e-01 1.178774365550487591e-01 1.774012096082560608e-01 1.178774365550487591e-01 2.069440000000000168e-01
1.921000000000000485e-01 1.153799736436330464e-01 1.872610448200994482e-01 1.153799736436330464e-01 1.296749999999999847e-01 1.246365298978801411e-01 1.872610448200994482e-01 1.246365298978801411e-01 2.069440000000000168e-01
1.921000000000000485e-01 1.216500000000000081e-01 1.915800000000000280e-01 1.216500000000000081e-01 1.296749999999999847e-01 1.313199999999999923e-01 1.915800000000000280e-01 1.313199999999999923e-01 2.069440000000000168e-01
c: 
1.016000000000000014e+00
2.024999999999999911e+00
2.891999999999999904e+00
