CDF: 
1.499999999999999944e-01 4.799999999999999822e-01 7.199999999999999734e-01 1.000000000000000000e+00
2.800000000000000266e-01 6.999999999999999556e-01 7.299999999999999822e-01 1.000000000000000000e+00
4.000000000000000222e-01 7.099999999999999645e-01 7.500000000000000000e-01 1.000000000000000000e+00
sigma: 
1.362360000000000237e-01 2.198649269840672596e-04 3.044165891164904176e-03 2.198649269840672596e-04 1.576440000000000063e-01 5.892153096266407840e-03 3.044165891164904176e-03 5.892153096266407840e-03 1.612159999999999704e-01
1.362360000000000237e-01 1.246670978767565330e-02 7.760135207979420614e-03 1.246670978767565330e-02 1.576440000000000063e-01 1.167406960395944542e-02 7.760135207979420614e-03 1.167406960395944542e-02 1.612159999999999704e-01
1.362360000000000237e-01 1.667859745063019622e-02 1.900905644870533318e-02 1.667859745063019622e-02 1.576440000000000063e-01 1.701524783052517018e-02 1.900905644870533318e-02 1.701524783052517018e-02 1.612159999999999704e-01
1.362360000000000237e-01 2.461862002176137473e-02 2.216036439168193872e-02 2.461862002176137473e-02 1.576440000000000063e-01 3.181370356680104927e-02 2.216036439168193872e-02 3.181370356680104927e-02 1.612159999999999704e-01
1.362360000000000237e-01 3.661380929117447752e-02 3.277852972785616492e-02 3.661380929117447752e-02 1.576440000000000063e-01 4.018225935431122414e-02 3.277852972785616492e-02 4.018225935431122414e-02 1.612159999999999704e-01
1.362360000000000237e-01 4.321558489234827299e-02 4.309858881974698575e-02 4.321558489234827299e-02 1.576440000000000063e-01 4.229124902874608488e-02 4.309858881974698575e-02 4.229124902874608488e-02 1.612159999999999704e-01
1.362360000000000237e-01 4.818693090795141132e-02 4.837534815419875650e-02 4.818693090795141132e-02 1.576440000000000063e-01 4.931096983444360760e-02 4.837534815419875650e-02 4.931096983444360760e-02 1.612159999999999704e-01
1.362360000000000237e-01 5.441142324990790036e-02 5.672640657142129228e-02 5.441142324990790036e-02 1.576440000000000063e-01 6.314262376967544332e-02 5.672640657142129228e-02 6.314262376967544332e-02 1.612159999999999704e-01
1.362360000000000237e-01 6.377017501269399702e-02 5.970633075403696671e-02 6.377017501269399702e-02 1.576440000000000063e-01 6.828603772155000806e-02 5.970633075403696671e-02 6.828603772155000806e-02 1.612159999999999704e-01
1.362360000000000237e-01 7.323477411946661964e-02 7.170077423717299836e-02 7.323477411946661964e-02 1.576440000000000063e-01 7.663376184170431205e-02 7.170077423717299836e-02 7.663376184170431205e-02 1.612159999999999704e-01
1.362360000000000237e-01 7.717569843448202072e-02 7.706363609336554232e-02 7.717569843448202072e-02 1.576440000000000063e-01 8.206120408346934125e-02 7.706363609336554232e-02 8.206120408346934125e-02 1.612159999999999704e-01
1.362360000000000237e-01 8.449143665442081230e-02 8.254420046276228495e-02 8.449143665442081230e-02 1.576440000000000063e-01 8.951414174082276964e-02 8.254420046276228495e-02 8.951414174082276964e-02 1.612159999999999704e-01
1.362360000000000237e-01 9.192151160850982328e-02 9.245217324421073357e-02 9.192151160850982328e-02 1.576440000000000063e-01 1.001364748629226531e-01 9.245217324421073357e-02 1.001364748629226531e-01 1.612159999999999704e-01
1.362360000000000237e-01 9.716298801813431918e-02 9.820884435039690941e-02 9.716298801813431918e-02 1.576440000000000063e-01 1.115044349168188842e-01 9.820884435039690941e-02 1.115044349168188842e-01 1.612159999999999704e-01
1.362360000000000237e-01 1.095686617921247663e-01 1.061567010080177870e-01 1.095686617921247663e-01 1.576440000000000063e-01 1.145520505492482327e-01 1.061567010080177870e-01 1.145520505492482327e-01 1.612159999999999704e-01
1.362360000000000237e-01 1.132453909233974015e-01 1.114481835044264790e-01 1.132453909233974015e-01 1.576440000000000063e-01 1.276689260723805619e-01 1.114481835044264790e-01 1.276689260723805619e-01 1.612159999999999704e-01
1.362360000000000237e-01 1.227135786371705284e-01 1.247896191556753520e-01 1.227135786371705284e-01 1.576440000000000063e-01 1.333657501426777081e-01 1.247896191556753520e-01 1.333657501426777081e-01 1.612159999999999704e-01
1.362360000000000237e-01 1.335506993124584985e-01 1.274962327378469373e-01 1.335506993124584985e-01 1.576440000000000063e-01 1.385146586181716100e-01 1.274962327378469373e-01 1.385146586181716100e-01 1.612159999999999704e-01
1.362360000000000237e-01 1.400527628104737132e-01 1.377447189007700024e-01 1.400527628104737132e-01 1.576440000000000063e-01 1.472157608662917616e-01 1.377447189007700024e-01 1.472157608662917616e-01 1.612159999999999704e-01
1.362360000000000237e-01 1.410280000000000145e-01 1.402239999999999875e-01 1.410280000000000145e-01 1.576440000000000063e-01 1.539520000000000055e-01 1.402239999999999875e-01 1.539520000000000055e-01 1.612159999999999704e-01
c: 
2.559000000000000163e+00
2.041999999999999815e+00
1.247000000000000108e+00
