CDF: 
2.300000000000000100e-01 4.000000000000000222e-01 8.100000000000000533e-01 1.000000000000000000e+00
2.700000000000000178e-01 5.400000000000000355e-01 5.699999999999999512e-01 1.000000000000000000e+00
2.500000000000000000e-01 5.100000000000000089e-01 6.600000000000000311e-01 1.000000000000000000e+00
sigma: 
1.118560000000000110e-01 4.398920143346182754e-03 4.123129719653705234e-03 4.398920143346182754e-03 1.995839999999999836e-01 5.545977205792989966e-03 4.123129719653705234e-03 5.545977205792989966e-03 1.700959999999999972e-01
1.118560000000000110e-01 9.613155799925967443e-03 9.058794400715381237e-03 9.613155799925967443e-03 1.995839999999999836e-01 1.419340213092268495e-02 9.058794400715381237e-03 1.419340213092268495e-02 1.700959999999999972e-01
1.118560000000000110e-01 1.523439086098628097e-02 1.430956985938050541e-02 1.523439086098628270e-02 1.995839999999999836e-01 1.919211151648913746e-02 1.430956985938050541e-02 1.919211151648913746e-02 1.700959999999999972e-01
1.118560000000000110e-01 2.164647258931384766e-02 1.868803016199924519e-02 2.164647258931385113e-02 1.995839999999999836e-01 3.227167649353106932e-02 1.868803016199924519e-02 3.227167649353106932e-02 1.700959999999999972e-01
1.118560000000000110e-01 2.673949077318280021e-02 2.704913482094967181e-02 2.673949077318280368e-02 1.995839999999999836e-01 4.316468230030746922e-02 2.704913482094967181e-02 4.316468230030746922e-02 1.700959999999999972e-01
1.118560000000000110e-01 3.172484149258074371e-02 3.574094656411617305e-02 3.172484149258075065e-02 1.995839999999999836e-01 5.224760817408777985e-02 3.574094656411617305e-02 5.224760817408777985e-02 1.700959999999999972e-01
1.118560000000000110e-01 4.196811718370530020e-02 4.027894034474241436e-02 4.196811718370530714e-02 1.995839999999999836e-01 5.527079212024819943e-02 4.027894034474241436e-02 5.527079212024819943e-02 1.700959999999999972e-01
1.118560000000000110e-01 4.509320657933436893e-02 4.577613329094772782e-02 4.509320657933437587e-02 1.995839999999999836e-01 6.248048354504720514e-02 4.577613329094772782e-02 6.248048354504720514e-02 1.700959999999999972e-01
1.118560000000000110e-01 4.869870454256163689e-02 4.894187253341187455e-02 4.869870454256163689e-02 1.995839999999999836e-01 7.726260940929910448e-02 4.894187253341187455e-02 7.726260940929910448e-02 1.700959999999999972e-01
1.118560000000000110e-01 5.828243429958027827e-02 5.696251812219758209e-02 5.828243429958028521e-02 1.995839999999999836e-01 8.871669988980733501e-02 5.696251812219758209e-02 8.871669988980733501e-02 1.700959999999999972e-01
1.118560000000000110e-01 6.056197636624101321e-02 6.400385067926357696e-02 6.056197636624102015e-02 1.995839999999999836e-01 9.538312551444325105e-02 6.400385067926357696e-02 9.538312551444325105e-02 1.700959999999999972e-01
1.118560000000000110e-01 7.147218541071938269e-02 6.634765491724581299e-02 7.147218541071939657e-02 1.995839999999999836e-01 1.010831497194960155e-01 6.634765491724581299e-02 1.010831497194960155e-01 1.700959999999999972e-01
1.118560000000000110e-01 7.429399191625102317e-02 7.713559155310985294e-02 7.429399191625103704e-02 1.995839999999999836e-01 1.072325441760031001e-01 7.713559155310985294e-02 1.072325441760031001e-01 1.700959999999999972e-01
1.118560000000000110e-01 8.048481124902812089e-02 7.979951547307334581e-02 8.048481124902813477e-02 1.995839999999999836e-01 1.198835490571767554e-01 7.979951547307334581e-02 1.198835490571767554e-01 1.700959999999999972e-01
1.118560000000000110e-01 8.796641015093431548e-02 8.833706214814152080e-02 8.796641015093432936e-02 1.995839999999999836e-01 1.281210518473426818e-01 8.833706214814152080e-02 1.281210518473426818e-01 1.700959999999999972e-01
1.118560000000000110e-01 9.249932799190828392e-02 9.133922497076273073e-02 9.249932799190828392e-02 1.995839999999999836e-01 1.341505505372476148e-01 9.133922497076273073e-02 1.341505505372476148e-01 1.700959999999999972e-01
1.118560000000000110e-01 9.725616135553623309e-02 1.010333218230048402e-01 9.725616135553624697e-02 1.995839999999999836e-01 1.447913369542226658e-01 1.010333218230048402e-01 1.447913369542226658e-01 1.700959999999999972e-01
1.118560000000000110e-01 1.071443028092112226e-01 1.040889094961830880e-01 1.071443028092112226e-01 1.995839999999999836e-01 1.536473927788234439e-01 1.040889094961830880e-01 1.536473927788234439e-01 1.700959999999999972e-01
1.118560000000000110e-01 1.100073777776675171e-01 1.088746445281531111e-01 1.100073777776675310e-01 1.995839999999999836e-01 1.606645491265600856e-01 1.088746445281531111e-01 1.606645491265600856e-01 1.700959999999999972e-01
1.118560000000000110e-01 1.147519999999999929e-01 1.134239999999999970e-01 1.147520000000000068e-01 1.995839999999999836e-01 1.686080000000000079e-01 1.134239999999999970e-01 1.686080000000000079e-01 1.700959999999999972e-01
c: 
2.166999999999999815e+00
2.012000000000000011e+00
2.862999999999999989e+00
