CDF: 
4.899999999999999911e-01 5.100000000000000089e-01 5.899999999999999689e-01 1.000000000000000000e+00
1.000000000000000056e-01 1.199999999999999956e-01 4.500000000000000111e-01 1.000000000000000000e+00
3.200000000000000067e-01 4.099999999999999756e-01 7.600000000000000089e-01 1.000000000000000000e+00
sigma: 
2.246840000000000226e-01 1.646261638485997734e-04 1.141342708614188862e-03 1.646261638485997734e-04 1.330040000000000111e-01 1.456730582848522314e-03 1.141342708614188862e-03 1.456730582848522314e-03 1.411960000000000437e-01
2.246840000000000226e-01 9.789596045967846952e-03 1.114826247638001609e-02 9.789596045967846952e-03 1.330040000000000111e-01 5.535700279754239041e-03 1.114826247638001609e-02 5.535700279754239041e-03 1.411960000000000437e-01
2.246840000000000226e-01 1.826623371158401024e-02 1.922607300508462347e-02 1.826623371158401024e-02 1.330040000000000111e-01 1.105553928400753415e-02 1.922607300508462347e-02 1.105553928400753415e-02 1.411960000000000437e-01
2.246840000000000226e-01 2.638973875521502532e-02 2.467196706621766281e-02 2.638973875521502532e-02 1.330040000000000111e-01 1.907187306753648989e-02 2.467196706621766281e-02 1.907187306753648989e-02 1.411960000000000437e-01
2.246840000000000226e-01 3.528442594548169414e-02 3.764588174191744324e-02 3.528442594548169414e-02 1.330040000000000111e-01 2.323323125282131252e-02 3.764588174191744324e-02 2.323323125282131252e-02 1.411960000000000437e-01
2.246840000000000226e-01 3.865364415174675494e-02 4.377161405397445026e-02 3.865364415174675494e-02 1.330040000000000111e-01 3.197416796993007154e-02 4.377161405397445026e-02 3.197416796993007154e-02 1.411960000000000437e-01
2.246840000000000226e-01 4.487764391387232682e-02 5.090850901517345733e-02 4.487764391387232682e-02 1.330040000000000111e-01 3.733634223010343089e-02 5.090850901517345733e-02 3.733634223010343089e-02 1.411960000000000437e-01
2.246840000000000226e-01 5.178491342853878965e-02 5.967544829630496567e-02 5.178491342853878965e-02 1.330040000000000111e-01 4.208523939503230893e-02 5.967544829630496567e-02 4.208523939503230893e-02 1.411960000000000437e-01
2.246840000000000226e-01 5.953433851951919764e-02 6.759698475099193415e-02 5.953433851951919764e-02 1.330040000000000111e-01 4.785084537678033212e-02 6.759698475099193415e-02 4.785084537678033212e-02 1.411960000000000437e-01
2.246840000000000226e-01 6.946477188512423240e-02 7.094964798438328779e-02 6.946477188512423240e-02 1.330040000000000111e-01 4.974209443026483823e-02 7.094964798438328779e-02 4.974209443026483823e-02 1.411960000000000437e-01
2.246840000000000226e-01 7.821607419001883055e-02 8.080299916126423843e-02 7.821607419001883055e-02 1.330040000000000111e-01 6.044879165292411927e-02 8.080299916126423843e-02 6.044879165292411927e-02 1.411960000000000437e-01
2.246840000000000226e-01 8.377424842859503007e-02 8.859782472358990191e-02 8.377424842859503007e-02 1.330040000000000111e-01 6.233444902526721898e-02 8.859782472358990191e-02 6.233444902526721898e-02 1.411960000000000437e-01
2.246840000000000226e-01 9.207048822736307869e-02 9.210271179380750961e-02 9.207048822736307869e-02 1.330040000000000111e-01 6.924458494939240982e-02 9.210271179380750961e-02 6.924458494939240982e-02 1.411960000000000437e-01
2.246840000000000226e-01 1.006669031384106877e-01 1.055911623090527579e-01 1.006669031384106877e-01 1.330040000000000111e-01 7.173355531027104937e-02 1.055911623090527579e-01 7.173355531027104937e-02 1.411960000000000437e-01
2.246840000000000226e-01 1.089095388326648400e-01 1.118869308561723508e-01 1.089095388326648400e-01 1.330040000000000111e-01 7.812437298333088642e-02 1.118869308561723508e-01 7.812437298333088642e-02 1.411960000000000437e-01
2.246840000000000226e-01 1.174287280733259525e-01 1.210404251250530583e-01 1.174287280733259525e-01 1.330040000000000111e-01 8.758249455713641718e-02 1.210404251250530583e-01 8.758249455713641718e-02 1.411960000000000437e-01
2.246840000000000226e-01 1.251158032397929054e-01 1.257453567135169425e-01 1.251158032397929054e-01 1.330040000000000111e-01 9.186726566095074209e-02 1.257453567135169425e-01 9.186726566095074209e-02 1.411960000000000437e-01
2.246840000000000226e-01 1.281910163796575741e-01 1.336560260303045755e-01 1.281910163796575741e-01 1.330040000000000111e-01 9.466043570474538815e-02 1.336560260303045755e-01 9.466043570474538815e-02 1.411960000000000437e-01
2.246840000000000226e-01 1.380253070480371158e-01 1.411236337685330688e-01 1.380253070480371158e-01 1.330040000000000111e-01 1.028471590290608167e-01 1.411236337685330688e-01 1.028471590290608167e-01 1.411960000000000437e-01
2.246840000000000226e-01 1.400440000000000296e-01 1.448920000000000208e-01 1.400440000000000296e-01 1.330040000000000111e-01 1.045720000000000122e-01 1.448920000000000208e-01 1.045720000000000122e-01 1.411960000000000437e-01
c: 
2.165000000000000036e+00
2.415000000000000036e+00
2.298000000000000043e+00
