CDF: 
2.800000000000000266e-01 7.600000000000000089e-01 8.299999999999999600e-01 1.000000000000000000e+00
5.500000000000000444e-01 6.700000000000000400e-01 6.899999999999999467e-01 1.000000000000000000e+00
2.000000000000000111e-01 3.400000000000000244e-01 3.699999999999999956e-01 1.000000000000000000e+00
sigma: 
1.139640000000000097e-01 4.507949920647688971e-03 3.960156349038223829e-04 4.507949920647688971e-03 2.010359999999999925e-01 3.332184419196566969e-03 3.960156349038223829e-04 3.332184419196566969e-03 1.915000000000000036e-01
1.139640000000000097e-01 1.100137246559973643e-02 4.588740640073154207e-03 1.100137246559973643e-02 2.010359999999999925e-01 1.093283958952729132e-02 4.588740640073154207e-03 1.093283958952729132e-02 1.915000000000000036e-01
1.139640000000000097e-01 1.570607642839030871e-02 1.271762799744109891e-02 1.570607642839030871e-02 2.010359999999999925e-01 1.453979826248831368e-02 1.271762799744109891e-02 1.453979826248831368e-02 1.915000000000000036e-01
1.139640000000000097e-01 2.354753919687806174e-02 1.383280052896905012e-02 2.354753919687806174e-02 2.010359999999999925e-01 1.985560635067037949e-02 1.383280052896905012e-02 1.985560635067037949e-02 1.915000000000000036e-01
1.139640000000000097e-01 2.842176905715888477e-02 1.962051443261043568e-02 2.842176905715888477e-02 2.010359999999999925e-01 2.455025650536374338e-02 1.962051443261043568e-02 2.455025650536374338e-02 1.915000000000000036e-01
1.139640000000000097e-01 3.590612145698968138e-02 2.432745289673079320e-02 3.590612145698968138e-02 2.010359999999999925e-01 3.393979773004435901e-02 2.432745289673079320e-02 3.393979773004435901e-02 1.915000000000000036e-01
1.139640000000000097e-01 4.123300736206344380e-02 2.864537214775407861e-02 4.123300736206344380e-02 2.010359999999999925e-01 3.844069216551421198e-02 2.864537214775407861e-02 3.844069216551421198e-02 1.915000000000000036e-01
1.139640000000000097e-01 4.652808203768767081e-02 3.166051490454742379e-02 4.652808203768767081e-02 2.010359999999999925e-01 4.424407160695066621e-02 3.166051490454742379e-02 4.424407160695066621e-02 1.915000000000000036e-01
1.139640000000000097e-01 5.378633279619809276e-02 3.775398069208785873e-02 5.378633279619809276e-02 2.010359999999999925e-01 4.842907070594518193e-02 3.775398069208785873e-02 4.842907070594518193e-02 1.915000000000000036e-01
1.139640000000000097e-01 6.024481993444238959e-02 4.143389332335871422e-02 6.024481993444238959e-02 2.010359999999999925e-01 5.364831754809291919e-02 4.143389332335871422e-02 5.364831754809291919e-02 1.915000000000000036e-01
1.139640000000000097e-01 6.413135575629289042e-02 4.728245800796249121e-02 6.413135575629289042e-02 2.010359999999999925e-01 6.370895355948044680e-02 4.728245800796249121e-02 6.370895355948044680e-02 1.915000000000000036e-01
1.139640000000000097e-01 7.255928255448101938e-02 5.146090611984454471e-02 7.255928255448101938e-02 2.010359999999999925e-01 7.043526954680960628e-02 5.146090611984454471e-02 7.043526954680960628e-02 1.915000000000000036e-01
1.139640000000000097e-01 7.482981419781337129e-02 5.449958232628834831e-02 7.482981419781337129e-02 2.010359999999999925e-01 7.162998811575913005e-02 5.449958232628834831e-02 7.162998811575913005e-02 1.915000000000000036e-01
1.139640000000000097e-01 8.531731879129980656e-02 5.828914668371459190e-02 8.531731879129980656e-02 2.010359999999999925e-01 7.775327598383732775e-02 5.828914668371459190e-02 7.775327598383732775e-02 1.915000000000000036e-01
1.139640000000000097e-01 8.839613142080193775e-02 6.300245194934973869e-02 8.839613142080193775e-02 2.010359999999999925e-01 8.540836208159627296e-02 6.300245194934973869e-02 8.540836208159627296e-02 1.915000000000000036e-01
1.139640000000000097e-01 9.380759515040093532e-02 6.983273192960388898e-02 9.380759515040093532e-02 2.010359999999999925e-01 8.996025749219786760e-02 6.983273192960388898e-02 8.996025749219786760e-02 1.915000000000000036e-01
1.139640000000000097e-01 1.054217677733811642e-01 7.299913222053726336e-02 1.054217677733811642e-01 2.010359999999999925e-01 9.550100152321368274e-02 7.299913222053726336e-02 9.550100152321368274e-02 1.915000000000000036e-01
1.139640000000000097e-01 1.108624046500761712e-01 7.553473203039204331e-02 1.108624046500761712e-01 2.010359999999999925e-01 1.023939685960009310e-01 7.553473203039204331e-02 1.023939685960009310e-01 1.915000000000000036e-01
1.139640000000000097e-01 1.150044350026213080e-01 7.967122054785241714e-02 1.150044350026213080e-01 2.010359999999999925e-01 1.087796604422488905e-01 7.967122054785241714e-02 1.087796604422488905e-01 1.915000000000000036e-01
1.139640000000000097e-01 1.178520000000000123e-01 8.382000000000000561e-02 1.178520000000000123e-01 2.010359999999999925e-01 1.128600000000000159e-01 8.382000000000000561e-02 1.128600000000000159e-01 1.915000000000000036e-01
c: 
1.282999999999999918e+00
2.419000000000000039e+00
1.899000000000000021e+00
