CDF: 
1.000000000000000056e-01 2.200000000000000011e-01 7.399999999999999911e-01 1.000000000000000000e+00
1.400000000000000133e-01 2.600000000000000089e-01 5.200000000000000178e-01 1.000000000000000000e+00
1.900000000000000022e-01 3.099999999999999978e-01 4.199999999999999845e-01 1.000000000000000000e+00
sigma: 
1.248160000000000103e-01 3.263879591912186712e-03 2.830102698056040193e-03 3.263879591912186712e-03 1.796999999999999986e-01 1.212437416935485505e-03 2.830102698056040193e-03 1.212437416935485505e-03 2.004750000000000143e-01
1.248160000000000103e-01 1.082640662767807120e-02 8.041495372699271685e-03 1.082640662767807120e-02 1.796999999999999986e-01 1.529556172233890315e-02 8.041495372699271685e-03 1.529556172233890315e-02 2.004750000000000143e-01
1.248160000000000103e-01 1.693153995937127926e-02 1.449797141236400938e-02 1.693153995937127926e-02 1.796999999999999986e-01 2.181256253435438081e-02 1.449797141236400938e-02 2.181256253435438081e-02 2.004750000000000143e-01
1.248160000000000103e-01 1.954200377431412200e-02 1.699279785940817356e-02 1.954200377431412200e-02 1.796999999999999986e-01 3.149158393883669943e-02 1.699279785940817356e-02 3.149158393883669943e-02 2.004750000000000143e-01
1.248160000000000103e-01 2.683475314390824928e-02 2.202636308953135474e-02 2.683475314390824928e-02 1.796999999999999986e-01 3.735322412939402759e-02 2.202636308953135474e-02 3.735322412939402759e-02 2.004750000000000143e-01
1.248160000000000103e-01 2.861894308877101570e-02 3.188055601056612176e-02 2.861894308877101570e-02 1.796999999999999986e-01 5.020652425318983952e-02 3.188055601056612176e-02 5.020652425318983952e-02 2.004750000000000143e-01
1.248160000000000103e-01 3.490921945201192617e-02 3.410355015072965429e-02 3.490921945201192617e-02 1.796999999999999986e-01 5.899873266658586801e-02 3.410355015072965429e-02 5.899873266658586801e-02 2.004750000000000143e-01
1.248160000000000103e-01 4.012231349847297096e-02 3.961335146362852250e-02 4.012231349847297096e-02 1.796999999999999986e-01 6.186954851804127298e-02 3.961335146362852250e-02 6.186954851804127298e-02 2.004750000000000143e-01
1.248160000000000103e-01 4.530859145297988499e-02 4.592798781788824669e-02 4.530859145297988499e-02 1.796999999999999986e-01 7.319597079935487305e-02 4.592798781788824669e-02 7.319597079935487305e-02 2.004750000000000143e-01
1.248160000000000103e-01 5.556888163944241621e-02 5.077384082137851445e-02 5.556888163944241621e-02 1.796999999999999986e-01 8.389044135765504062e-02 5.077384082137851445e-02 8.389044135765504062e-02 2.004750000000000143e-01
1.248160000000000103e-01 6.117898732066360395e-02 5.343933002465964949e-02 6.117898732066360395e-02 1.796999999999999986e-01 9.211757188425274967e-02 5.343933002465964949e-02 9.211757188425274967e-02 2.004750000000000143e-01
1.248160000000000103e-01 6.567924200973268567e-02 5.892027636047980632e-02 6.567924200973268567e-02 1.796999999999999986e-01 9.747715642739662734e-02 5.892027636047980632e-02 9.747715642739662734e-02 2.004750000000000143e-01
1.248160000000000103e-01 6.857058691516862425e-02 6.430767685139315848e-02 6.857058691516862425e-02 1.796999999999999986e-01 1.088794243577230897e-01 6.430767685139315848e-02 1.088794243577230897e-01 2.004750000000000143e-01
1.248160000000000103e-01 7.616298938142776476e-02 7.185894294896864876e-02 7.616298938142776476e-02 1.796999999999999986e-01 1.188325878828528220e-01 7.185894294896864876e-02 1.188325878828528220e-01 2.004750000000000143e-01
1.248160000000000103e-01 8.419410082405140439e-02 7.545732286413521506e-02 8.419410082405140439e-02 1.796999999999999986e-01 1.297507630307999371e-01 7.545732286413521506e-02 1.297507630307999371e-01 2.004750000000000143e-01
1.248160000000000103e-01 8.994228934559331257e-02 8.129774380923714128e-02 8.994228934559331257e-02 1.796999999999999986e-01 1.316560605252801441e-01 8.129774380923714128e-02 1.316560605252801441e-01 2.004750000000000143e-01
1.248160000000000103e-01 9.455449079482786123e-02 8.707212242070166974e-02 9.455449079482786123e-02 1.796999999999999986e-01 1.403952995346359200e-01 8.707212242070166974e-02 1.403952995346359200e-01 2.004750000000000143e-01
1.248160000000000103e-01 9.623314420042594630e-02 9.162651622245543415e-02 9.623314420042594630e-02 1.796999999999999986e-01 1.522148909086213642e-01 9.162651622245543415e-02 1.522148909086213642e-01 2.004750000000000143e-01
1.248160000000000103e-01 1.021334658208216672e-01 9.759220725281905762e-02 1.021334658208216672e-01 1.796999999999999986e-01 1.641507406222985077e-01 9.759220725281905762e-02 1.641507406222985077e-01 2.004750000000000143e-01
1.248160000000000103e-01 1.074400000000000077e-01 1.014000000000000179e-01 1.074400000000000077e-01 1.796999999999999986e-01 1.658499999999999974e-01 1.014000000000000179e-01 1.658499999999999974e-01 2.004750000000000143e-01
c: 
1.314000000000000057e+00
2.992999999999999883e+00
2.712000000000000188e+00
