CDF: 
1.199999999999999956e-01 3.599999999999999867e-01 6.999999999999999556e-01 1.000000000000000000e+00
1.799999999999999933e-01 4.000000000000000222e-01 6.099999999999999867e-01 1.000000000000000000e+00
8.999999999999999667e-02 1.400000000000000133e-01 6.199999999999999956e-01 1.000000000000000000e+00
sigma: 
1.515239999999999920e-01 5.320870042107289774e-04 2.684381496307174184e-03 5.320870042107289774e-04 1.854750000000000010e-01 5.028064400554871013e-03 2.684381496307174184e-03 5.028064400554871013e-03 1.438589999999999869e-01
1.515239999999999920e-01 1.181036304358303556e-02 7.028207758109964419e-03 1.181036304358303556e-02 1.854750000000000010e-01 1.359531924514121269e-02 7.028207758109964419e-03 1.359531924514121269e-02 1.438589999999999869e-01
1.515239999999999920e-01 2.136296609942080205e-02 1.428775201355022596e-02 2.136296609942080205e-02 1.854750000000000010e-01 2.227373248344633599e-02 1.428775201355022596e-02 2.227373248344633599e-02 1.438589999999999869e-01
1.515239999999999920e-01 2.510653144592050329e-02 2.225311013781789207e-02 2.510653144592050329e-02 1.854750000000000010e-01 2.609204512567000339e-02 2.225311013781789207e-02 2.609204512567000339e-02 1.438589999999999869e-01
1.515239999999999920e-01 3.442720184822489066e-02 2.919653174607780843e-02 3.442720184822489066e-02 1.854750000000000010e-01 3.506191309832459857e-02 2.919653174607780843e-02 3.506191309832459857e-02 1.438589999999999869e-01
1.515239999999999920e-01 4.122707111491451248e-02 3.871218784995829332e-02 4.122707111491451248e-02 1.854750000000000010e-01 4.231532662224333358e-02 3.871218784995829332e-02 4.231532662224333358e-02 1.438589999999999869e-01
1.515239999999999920e-01 5.103117535356423845e-02 4.169808639333253547e-02 5.103117535356423845e-02 1.854750000000000010e-01 5.302423009007015131e-02 4.169808639333253547e-02 5.302423009007015131e-02 1.438589999999999869e-01
1.515239999999999920e-01 5.680779496028275088e-02 4.826619284140108018e-02 5.680779496028275088e-02 1.854750000000000010e-01 5.913589260589591917e-02 4.826619284140108018e-02 5.913589260589591917e-02 1.438589999999999869e-01
1.515239999999999920e-01 6.224732009716014286e-02 5.686210118760917642e-02 6.224732009716014286e-02 1.854750000000000010e-01 7.435551389465773486e-02 5.686210118760917642e-02 7.435551389465773486e-02 1.438589999999999869e-01
1.515239999999999920e-01 7.515340152914605498e-02 6.599406596490238475e-02 7.515340152914605498e-02 1.854750000000000010e-01 7.690874099306728440e-02 6.599406596490238475e-02 7.690874099306728440e-02 1.438589999999999869e-01
1.515239999999999920e-01 7.876732409912991228e-02 7.425191138295052229e-02 7.876732409912991228e-02 1.854750000000000010e-01 8.940898761360831226e-02 7.425191138295052229e-02 8.940898761360831226e-02 1.438589999999999869e-01
1.515239999999999920e-01 9.183916274491282783e-02 7.770097173098629295e-02 9.183916274491282783e-02 1.854750000000000010e-01 9.714839487536008900e-02 7.770097173098629295e-02 9.714839487536008900e-02 1.438589999999999869e-01
1.515239999999999920e-01 9.528544165277223754e-02 8.695253663588026205e-02 9.528544165277223754e-02 1.854750000000000010e-01 1.040790514192087013e-01 8.695253663588026205e-02 1.040790514192087013e-01 1.438589999999999869e-01
1.515239999999999920e-01 1.010642056962715030e-01 9.279788113025759511e-02 1.010642056962715030e-01 1.854750000000000010e-01 1.139571084592791994e-01 9.279788113025759511e-02 1.139571084592791994e-01 1.438589999999999869e-01
1.515239999999999920e-01 1.094649336026720099e-01 9.821133663929418334e-02 1.094649336026720099e-01 1.854750000000000010e-01 1.197944230393853948e-01 9.821133663929418334e-02 1.197944230393853948e-01 1.438589999999999869e-01
1.515239999999999920e-01 1.164828993278597263e-01 1.082023223862645100e-01 1.164828993278597263e-01 1.854750000000000010e-01 1.307910440710557953e-01 1.082023223862645100e-01 1.307910440710557953e-01 1.438589999999999869e-01
1.515239999999999920e-01 1.292899580451130626e-01 1.092146730361705648e-01 1.292899580451130626e-01 1.854750000000000010e-01 1.324421177368946267e-01 1.092146730361705648e-01 1.324421177368946267e-01 1.438589999999999869e-01
1.515239999999999920e-01 1.384063653131389904e-01 1.172431534321095314e-01 1.384063653131389904e-01 1.854750000000000010e-01 1.427005537920809919e-01 1.172431534321095314e-01 1.427005537920809919e-01 1.438589999999999869e-01
1.515239999999999920e-01 1.449573291775877459e-01 1.288321920214918481e-01 1.449573291775877459e-01 1.854750000000000010e-01 1.513127807336478448e-01 1.288321920214918481e-01 1.513127807336478448e-01 1.438589999999999869e-01
1.515239999999999920e-01 1.465500000000000136e-01 1.288460000000000161e-01 1.465500000000000136e-01 1.854750000000000010e-01 1.572250000000000036e-01 1.288460000000000161e-01 1.572250000000000036e-01 1.438589999999999869e-01
c: 
2.287999999999999812e+00
2.793000000000000149e+00
2.861000000000000210e+00
