CDF: 
2.399999999999999911e-01 4.600000000000000200e-01 5.100000000000000089e-01 1.000000000000000000e+00
2.500000000000000000e-01 2.899999999999999800e-01 7.900000000000000355e-01 1.000000000000000000e+00
4.500000000000000111e-01 5.300000000000000266e-01 7.399999999999999911e-01 1.000000000000000000e+00
sigma: 
1.998840000000000061e-01 2.162892366634028393e-04 7.992129621759711856e-05 2.162892366634028393e-04 1.168760000000000077e-01 3.879799959189857497e-03 7.992129621759711856e-05 3.879799959189857497e-03 1.671999999999999875e-01
1.998840000000000061e-01 1.141025640503308750e-02 1.298660405956619801e-02 1.141025640503308750e-02 1.168760000000000077e-01 9.476653767165710979e-03 1.298660405956619801e-02 9.476653767165710979e-03 1.671999999999999875e-01
1.998840000000000061e-01 1.609447915328876891e-02 1.854460111049913151e-02 1.609447915328876891e-02 1.168760000000000077e-01 1.459931540293392567e-02 1.854460111049913151e-02 1.459931540293392567e-02 1.671999999999999875e-01
1.998840000000000061e-01 2.171473705809474214e-02 2.841428984610544495e-02 2.171473705809474214e-02 1.168760000000000077e-01 1.955866165326606773e-02 2.841428984610544495e-02 1.955866165326606773e-02 1.671999999999999875e-01
1.998840000000000061e-01 2.609377419079175753e-02 3.388275327118211999e-02 2.609377419079175753e-02 1.168760000000000077e-01 3.029513337972333450e-02 3.388275327118211999e-02 3.029513337972333450e-02 1.671999999999999875e-01
1.998840000000000061e-01 3.517726713453275811e-02 4.195874051977505070e-02 3.517726713453275811e-02 1.168760000000000077e-01 3.694611468254456466e-02 4.195874051977505070e-02 3.694611468254456466e-02 1.671999999999999875e-01
1.998840000000000061e-01 3.655864365650636494e-02 5.601547466292606386e-02 3.655864365650636494e-02 1.168760000000000077e-01 4.329269170595514277e-02 5.601547466292606386e-02 4.329269170595514277e-02 1.671999999999999875e-01
1.998840000000000061e-01 4.291014044550365419e-02 6.380013620608981917e-02 4.291014044550365419e-02 1.168760000000000077e-01 4.594388982129438831e-02 6.380013620608981917e-02 4.594388982129438831e-02 1.671999999999999875e-01
1.998840000000000061e-01 5.006248291730551470e-02 7.067042587392671771e-02 5.006248291730551470e-02 1.168760000000000077e-01 5.636279177449401989e-02 7.067042587392671771e-02 5.636279177449401989e-02 1.671999999999999875e-01
1.998840000000000061e-01 5.562466073433890157e-02 7.882479354638954883e-02 5.562466073433890157e-02 1.168760000000000077e-01 5.954306699832610100e-02 7.882479354638954883e-02 5.954306699832610100e-02 1.671999999999999875e-01
1.998840000000000061e-01 6.431260720398479513e-02 8.792000111418959984e-02 6.431260720398479513e-02 1.168760000000000077e-01 6.819491138085553850e-02 8.792000111418959984e-02 6.819491138085553850e-02 1.671999999999999875e-01
1.998840000000000061e-01 6.647603377718727669e-02 9.537115897449643942e-02 6.647603377718727669e-02 1.168760000000000077e-01 7.145497859439373101e-02 9.537115897449643942e-02 7.145497859439373101e-02 1.671999999999999875e-01
1.998840000000000061e-01 7.687753322234883169e-02 9.757591900667383911e-02 7.687753322234883169e-02 1.168760000000000077e-01 8.043341903489126254e-02 9.757591900667383911e-02 8.043341903489126254e-02 1.671999999999999875e-01
1.998840000000000061e-01 8.108798840570181909e-02 1.081355249517596817e-01 8.108798840570181909e-02 1.168760000000000077e-01 8.199750870741880082e-02 1.081355249517596817e-01 8.199750870741880082e-02 1.671999999999999875e-01
1.998840000000000061e-01 8.924159326135423786e-02 1.180357738925257027e-01 8.924159326135423786e-02 1.168760000000000077e-01 9.275389335123000734e-02 1.180357738925257027e-01 9.275389335123000734e-02 1.671999999999999875e-01
1.998840000000000061e-01 9.521921142266294436e-02 1.216206262204013455e-01 9.521921142266294436e-02 1.168760000000000077e-01 9.539747563656644780e-02 1.216206262204013455e-01 9.539747563656644780e-02 1.671999999999999875e-01
1.998840000000000061e-01 9.860199799330615633e-02 1.298746852722091616e-01 9.860199799330615633e-02 1.168760000000000077e-01 1.009713424039205831e-01 1.298746852722091616e-01 1.009713424039205831e-01 1.671999999999999875e-01
1.998840000000000061e-01 1.050899237096286076e-01 1.422312408380731197e-01 1.050899237096286076e-01 1.168760000000000077e-01 1.132033910454656178e-01 1.422312408380731197e-01 1.132033910454656178e-01 1.671999999999999875e-01
1.998840000000000061e-01 1.082290842674906717e-01 1.498004765025758578e-01 1.082290842674906717e-01 1.168760000000000077e-01 1.174247219106571427e-01 1.498004765025758578e-01 1.174247219106571427e-01 1.671999999999999875e-01
1.998840000000000061e-01 1.136280000000000068e-01 1.529599999999999849e-01 1.136280000000000068e-01 1.168760000000000077e-01 1.195200000000000012e-01 1.529599999999999849e-01 1.195200000000000012e-01 1.671999999999999875e-01
c: 
2.016999999999999904e+00
2.321000000000000174e+00
2.620999999999999996e+00
