CDF: 
2.099999999999999922e-01 3.300000000000000155e-01 7.099999999999999645e-01 1.000000000000000000e+00
1.700000000000000122e-01 3.400000000000000244e-01 5.999999999999999778e-01 1.000000000000000000e+00
2.600000000000000089e-01 3.099999999999999978e-01 4.699999999999999734e-01 1.000000000000000000e+00
sigma: 
1.523439999999999794e-01 5.661633600084513447e-03 5.226900352910675979e-03 5.661633600084513447e-03 1.800749999999999851e-01 5.704821972663921305e-03 5.226900352910675979e-03 5.704821972663921305e-03 2.050109999999999988e-01
1.523439999999999794e-01 1.249981792832161043e-02 8.712304137268769844e-03 1.249981792832161043e-02 1.800749999999999851e-01 1.442091190330798550e-02 8.712304137268769844e-03 1.442091190330798550e-02 2.050109999999999988e-01
1.523439999999999794e-01 1.905595800188658595e-02 2.090220689780819194e-02 1.905595800188658595e-02 1.800749999999999851e-01 1.921577046053403459e-02 2.090220689780819194e-02 1.921577046053403459e-02 2.050109999999999988e-01
1.523439999999999794e-01 2.873548633324697621e-02 2.559860073033905226e-02 2.873548633324697621e-02 1.800749999999999851e-01 2.752708477806222950e-02 2.559860073033905226e-02 2.752708477806222950e-02 2.050109999999999988e-01
1.523439999999999794e-01 3.371592864731983580e-02 3.416086092889417808e-02 3.371592864731983580e-02 1.800749999999999851e-01 3.806014399997218606e-02 3.416086092889417808e-02 3.806014399997218606e-02 2.050109999999999988e-01
1.523439999999999794e-01 3.960752521950983152e-02 3.760583862802233807e-02 3.960752521950983152e-02 1.800749999999999851e-01 4.766939775555244230e-02 3.760583862802233807e-02 4.766939775555244230e-02 2.050109999999999988e-01
1.523439999999999794e-01 4.891386257569795004e-02 4.852460740366500852e-02 4.891386257569795004e-02 1.800749999999999851e-01 5.327012395933251182e-02 4.852460740366500852e-02 5.327012395933251182e-02 2.050109999999999988e-01
1.523439999999999794e-01 5.840615165758664129e-02 5.011407599927789058e-02 5.840615165758664129e-02 1.800749999999999851e-01 6.334108402756387368e-02 5.011407599927789058e-02 6.334108402756387368e-02 2.050109999999999988e-01
1.523439999999999794e-01 6.513391358545428389e-02 5.650738147447843113e-02 6.513391358545428389e-02 1.800749999999999851e-01 7.725635307877924685e-02 5.650738147447843113e-02 7.725635307877924685e-02 2.050109999999999988e-01
1.523439999999999794e-01 7.429513835020672141e-02 6.611523312927018725e-02 7.429513835020672141e-02 1.800749999999999851e-01 8.358634055484742698e-02 6.611523312927018725e-02 8.358634055484742698e-02 2.050109999999999988e-01
1.523439999999999794e-01 7.727507595444436939e-02 7.510102509139544857e-02 7.727507595444436939e-02 1.800749999999999851e-01 9.295979318050004436e-02 7.510102509139544857e-02 9.295979318050004436e-02 2.050109999999999988e-01
1.523439999999999794e-01 8.294411110237169538e-02 7.751687980463936589e-02 8.294411110237169538e-02 1.800749999999999851e-01 9.564493837423465594e-02 7.751687980463936589e-02 9.564493837423465594e-02 2.050109999999999988e-01
1.523439999999999794e-01 9.343770021580606600e-02 8.481251022677330220e-02 9.343770021580606600e-02 1.800749999999999851e-01 1.049880325044563883e-01 8.481251022677330220e-02 1.049880325044563883e-01 2.050109999999999988e-01
1.523439999999999794e-01 1.032262375320799064e-01 9.745749004901944901e-02 1.032262375320799064e-01 1.800749999999999851e-01 1.151154412371217101e-01 9.745749004901944901e-02 1.151154412371217101e-01 2.050109999999999988e-01
1.523439999999999794e-01 1.070643973414125844e-01 1.021724482520869198e-01 1.070643973414125844e-01 1.800749999999999851e-01 1.245107577740196675e-01 1.021724482520869198e-01 1.245107577740196675e-01 2.050109999999999988e-01
1.523439999999999794e-01 1.142385753194788134e-01 1.096872767698266748e-01 1.142385753194788134e-01 1.800749999999999851e-01 1.334895754516129129e-01 1.096872767698266748e-01 1.334895754516129129e-01 2.050109999999999988e-01
1.523439999999999794e-01 1.218365993709455003e-01 1.180710128794208585e-01 1.218365993709455003e-01 1.800749999999999851e-01 1.395856469840014158e-01 1.180710128794208585e-01 1.395856469840014158e-01 2.050109999999999988e-01
1.523439999999999794e-01 1.330996296378993415e-01 1.219656507782322513e-01 1.330996296378993415e-01 1.800749999999999851e-01 1.487178977328199314e-01 1.219656507782322513e-01 1.487178977328199314e-01 2.050109999999999988e-01
1.523439999999999794e-01 1.388194582783389419e-01 1.277939621806463977e-01 1.388194582783389419e-01 1.800749999999999851e-01 1.553963298664303994e-01 1.277939621806463977e-01 1.553963298664303994e-01 2.050109999999999988e-01
1.523439999999999794e-01 1.419799999999999951e-01 1.331719999999999848e-01 1.419799999999999951e-01 1.800749999999999851e-01 1.635150000000000214e-01 1.331719999999999848e-01 1.635150000000000214e-01 2.050109999999999988e-01
c: 
1.219000000000000083e+00
2.932999999999999829e+00
1.358000000000000096e+00
