CDF: 
4.500000000000000111e-01 5.799999999999999600e-01 6.400000000000000133e-01 1.000000000000000000e+00
1.400000000000000133e-01 2.899999999999999800e-01 7.299999999999999822e-01 1.000000000000000000e+00
1.000000000000000056e-01 1.300000000000000044e-01 7.500000000000000000e-01 1.000000000000000000e+00
sigma: 
2.067000000000000226e-01 3.502279567414387680e-03 3.532910507332767810e-04 3.502279567414387680e-03 1.198240000000000138e-01 9.609155770529940500e-04 3.532910507332767810e-04 9.609155770529940500e-04 9.638399999999999745e-02
2.067000000000000226e-01 8.601011588101973790e-03 6.621289705950927744e-03 8.601011588101973790e-03 1.198240000000000138e-01 6.862072832710354106e-03 6.621289705950927744e-03 6.862072832710354106e-03 9.638399999999999745e-02
2.067000000000000226e-01 1.557681955704163027e-02 1.632055675891079180e-02 1.557681955704163027e-02 1.198240000000000138e-01 1.288007304960120739e-02 1.632055675891079180e-02 1.288007304960120739e-02 9.638399999999999745e-02
2.067000000000000226e-01 2.182074619330874599e-02 2.075777236546762564e-02 2.182074619330874599e-02 1.198240000000000138e-01 1.812306662593929016e-02 2.075777236546762564e-02 1.812306662593929016e-02 9.638399999999999745e-02
2.067000000000000226e-01 3.402130245937203673e-02 2.535616141331169596e-02 3.402130245937203673e-02 1.198240000000000138e-01 2.353178598824453086e-02 2.535616141331169596e-02 2.353178598824453086e-02 9.638399999999999745e-02
2.067000000000000226e-01 4.056189087360262402e-02 3.356588160579420527e-02 4.056189087360262402e-02 1.198240000000000138e-01 2.804123894043227677e-02 3.356588160579420527e-02 2.804123894043227677e-02 9.638399999999999745e-02
2.067000000000000226e-01 4.549243899904324012e-02 3.837717872849926576e-02 4.549243899904324012e-02 1.198240000000000138e-01 3.323659719869830748e-02 3.837717872849926576e-02 3.323659719869830748e-02 9.638399999999999745e-02
2.067000000000000226e-01 5.403607876471836630e-02 4.048681368890887783e-02 5.403607876471836630e-02 1.198240000000000138e-01 3.852825283332476924e-02 4.048681368890887783e-02 3.852825283332476924e-02 9.638399999999999745e-02
2.067000000000000226e-01 6.129210067725770344e-02 4.934137909479333062e-02 6.129210067725770344e-02 1.198240000000000138e-01 4.746655034007973839e-02 4.934137909479333062e-02 4.746655034007973839e-02 9.638399999999999745e-02
2.067000000000000226e-01 6.463522991567854925e-02 5.354641644933615108e-02 6.463522991567854925e-02 1.198240000000000138e-01 4.975655206381771750e-02 5.354641644933615108e-02 4.975655206381771750e-02 9.638399999999999745e-02
2.067000000000000226e-01 7.460194100778709536e-02 6.190237517946047680e-02 7.460194100778709536e-02 1.198240000000000138e-01 5.750512119489244872e-02 6.190237517946047680e-02 5.750512119489244872e-02 9.638399999999999745e-02
2.067000000000000226e-01 7.866249173251384230e-02 6.606017688220529316e-02 7.866249173251384230e-02 1.198240000000000138e-01 5.908752245664378872e-02 6.606017688220529316e-02 5.908752245664378872e-02 9.638399999999999745e-02
2.067000000000000226e-01 8.917249806787186373e-02 6.926545123861628517e-02 8.917249806787186373e-02 1.198240000000000138e-01 6.367270476315740890e-02 6.926545123861628517e-02 6.367270476315740890e-02 9.638399999999999745e-02
2.067000000000000226e-01 9.557716379922337468e-02 7.604805654520145619e-02 9.557716379922337468e-02 1.198240000000000138e-01 7.206017969376216081e-02 7.604805654520145619e-02 7.206017969376216081e-02 9.638399999999999745e-02
2.067000000000000226e-01 9.794879050330945747e-02 8.054084878972016248e-02 9.794879050330945747e-02 1.198240000000000138e-01 7.554779297930760973e-02 8.054084878972016248e-02 7.554779297930760973e-02 9.638399999999999745e-02
2.067000000000000226e-01 1.076592028684272978e-01 8.861908785275293687e-02 1.076592028684272978e-01 1.198240000000000138e-01 8.134274088210854958e-02 8.861908785275293687e-02 8.134274088210854958e-02 9.638399999999999745e-02
2.067000000000000226e-01 1.129518311230932603e-01 9.597094051622878652e-02 1.129518311230932603e-01 1.198240000000000138e-01 8.515719689671735759e-02 9.597094051622878652e-02 8.515719689671735759e-02 9.638399999999999745e-02
2.067000000000000226e-01 1.184621124433622719e-01 9.889087675028042368e-02 1.184621124433622719e-01 1.198240000000000138e-01 9.498333475111937763e-02 9.889087675028042368e-02 9.498333475111937763e-02 9.638399999999999745e-02
2.067000000000000226e-01 1.258659987076590492e-01 1.045342995368278016e-01 1.258659987076590492e-01 1.198240000000000138e-01 9.679892219417680910e-02 1.045342995368278016e-01 9.679892219417680910e-02 9.638399999999999745e-02
2.067000000000000226e-01 1.308400000000000118e-01 1.073599999999999971e-01 1.308400000000000118e-01 1.198240000000000138e-01 1.004960000000000020e-01 1.073599999999999971e-01 1.004960000000000020e-01 9.638399999999999745e-02
c: 
1.733999999999999986e+00
1.245000000000000107e+00
2.395000000000000018e+00
