CDF: 
1.499999999999999944e-01 7.900000000000000355e-01 9.100000000000000311e-01 1.000000000000000000e+00
4.400000000000000022e-01 8.599999999999999867e-01 9.399999999999999467e-01 1.000000000000000000e+00
3.300000000000000155e-01 3.499999999999999778e-01 4.699999999999999734e-01 1.000000000000000000e+00
sigma: 
6.404399999999998983e-02 2.598205840948493266e-03 1.115901734942961829e-03 2.598205840948493266e-03 5.862400000000000944e-02 1.836956975555665379e-03 1.115901734942961829e-03 1.836956975555665379e-03 2.112760000000000193e-01
6.404399999999998983e-02 4.597426948024525145e-03 4.712274087831618517e-03 4.597426948024525145e-03 5.862400000000000944e-02 7.330860211673746914e-03 4.712274087831618517e-03 7.330860211673746914e-03 2.112760000000000193e-01
6.404399999999998983e-02 5.859848723571682572e-03 6.133296652110907694e-03 5.859848723571682572e-03 5.862400000000000944e-02 1.089009449887955866e-02 6.133296652110907694e-03 1.089009449887955866e-02 2.112760000000000193e-01
6.404399999999998983e-02 1.023194187737977087e-02 1.125761064601050847e-02 1.023194187737977087e-02 5.862400000000000944e-02 1.340659861809931179e-02 1.125761064601050847e-02 1.340659861809931179e-02 2.112760000000000193e-01
6.404399999999998983e-02 1.161834275621141839e-02 1.267687398590572508e-02 1.161834275621141839e-02 5.862400000000000944e-02 1.525273919096811412e-02 1.267687398590572508e-02 1.525273919096811412e-02 2.112760000000000193e-01
6.404399999999998983e-02 1.601573489467016109e-02 1.727779148147820867e-02 1.601573489467016109e-02 5.862400000000000944e-02 2.140763892005678043e-02 1.727779148147820867e-02 2.140763892005678043e-02 2.112760000000000193e-01
6.404399999999998983e-02 1.692902560411570223e-02 2.037176657070675218e-02 1.692902560411570223e-02 5.862400000000000944e-02 2.543189610404724202e-02 2.037176657070675218e-02 2.543189610404724202e-02 2.112760000000000193e-01
6.404399999999998983e-02 2.206301741086154344e-02 2.168137783072692643e-02 2.206301741086154344e-02 5.862400000000000944e-02 2.625831636823222973e-02 2.168137783072692643e-02 2.625831636823222973e-02 2.112760000000000193e-01
6.404399999999998983e-02 2.499741807977741079e-02 2.659534630082622045e-02 2.499741807977741079e-02 5.862400000000000944e-02 3.279323641908869075e-02 2.659534630082622045e-02 3.279323641908869075e-02 2.112760000000000193e-01
6.404399999999998983e-02 2.692770931073004345e-02 2.740165018700302380e-02 2.692770931073004345e-02 5.862400000000000944e-02 3.543060254559793343e-02 2.740165018700302380e-02 3.543060254559793343e-02 2.112760000000000193e-01
6.404399999999998983e-02 2.851112628616825351e-02 3.162480676438546995e-02 2.851112628616825351e-02 5.862400000000000944e-02 3.901880292907917991e-02 3.162480676438546995e-02 3.901880292907917991e-02 2.112760000000000193e-01
6.404399999999998983e-02 3.289657312965919150e-02 3.396633436022993696e-02 3.289657312965919150e-02 5.862400000000000944e-02 4.219636717883836624e-02 3.396633436022993696e-02 4.219636717883836624e-02 2.112760000000000193e-01
6.404399999999998983e-02 3.339207768231789580e-02 3.832102197055718695e-02 3.339207768231789580e-02 5.862400000000000944e-02 4.609209544120981134e-02 3.832102197055718695e-02 4.609209544120981134e-02 2.112760000000000193e-01
6.404399999999998983e-02 3.730404394873226837e-02 4.213616034387436537e-02 3.730404394873226837e-02 5.862400000000000944e-02 5.110789703146374069e-02 4.213616034387436537e-02 5.110789703146374069e-02 2.112760000000000193e-01
6.404399999999998983e-02 3.959014925389880979e-02 4.532569514919661952e-02 3.959014925389880979e-02 5.862400000000000944e-02 5.503951832319215615e-02 4.532569514919661952e-02 5.503951832319215615e-02 2.112760000000000193e-01
6.404399999999998983e-02 4.444653681575792825e-02 4.800572797083900445e-02 4.444653681575792825e-02 5.862400000000000944e-02 5.779500338937967885e-02 4.800572797083900445e-02 5.779500338937967885e-02 2.112760000000000193e-01
6.404399999999998983e-02 4.502983993604404989e-02 5.124245903075076020e-02 4.502983993604404989e-02 5.862400000000000944e-02 6.041801311957872844e-02 5.124245903075076020e-02 6.041801311957872844e-02 2.112760000000000193e-01
6.404399999999998983e-02 4.974148607386656706e-02 5.336403741886304453e-02 4.974148607386656706e-02 5.862400000000000944e-02 6.294944140162707369e-02 5.336403741886304453e-02 6.294944140162707369e-02 2.112760000000000193e-01
6.404399999999998983e-02 5.025227970120802606e-02 5.463476602605790017e-02 5.025227970120802606e-02 5.862400000000000944e-02 6.921055587085460370e-02 5.463476602605790017e-02 6.921055587085460370e-02 2.112760000000000193e-01
6.404399999999998983e-02 5.278399999999999759e-02 5.758799999999999336e-02 5.278399999999999759e-02 5.862400000000000944e-02 6.996800000000000241e-02 5.758799999999999336e-02 6.996800000000000241e-02 2.112760000000000193e-01
c: 
1.923999999999999932e+00
2.908999999999999808e+00
1.151999999999999913e+00
