CDF: 
2.500000000000000000e-01 4.500000000000000111e-01 6.999999999999999556e-01 1.000000000000000000e+00
1.499999999999999944e-01 3.599999999999999867e-01 5.200000000000000178e-01 1.000000000000000000e+00
1.300000000000000044e-01 6.300000000000000044e-01 7.800000000000000266e-01 1.000000000000000000e+00
sigma: 
1.543999999999999817e-01 5.289150530196410488e-03 1.082186245645728106e-03 5.289150530196410488e-03 1.706040000000000056e-01 4.207217986566988660e-04 1.082186245645728106e-03 4.207217986566988660e-04 1.195999999999999841e-01
1.543999999999999817e-01 1.186957934773837618e-02 6.666171787825827394e-03 1.186957934773837618e-02 1.706040000000000056e-01 7.929659978238735168e-03 6.666171787825827394e-03 7.929659978238735168e-03 1.195999999999999841e-01
1.543999999999999817e-01 1.986226485486071447e-02 1.793974624568142259e-02 1.986226485486071447e-02 1.706040000000000056e-01 1.483299897985124877e-02 1.793974624568142259e-02 1.483299897985124877e-02 1.195999999999999841e-01
1.543999999999999817e-01 2.350172022694018217e-02 2.353536236429569842e-02 2.350172022694018217e-02 1.706040000000000056e-01 1.685362630647536594e-02 2.353536236429569842e-02 1.685362630647536594e-02 1.195999999999999841e-01
1.543999999999999817e-01 3.077534957945785021e-02 2.996294376733069087e-02 3.077534957945785021e-02 1.706040000000000056e-01 2.190456353608958087e-02 2.996294376733069087e-02 2.190456353608958087e-02 1.195999999999999841e-01
1.543999999999999817e-01 4.290953282099409238e-02 3.586179258570003359e-02 4.290953282099409238e-02 1.706040000000000056e-01 3.115249056400744634e-02 3.586179258570003359e-02 3.115249056400744634e-02 1.195999999999999841e-01
1.543999999999999817e-01 4.380630910874436929e-02 4.341642298657720500e-02 4.380630910874436929e-02 1.706040000000000056e-01 3.609316446289888985e-02 4.341642298657720500e-02 3.609316446289888985e-02 1.195999999999999841e-01
1.543999999999999817e-01 5.189759119763781570e-02 4.937125769542683590e-02 5.189759119763781570e-02 1.706040000000000056e-01 4.199206790135551204e-02 4.937125769542683590e-02 4.199206790135551204e-02 1.195999999999999841e-01
1.543999999999999817e-01 5.969216806233822170e-02 5.016617042143933780e-02 5.969216806233822170e-02 1.706040000000000056e-01 4.259953241207093538e-02 5.016617042143933780e-02 4.259953241207093538e-02 1.195999999999999841e-01
1.543999999999999817e-01 6.992989825508737212e-02 5.855462860373293610e-02 6.992989825508737212e-02 1.706040000000000056e-01 5.106142791669975728e-02 5.855462860373293610e-02 5.106142791669975728e-02 1.195999999999999841e-01
1.543999999999999817e-01 7.269599822391628607e-02 6.624765948094703261e-02 7.269599822391628607e-02 1.706040000000000056e-01 5.809312078739129609e-02 6.624765948094703261e-02 5.809312078739129609e-02 1.195999999999999841e-01
1.543999999999999817e-01 8.460568032794424376e-02 6.970080523962952912e-02 8.460568032794424376e-02 1.706040000000000056e-01 6.177434001579983069e-02 6.970080523962952912e-02 6.177434001579983069e-02 1.195999999999999841e-01
1.543999999999999817e-01 9.039097317177582913e-02 7.506063565017886963e-02 9.039097317177582913e-02 1.706040000000000056e-01 6.476370403784445506e-02 7.506063565017886963e-02 6.476370403784445506e-02 1.195999999999999841e-01
1.543999999999999817e-01 9.795757793724854667e-02 8.119748689520402130e-02 9.795757793724854667e-02 1.706040000000000056e-01 7.265962877815755616e-02 8.119748689520402130e-02 7.265962877815755616e-02 1.195999999999999841e-01
1.543999999999999817e-01 1.075533580871729789e-01 9.158241355651348947e-02 1.075533580871729789e-01 1.706040000000000056e-01 7.905081520777447468e-02 9.158241355651348947e-02 7.905081520777447468e-02 1.195999999999999841e-01
1.543999999999999817e-01 1.095390342972066000e-01 9.365985784987525264e-02 1.095390342972066000e-01 1.706040000000000056e-01 8.027167441271006176e-02 9.365985784987525264e-02 8.027167441271006176e-02 1.195999999999999841e-01
1.543999999999999817e-01 1.171726737749498176e-01 1.007376658239439865e-01 1.171726737749498176e-01 1.706040000000000056e-01 8.702066402013083901e-02 1.007376658239439865e-01 8.702066402013083901e-02 1.195999999999999841e-01
1.543999999999999817e-01 1.280906131353518329e-01 1.060416644961999083e-01 1.280906131353518329e-01 1.706040000000000056e-01 9.374716552967121697e-02 1.060416644961999083e-01 9.374716552967121697e-02 1.195999999999999841e-01
1.543999999999999817e-01 1.336944522906490518e-01 1.129647639105965523e-01 1.336944522906490518e-01 1.706040000000000056e-01 9.893979285649821820e-02 1.129647639105965523e-01 9.893979285649821820e-02 1.195999999999999841e-01
1.543999999999999817e-01 1.369599999999999984e-01 1.184000000000000052e-01 1.369599999999999984e-01 1.706040000000000056e-01 1.005199999999999982e-01 1.184000000000000052e-01 1.005199999999999982e-01 1.195999999999999841e-01
c: 
1.252999999999999892e+00
1.560000000000000053e+00
2.173999999999999932e+00
