CDF: 
3.699999999999999956e-01 4.699999999999999734e-01 7.099999999999999645e-01 1.000000000000000000e+00
8.999999999999999667e-02 3.200000000000000067e-01 6.899999999999999467e-01 1.000000000000000000e+00
2.600000000000000089e-01 4.000000000000000222e-01 5.799999999999999600e-01 1.000000000000000000e+00
sigma: 
1.675640000000000185e-01 2.555005785367989776e-03 4.446548755723499224e-03 2.555005785367989776e-03 1.243839999999999946e-01 2.875302232656415987e-03 4.446548755723499224e-03 2.875302232656415987e-03 1.839999999999999969e-01
1.675640000000000185e-01 1.106971648634419263e-02 1.143753520451963948e-02 1.106971648634419263e-02 1.243839999999999946e-01 1.191002920165499211e-02 1.143753520451963948e-02 1.191002920165499211e-02 1.839999999999999969e-01
1.675640000000000185e-01 1.513462088592285384e-02 2.153783924101844785e-02 1.513462088592285384e-02 1.243839999999999946e-01 1.647024164490655182e-02 2.153783924101844785e-02 1.647024164490655182e-02 1.839999999999999969e-01
1.675640000000000185e-01 2.541379272725137126e-02 3.160084167533454280e-02 2.541379272725137126e-02 1.243839999999999946e-01 2.505016079837464604e-02 3.160084167533454280e-02 2.505016079837464604e-02 1.839999999999999969e-01
1.675640000000000185e-01 3.251335064605321429e-02 3.421216218387222729e-02 3.251335064605321429e-02 1.243839999999999946e-01 3.377318000661844177e-02 3.421216218387222729e-02 3.377318000661844177e-02 1.839999999999999969e-01
1.675640000000000185e-01 4.269697705172088159e-02 4.495160111387815766e-02 4.269697705172088159e-02 1.243839999999999946e-01 3.897850847245071249e-02 4.495160111387815766e-02 3.897850847245071249e-02 1.839999999999999969e-01
1.675640000000000185e-01 5.020089038832414169e-02 5.455504721913990995e-02 5.020089038832414169e-02 1.243839999999999946e-01 4.646458364882689179e-02 5.455504721913990995e-02 4.646458364882689179e-02 1.839999999999999969e-01
1.675640000000000185e-01 5.257245858894288304e-02 5.819728627278946548e-02 5.257245858894288304e-02 1.243839999999999946e-01 4.828442344675940717e-02 5.819728627278946548e-02 4.828442344675940717e-02 1.839999999999999969e-01
1.675640000000000185e-01 6.340957710075036113e-02 6.920486061638442266e-02 6.340957710075036113e-02 1.243839999999999946e-01 6.135097204274942567e-02 6.920486061638442266e-02 6.135097204274942567e-02 1.839999999999999969e-01
1.675640000000000185e-01 6.994541772837334359e-02 7.505171438862304201e-02 6.994541772837334359e-02 1.243839999999999946e-01 6.570259603418145133e-02 7.505171438862304201e-02 6.570259603418145133e-02 1.839999999999999969e-01
1.675640000000000185e-01 7.331075096383345147e-02 8.290387726291936765e-02 7.331075096383345147e-02 1.243839999999999946e-01 6.980940787436593076e-02 8.290387726291936765e-02 6.980940787436593076e-02 1.839999999999999969e-01
1.675640000000000185e-01 8.381569369445429629e-02 9.240292692827571652e-02 8.381569369445429629e-02 1.243839999999999946e-01 7.662666002664687837e-02 9.240292692827571652e-02 7.662666002664687837e-02 1.839999999999999969e-01
1.675640000000000185e-01 8.975641665105400790e-02 1.033821142610420463e-01 8.975641665105400790e-02 1.243839999999999946e-01 8.589155690873502558e-02 1.033821142610420463e-01 8.589155690873502558e-02 1.839999999999999969e-01
1.675640000000000185e-01 9.780225211169775446e-02 1.076484413765570192e-01 9.780225211169775446e-02 1.243839999999999946e-01 8.973914422629829246e-02 1.076484413765570192e-01 8.973914422629829246e-02 1.839999999999999969e-01
1.675640000000000185e-01 1.047853172775444763e-01 1.220373532550475537e-01 1.047853172775444763e-01 1.243839999999999946e-01 1.017497698626579072e-01 1.220373532550475537e-01 1.017497698626579072e-01 1.839999999999999969e-01
1.675640000000000185e-01 1.079182351313051208e-01 1.236346684166150234e-01 1.079182351313051208e-01 1.243839999999999946e-01 1.032152970223576549e-01 1.236346684166150234e-01 1.032152970223576549e-01 1.839999999999999969e-01
1.675640000000000185e-01 1.176716457692258827e-01 1.331433234624951334e-01 1.176716457692258827e-01 1.243839999999999946e-01 1.097387507231690346e-01 1.331433234624951334e-01 1.097387507231690346e-01 1.839999999999999969e-01
1.675640000000000185e-01 1.267399434235231825e-01 1.453767240145180384e-01 1.267399434235231825e-01 1.243839999999999946e-01 1.187543672916149678e-01 1.453767240145180384e-01 1.187543672916149678e-01 1.839999999999999969e-01
1.675640000000000185e-01 1.300399440138118590e-01 1.520131415878204217e-01 1.300399440138118590e-01 1.243839999999999946e-01 1.250046373637026254e-01 1.520131415878204217e-01 1.250046373637026254e-01 1.839999999999999969e-01
1.675640000000000185e-01 1.365760000000000030e-01 1.552800000000000014e-01 1.365760000000000030e-01 1.243839999999999946e-01 1.295199999999999962e-01 1.552800000000000014e-01 1.295199999999999962e-01 1.839999999999999969e-01
c: 
2.376999999999999780e+00
2.282000000000000028e+00
1.439999999999999947e+00
