CDF: 
2.899999999999999800e-01 3.599999999999999867e-01 6.400000000000000133e-01 1.000000000000000000e+00
2.500000000000000000e-01 3.200000000000000067e-01 5.300000000000000266e-01 1.000000000000000000e+00
3.400000000000000244e-01 6.700000000000000400e-01 7.099999999999999645e-01 1.000000000000000000e+00
sigma: 
1.714039999999999453e-01 2.151420249133428539e-04 3.804591200246407959e-03 2.151420249133428539e-04 1.837759999999999949e-01 4.056495515067023126e-03 3.804591200246407959e-03 4.056495515067023126e-03 1.712159999999999793e-01
1.714039999999999453e-01 1.154253984433684273e-02 1.198232263842401515e-02 1.154253984433684273e-02 1.837759999999999949e-01 9.508651317881837081e-03 1.198232263842401515e-02 9.508651317881837081e-03 1.712159999999999793e-01
1.714039999999999453e-01 2.324958392572424801e-02 1.876144867889093307e-02 2.324958392572424801e-02 1.837759999999999949e-01 2.024481539924015416e-02 1.876144867889093307e-02 2.024481539924015416e-02 1.712159999999999793e-01
1.714039999999999453e-01 2.868044944928930737e-02 2.530632293307642430e-02 2.868044944928930737e-02 1.837759999999999949e-01 2.431729888544012508e-02 2.530632293307642430e-02 2.431729888544012508e-02 1.712159999999999793e-01
1.714039999999999453e-01 3.734816132776776210e-02 3.876249052617844471e-02 3.734816132776776210e-02 1.837759999999999949e-01 2.982975400402253577e-02 3.876249052617844471e-02 2.982975400402253577e-02 1.712159999999999793e-01
1.714039999999999453e-01 4.292461849336202256e-02 4.649355855436546753e-02 4.292461849336202256e-02 1.837759999999999949e-01 4.163808788436036690e-02 4.649355855436546753e-02 4.163808788436036690e-02 1.712159999999999793e-01
1.714039999999999453e-01 5.044547978105497210e-02 4.916432241898639754e-02 5.044547978105497210e-02 1.837759999999999949e-01 4.391608184216187760e-02 4.916432241898639754e-02 4.391608184216187760e-02 1.712159999999999793e-01
1.714039999999999453e-01 6.653552483040596488e-02 5.817683674197495630e-02 6.653552483040596488e-02 1.837759999999999949e-01 5.495550883564240263e-02 5.817683674197495630e-02 5.495550883564240263e-02 1.712159999999999793e-01
1.714039999999999453e-01 6.955813345990981278e-02 6.560871984819904856e-02 6.955813345990981278e-02 1.837759999999999949e-01 6.181139064121009274e-02 6.560871984819904856e-02 6.181139064121009274e-02 1.712159999999999793e-01
1.714039999999999453e-01 7.928453802237099557e-02 7.664840377696721663e-02 7.928453802237099557e-02 1.837759999999999949e-01 7.250807000304644589e-02 7.664840377696721663e-02 7.250807000304644589e-02 1.712159999999999793e-01
1.714039999999999453e-01 9.141382568232654660e-02 8.243206988021783976e-02 9.141382568232654660e-02 1.837759999999999949e-01 7.964665806630587264e-02 8.243206988021783976e-02 7.964665806630587264e-02 1.712159999999999793e-01
1.714039999999999453e-01 9.491290079799725998e-02 9.482169450521454879e-02 9.491290079799725998e-02 1.837759999999999949e-01 8.003860373662571859e-02 9.482169450521454879e-02 8.003860373662571859e-02 1.712159999999999793e-01
1.714039999999999453e-01 1.021198334356760579e-01 9.959297725461754847e-02 1.021198334356760579e-01 1.837759999999999949e-01 9.364291743133755508e-02 9.959297725461754847e-02 9.364291743133755508e-02 1.712159999999999793e-01
1.714039999999999453e-01 1.113190682980106927e-01 1.094722717411814733e-01 1.113190682980106927e-01 1.837759999999999949e-01 9.627354018792783075e-02 1.094722717411814733e-01 9.627354018792783075e-02 1.712159999999999793e-01
1.714039999999999453e-01 1.227618289254376049e-01 1.207119596295680580e-01 1.227618289254376049e-01 1.837759999999999949e-01 1.079730285456023398e-01 1.207119596295680580e-01 1.079730285456023398e-01 1.712159999999999793e-01
1.714039999999999453e-01 1.328960359014657866e-01 1.234777743443417619e-01 1.328960359014657866e-01 1.837759999999999949e-01 1.102528729533562013e-01 1.234777743443417619e-01 1.102528729533562013e-01 1.712159999999999793e-01
1.714039999999999453e-01 1.415524888253794356e-01 1.344751222573155325e-01 1.415524888253794356e-01 1.837759999999999949e-01 1.200736033081803156e-01 1.344751222573155325e-01 1.200736033081803156e-01 1.712159999999999793e-01
1.714039999999999453e-01 1.511001180999645421e-01 1.388686467579140216e-01 1.511001180999645421e-01 1.837759999999999949e-01 1.250712754806829474e-01 1.388686467579140216e-01 1.250712754806829474e-01 1.712159999999999793e-01
1.714039999999999453e-01 1.568597321364272601e-01 1.466803632102593180e-01 1.568597321364272601e-01 1.837759999999999949e-01 1.354221762613001256e-01 1.466803632102593180e-01 1.354221762613001256e-01 1.712159999999999793e-01
1.714039999999999453e-01 1.595519999999999716e-01 1.544079999999999897e-01 1.595519999999999716e-01 1.837759999999999949e-01 1.379039999999999710e-01 1.544079999999999897e-01 1.379039999999999710e-01 1.712159999999999793e-01
c: 
1.832999999999999963e+00
1.431999999999999940e+00
2.714999999999999858e+00
