CDF: 
2.600000000000000089e-01 6.300000000000000044e-01 8.199999999999999512e-01 1.000000000000000000e+00
2.200000000000000011e-01 6.199999999999999956e-01 8.299999999999999600e-01 1.000000000000000000e+00
1.400000000000000133e-01 7.099999999999999645e-01 7.900000000000000355e-01 1.000000000000000000e+00
sigma: 
1.257240000000000024e-01 7.460006569114922435e-04 5.679042215193994166e-03 7.460006569114922435e-04 1.183710000000000040e-01 2.206228439277881613e-03 5.679042215193993298e-03 2.206228439277881613e-03 1.382190000000000085e-01
1.257240000000000024e-01 8.897952012838383773e-03 1.214628058328156082e-02 8.897952012838383773e-03 1.183710000000000040e-01 8.825142488271079180e-03 1.214628058328155909e-02 8.825142488271079180e-03 1.382190000000000085e-01
1.257240000000000024e-01 1.347481912775297733e-02 1.718147425129418551e-02 1.347481912775297733e-02 1.183710000000000040e-01 1.566109127617810320e-02 1.718147425129418551e-02 1.566109127617810320e-02 1.382190000000000085e-01
1.257240000000000024e-01 2.442471211555507365e-02 2.277998935543123354e-02 2.442471211555507365e-02 1.183710000000000040e-01 2.327710035055299831e-02 2.277998935543123007e-02 2.327710035055299831e-02 1.382190000000000085e-01
1.257240000000000024e-01 3.013018898681341443e-02 2.804224659465404459e-02 3.013018898681341443e-02 1.183710000000000040e-01 2.459019636118523616e-02 2.804224659465404113e-02 2.459019636118523616e-02 1.382190000000000085e-01
1.257240000000000024e-01 3.742661628367846549e-02 3.439359993692434753e-02 3.742661628367846549e-02 1.183710000000000040e-01 3.132121563659039792e-02 3.439359993692434059e-02 3.132121563659039792e-02 1.382190000000000085e-01
1.257240000000000024e-01 4.050289896319458210e-02 4.426521579404695678e-02 4.050289896319458210e-02 1.183710000000000040e-01 4.261662309512205538e-02 4.426521579404695678e-02 4.261662309512205538e-02 1.382190000000000085e-01
1.257240000000000024e-01 4.664674146201583382e-02 4.908557389274701560e-02 4.664674146201583382e-02 1.183710000000000040e-01 4.497457766445614458e-02 4.908557389274700866e-02 4.497457766445614458e-02 1.382190000000000085e-01
1.257240000000000024e-01 5.166093003210000395e-02 5.176692294170766317e-02 5.166093003210000395e-02 1.183710000000000040e-01 5.385690247981209100e-02 5.176692294170765624e-02 5.385690247981209100e-02 1.382190000000000085e-01
1.257240000000000024e-01 6.090265541633856777e-02 6.305901769162211568e-02 6.090265541633856777e-02 1.183710000000000040e-01 6.116349752281178415e-02 6.305901769162211568e-02 6.116349752281178415e-02 1.382190000000000085e-01
1.257240000000000024e-01 6.588768023419126763e-02 6.712269382338974244e-02 6.588768023419126763e-02 1.183710000000000040e-01 6.618673068534576542e-02 6.712269382338972856e-02 6.618673068534576542e-02 1.382190000000000085e-01
1.257240000000000024e-01 7.346450087083426783e-02 7.269047552971567849e-02 7.346450087083426783e-02 1.183710000000000040e-01 7.062174512423111117e-02 7.269047552971567849e-02 7.062174512423111117e-02 1.382190000000000085e-01
1.257240000000000024e-01 7.991300115935115467e-02 7.966090521498189747e-02 7.991300115935115467e-02 1.183710000000000040e-01 7.608892741833006568e-02 7.966090521498188359e-02 7.608892741833006568e-02 1.382190000000000085e-01
1.257240000000000024e-01 8.556444986348013537e-02 8.401938839253277058e-02 8.556444986348013537e-02 1.183710000000000040e-01 8.515289918528293200e-02 8.401938839253275670e-02 8.515289918528293200e-02 1.382190000000000085e-01
1.257240000000000024e-01 9.249927937104085451e-02 9.517877368929300586e-02 9.249927937104085451e-02 1.183710000000000040e-01 9.034762744748946195e-02 9.517877368929299198e-02 9.034762744748946195e-02 1.382190000000000085e-01
1.257240000000000024e-01 1.000856072624445037e-01 9.907163094090282174e-02 1.000856072624445037e-01 1.183710000000000040e-01 9.493267644602843003e-02 9.907163094090280786e-02 9.493267644602843003e-02 1.382190000000000085e-01
1.257240000000000024e-01 1.048665609707365165e-01 1.060094480313428233e-01 1.048665609707365165e-01 1.183710000000000040e-01 1.022168673092005292e-01 1.060094480313428095e-01 1.022168673092005292e-01 1.382190000000000085e-01
1.257240000000000024e-01 1.097315779852494899e-01 1.097422646802484331e-01 1.097315779852494899e-01 1.183710000000000040e-01 1.059515626887995166e-01 1.097422646802484192e-01 1.059515626887995166e-01 1.382190000000000085e-01
1.257240000000000024e-01 1.144974657748081548e-01 1.216836420777342997e-01 1.144974657748081548e-01 1.183710000000000040e-01 1.138657896635740657e-01 1.216836420777342859e-01 1.138657896635740657e-01 1.382190000000000085e-01
1.257240000000000024e-01 1.191979999999999984e-01 1.225659999999999944e-01 1.191979999999999984e-01 1.183710000000000040e-01 1.164570000000000050e-01 1.225659999999999805e-01 1.164570000000000050e-01 1.382190000000000085e-01
c: 
2.068000000000000060e+00
1.048999999999999932e+00
2.842000000000000082e+00
