CDF: 
4.199999999999999845e-01 4.400000000000000022e-01 4.600000000000000200e-01 1.000000000000000000e+00
2.000000000000000111e-01 3.300000000000000155e-01 8.900000000000000133e-01 1.000000000000000000e+00
2.899999999999999800e-01 3.400000000000000244e-01 6.199999999999999956e-01 1.000000000000000000e+00
sigma: 
2.416959999999999942e-01 3.313295973756834236e-03 3.466491980460532571e-03 3.313295973756834236e-03 7.701900000000000412e-02 1.777015206614625644e-03 3.466491980460532571e-03 1.777015206614625644e-03 1.857390000000000152e-01
2.416959999999999942e-01 5.909964031177994404e-03 1.113555158172904042e-02 5.909964031177994404e-03 7.701900000000000412e-02 5.993148095203459924e-03 1.113555158172904042e-02 5.993148095203459924e-03 1.857390000000000152e-01
2.416959999999999942e-01 1.278948385773592475e-02 2.037570507452481777e-02 1.278948385773592475e-02 7.701900000000000412e-02 1.246806136999385403e-02 2.037570507452481777e-02 1.246806136999385403e-02 1.857390000000000152e-01
2.416959999999999942e-01 1.686561718405699822e-02 3.518334109427909140e-02 1.686561718405699822e-02 7.701900000000000412e-02 1.400134849924122155e-02 3.518334109427909140e-02 1.400134849924122155e-02 1.857390000000000152e-01
2.416959999999999942e-01 1.811769482261674571e-02 3.899030421875709918e-02 1.811769482261674571e-02 7.701900000000000412e-02 2.013770811290182400e-02 3.899030421875709918e-02 2.013770811290182400e-02 1.857390000000000152e-01
2.416959999999999942e-01 2.171724445573342335e-02 5.113095180772893322e-02 2.171724445573342335e-02 7.701900000000000412e-02 2.442327347816375047e-02 5.113095180772893322e-02 2.442327347816375047e-02 1.857390000000000152e-01
2.416959999999999942e-01 2.831693987386089267e-02 5.883127307266582812e-02 2.831693987386089267e-02 7.701900000000000412e-02 2.844419644609798639e-02 5.883127307266582812e-02 2.844419644609798639e-02 1.857390000000000152e-01
2.416959999999999942e-01 3.295886209205717982e-02 7.089459608180799510e-02 3.295886209205717982e-02 7.701900000000000412e-02 3.037516972674242019e-02 7.089459608180799510e-02 3.037516972674242019e-02 1.857390000000000152e-01
2.416959999999999942e-01 3.709257337471665722e-02 7.522578480834075931e-02 3.709257337471665722e-02 7.701900000000000412e-02 3.708554172740876481e-02 7.522578480834075931e-02 3.708554172740876481e-02 1.857390000000000152e-01
2.416959999999999942e-01 4.297961540197452884e-02 8.509417459154609842e-02 4.297961540197452884e-02 7.701900000000000412e-02 4.041944643164550183e-02 8.509417459154609842e-02 4.041944643164550183e-02 1.857390000000000152e-01
2.416959999999999942e-01 4.369535694204602222e-02 9.671594760598790919e-02 4.369535694204602222e-02 7.701900000000000412e-02 4.530629922921376729e-02 9.671594760598790919e-02 4.530629922921376729e-02 1.857390000000000152e-01
2.416959999999999942e-01 4.780089465139523291e-02 1.008860346819024784e-01 4.780089465139523291e-02 7.701900000000000412e-02 4.971335846728755503e-02 1.008860346819024784e-01 4.971335846728755503e-02 1.857390000000000152e-01
2.416959999999999942e-01 5.442673079337333880e-02 1.145353147765435925e-01 5.442673079337333880e-02 7.701900000000000412e-02 5.138249109239600987e-02 1.145353147765435925e-01 5.138249109239600987e-02 1.857390000000000152e-01
2.416959999999999942e-01 5.801630595004212548e-02 1.274905646708985041e-01 5.801630595004212548e-02 7.701900000000000412e-02 5.911686935013321653e-02 1.274905646708985041e-01 5.911686935013321653e-02 1.857390000000000152e-01
2.416959999999999942e-01 6.278202542140655373e-02 1.316641407369487093e-01 6.278202542140655373e-02 7.701900000000000412e-02 6.170046709322171002e-02 1.316641407369487093e-01 6.170046709322171002e-02 1.857390000000000152e-01
2.416959999999999942e-01 6.528604524607604931e-02 1.371945564727888034e-01 6.528604524607604931e-02 7.701900000000000412e-02 6.547573201982752333e-02 1.371945564727888034e-01 6.547573201982752333e-02 1.857390000000000152e-01
2.416959999999999942e-01 7.138899882006130571e-02 1.539486644694581519e-01 7.138899882006130571e-02 7.701900000000000412e-02 7.055122380138938165e-02 1.539486644694581519e-01 7.055122380138938165e-02 1.857390000000000152e-01
2.416959999999999942e-01 7.470402730375595712e-02 1.610563288489575973e-01 7.470402730375595712e-02 7.701900000000000412e-02 7.263633021075734109e-02 1.610563288489575973e-01 7.263633021075734109e-02 1.857390000000000152e-01
2.416959999999999942e-01 7.865940786174051291e-02 1.666950760813692145e-01 7.865940786174051291e-02 7.701900000000000412e-02 8.008298683895317960e-02 1.666950760813692145e-01 8.008298683895317960e-02 1.857390000000000152e-01
2.416959999999999942e-01 8.193200000000000482e-02 1.733880000000000421e-01 8.193200000000000482e-02 7.701900000000000412e-02 8.042099999999999249e-02 1.733880000000000421e-01 8.042099999999999249e-02 1.857390000000000152e-01
c: 
1.927999999999999936e+00
1.068000000000000060e+00
2.104000000000000092e+00
