CDF: 
8.000000000000000167e-02 1.799999999999999933e-01 5.200000000000000178e-01 1.000000000000000000e+00
2.800000000000000266e-01 7.099999999999999645e-01 7.199999999999999734e-01 1.000000000000000000e+00
1.499999999999999944e-01 2.500000000000000000e-01 5.999999999999999778e-01 1.000000000000000000e+00
sigma: 
1.339039999999999953e-01 3.618877185182586441e-04 6.262367733022022008e-03 3.618877185182586441e-04 1.619000000000000439e-01 8.225771894336615826e-04 6.262367733022022008e-03 8.225771894336615826e-04 1.464000000000000024e-01
1.339039999999999953e-01 6.497606169919610021e-03 1.126504171221688437e-02 6.497606169919610021e-03 1.619000000000000439e-01 9.960053090061721931e-03 1.126504171221688437e-02 9.960053090061721931e-03 1.464000000000000024e-01
1.339039999999999953e-01 1.475503165419660492e-02 1.586918009102497584e-02 1.475503165419660492e-02 1.619000000000000439e-01 1.846218569910943602e-02 1.586918009102497584e-02 1.846218569910943602e-02 1.464000000000000024e-01
1.339039999999999953e-01 1.979830934288517169e-02 2.357488280826645216e-02 1.979830934288517169e-02 1.619000000000000439e-01 2.576962949539230580e-02 2.357488280826645216e-02 2.576962949539230580e-02 1.464000000000000024e-01
1.339039999999999953e-01 2.382351140937056730e-02 3.235308128879293976e-02 2.382351140937056730e-02 1.619000000000000439e-01 3.126639193744463335e-02 3.235308128879293976e-02 3.126639193744463335e-02 1.464000000000000024e-01
1.339039999999999953e-01 3.229310605784938698e-02 3.795601992570245276e-02 3.229310605784938698e-02 1.619000000000000439e-01 3.403527448828953111e-02 3.795601992570245276e-02 3.403527448828953111e-02 1.464000000000000024e-01
1.339039999999999953e-01 3.861271853543257054e-02 4.150964859744822599e-02 3.861271853543257054e-02 1.619000000000000439e-01 4.488131637134953195e-02 4.150964859744822599e-02 4.488131637134953195e-02 1.464000000000000024e-01
1.339039999999999953e-01 4.370563550141629006e-02 5.014797125764926256e-02 4.370563550141629006e-02 1.619000000000000439e-01 4.640687447701775936e-02 5.014797125764926256e-02 4.640687447701775936e-02 1.464000000000000024e-01
1.339039999999999953e-01 4.619704273230540448e-02 5.592626495402600040e-02 4.619704273230540448e-02 1.619000000000000439e-01 5.469886701742802254e-02 5.592626495402600040e-02 5.469886701742802254e-02 1.464000000000000024e-01
1.339039999999999953e-01 5.230460748479542898e-02 6.085415802747509012e-02 5.230460748479542898e-02 1.619000000000000439e-01 6.309712648061457929e-02 6.085415802747509012e-02 6.309712648061457929e-02 1.464000000000000024e-01
1.339039999999999953e-01 5.666060292298438078e-02 7.044430632936785064e-02 5.666060292298438078e-02 1.619000000000000439e-01 6.926985872982091563e-02 7.044430632936785064e-02 6.926985872982091563e-02 1.464000000000000024e-01
1.339039999999999953e-01 6.446563557086182339e-02 7.434377459132862631e-02 6.446563557086182339e-02 1.619000000000000439e-01 7.791375234388071835e-02 7.434377459132862631e-02 7.791375234388071835e-02 1.464000000000000024e-01
1.339039999999999953e-01 7.099263415187004322e-02 8.200229853123017221e-02 7.099263415187004322e-02 1.619000000000000439e-01 8.045144221096507675e-02 8.200229853123017221e-02 8.045144221096507675e-02 1.464000000000000024e-01
1.339039999999999953e-01 7.489685821621494544e-02 8.844092011664594910e-02 7.489685821621494544e-02 1.619000000000000439e-01 8.535468632258877419e-02 8.844092011664594910e-02 8.535468632258877419e-02 1.464000000000000024e-01
1.339039999999999953e-01 7.970976119115874559e-02 9.335401178237337505e-02 7.970976119115874559e-02 1.619000000000000439e-01 9.356909902186966166e-02 9.335401178237337505e-02 9.356909902186966166e-02 1.464000000000000024e-01
1.339039999999999953e-01 8.364454276269171762e-02 1.004388450104406472e-01 8.364454276269171762e-02 1.619000000000000439e-01 9.917154187333793169e-02 1.004388450104406472e-01 9.917154187333793169e-02 1.464000000000000024e-01
1.339039999999999953e-01 9.346400474228894195e-02 1.098050335845072167e-01 9.346400474228894195e-02 1.619000000000000439e-01 1.061216137499516460e-01 1.098050335845072167e-01 1.061216137499516460e-01 1.464000000000000024e-01
1.339039999999999953e-01 9.898279553763471295e-02 1.176622976179221569e-01 9.898279553763471295e-02 1.619000000000000439e-01 1.124356057954989802e-01 1.176622976179221569e-01 1.124356057954989802e-01 1.464000000000000024e-01
1.339039999999999953e-01 1.049859880982911137e-01 1.239784366391868814e-01 1.049859880982911137e-01 1.619000000000000439e-01 1.198996512023996208e-01 1.239784366391868814e-01 1.198996512023996208e-01 1.464000000000000024e-01
1.339039999999999953e-01 1.058800000000000019e-01 1.258400000000000074e-01 1.058800000000000019e-01 1.619000000000000439e-01 1.244000000000000106e-01 1.258400000000000074e-01 1.244000000000000106e-01 1.464000000000000024e-01
c: 
2.753000000000000114e+00
2.303999999999999826e+00
1.689000000000000057e+00
