CDF: 
2.500000000000000000e-01 2.899999999999999800e-01 5.699999999999999512e-01 1.000000000000000000e+00
3.300000000000000155e-01 4.699999999999999734e-01 4.799999999999999822e-01 1.000000000000000000e+00
6.899999999999999467e-01 6.999999999999999556e-01 7.199999999999999734e-01 1.000000000000000000e+00
sigma: 
1.872759999999999980e-01 4.094170161351699637e-03 2.981611248866664152e-03 4.094170161351699637e-03 2.339310000000000278e-01 4.981150157538453797e-03 2.981611248866664152e-03 4.981150157538453797e-03 1.995310000000000139e-01
1.872759999999999980e-01 1.232878193350171389e-02 1.261517415344191005e-02 1.232878193350171389e-02 2.339310000000000278e-01 1.243921657035489126e-02 1.261517415344191005e-02 1.243921657035489126e-02 1.995310000000000139e-01
1.872759999999999980e-01 2.507976442079147550e-02 1.734390539917708349e-02 2.507976442079147550e-02 2.339310000000000278e-01 1.885695969974684680e-02 1.734390539917708349e-02 1.885695969974684680e-02 1.995310000000000139e-01
1.872759999999999980e-01 3.237719496137455438e-02 2.527071461319033846e-02 3.237719496137455438e-02 2.339310000000000278e-01 2.302021591274610104e-02 2.527071461319033846e-02 2.302021591274610104e-02 1.995310000000000139e-01
1.872759999999999980e-01 4.782439270461766312e-02 3.302606191624254950e-02 4.782439270461766312e-02 2.339310000000000278e-01 3.400268743692258511e-02 3.302606191624254950e-02 3.400268743692258511e-02 1.995310000000000139e-01
1.872759999999999980e-01 5.070276160972964768e-02 4.222358029248824557e-02 5.070276160972964768e-02 2.339310000000000278e-01 4.028770646603200417e-02 4.222358029248824557e-02 4.028770646603200417e-02 1.995310000000000139e-01
1.872759999999999980e-01 6.727195127191659685e-02 4.790710819032553691e-02 6.727195127191659685e-02 2.339310000000000278e-01 4.387783543169578720e-02 4.790710819032553691e-02 4.387783543169578720e-02 1.995310000000000139e-01
1.872759999999999980e-01 7.094119132341111800e-02 5.812468269379156977e-02 7.094119132341111800e-02 2.339310000000000278e-01 4.978891427653848317e-02 5.812468269379156977e-02 4.978891427653848317e-02 1.995310000000000139e-01
1.872759999999999980e-01 7.886963524290908911e-02 6.527961863984851898e-02 7.886963524290908911e-02 2.339310000000000278e-01 6.221745204794119910e-02 6.527961863984851898e-02 6.221745204794119910e-02 1.995310000000000139e-01
1.872759999999999980e-01 9.640383406852105763e-02 6.559053539417372680e-02 9.640383406852105763e-02 2.339310000000000278e-01 6.893535080167455253e-02 6.559053539417372680e-02 6.893535080167455253e-02 1.995310000000000139e-01
1.872759999999999980e-01 9.727647105832788743e-02 8.004924704139934621e-02 9.727647105832788743e-02 2.339310000000000278e-01 7.291889847943847092e-02 8.004924704139934621e-02 7.291889847943847092e-02 1.995310000000000139e-01
1.872759999999999980e-01 1.070556285247378503e-01 8.410276841408204085e-02 1.070556285247378503e-01 2.339310000000000278e-01 7.837903681067388828e-02 8.410276841408204085e-02 7.837903681067388828e-02 1.995310000000000139e-01
1.872759999999999980e-01 1.204843127410775150e-01 8.818512257720149961e-02 1.204843127410775150e-01 2.339310000000000278e-01 8.974976925275929274e-02 8.818512257720149961e-02 8.974976925275929274e-02 1.995310000000000139e-01
1.872759999999999980e-01 1.344889352464963828e-01 1.003515666201750534e-01 1.344889352464963828e-01 2.339310000000000278e-01 9.427628171511742705e-02 1.003515666201750534e-01 9.427628171511742705e-02 1.995310000000000139e-01
1.872759999999999980e-01 1.391334921839168515e-01 1.087936872576592551e-01 1.391334921839168515e-01 2.339310000000000278e-01 1.044519200708695222e-01 1.087936872576592551e-01 1.044519200708695222e-01 1.995310000000000139e-01
1.872759999999999980e-01 1.467381234631919273e-01 1.093283692059272005e-01 1.467381234631919273e-01 2.339310000000000278e-01 1.070163745509037784e-01 1.093283692059272005e-01 1.070163745509037784e-01 1.995310000000000139e-01
1.872759999999999980e-01 1.611507431821988523e-01 1.229153251266609237e-01 1.611507431821988523e-01 2.339310000000000278e-01 1.164706173733048855e-01 1.229153251266609237e-01 1.164706173733048855e-01 1.995310000000000139e-01
1.872759999999999980e-01 1.661842659000562217e-01 1.292680417580309160e-01 1.661842659000562217e-01 2.339310000000000278e-01 1.190877391983010403e-01 1.292680417580309160e-01 1.190877391983010403e-01 1.995310000000000139e-01
1.872759999999999980e-01 1.814551236547413682e-01 1.353939210212460609e-01 1.814551236547413682e-01 2.339310000000000278e-01 1.318338518130393322e-01 1.353939210212460609e-01 1.318338518130393322e-01 1.995310000000000139e-01
1.872759999999999980e-01 1.839339999999999864e-01 1.383340000000000125e-01 1.839339999999999864e-01 2.339310000000000278e-01 1.328810000000000269e-01 1.383340000000000125e-01 1.328810000000000269e-01 1.995310000000000139e-01
c: 
1.788999999999999924e+00
1.419999999999999929e+00
2.536000000000000032e+00
