CDF: 
2.999999999999999889e-01 4.000000000000000222e-01 6.099999999999999867e-01 1.000000000000000000e+00
3.900000000000000133e-01 5.300000000000000266e-01 6.199999999999999956e-01 1.000000000000000000e+00
2.700000000000000178e-01 4.400000000000000022e-01 6.899999999999999467e-01 1.000000000000000000e+00
sigma: 
1.835640000000000327e-01 5.485922945134439309e-03 5.057558526684899011e-03 5.485922945134439309e-03 2.028639999999999888e-01 6.134541687177049937e-03 5.057558526684899011e-03 6.134541687177049937e-03 1.596640000000000281e-01
1.835640000000000327e-01 1.677856507837725483e-02 1.064216112866192207e-02 1.677856507837725483e-02 2.028639999999999888e-01 1.428350110720614206e-02 1.064216112866192207e-02 1.428350110720614206e-02 1.596640000000000281e-01
1.835640000000000327e-01 2.549321538454253633e-02 2.092250758346463763e-02 2.549321538454253633e-02 2.028639999999999888e-01 2.255300658143504985e-02 2.092250758346463763e-02 2.255300658143504985e-02 1.596640000000000281e-01
1.835640000000000327e-01 3.655768950943771856e-02 3.266120882063851955e-02 3.655768950943771856e-02 2.028639999999999888e-01 3.184072780781216361e-02 3.266120882063851955e-02 3.184072780781216361e-02 1.596640000000000281e-01
1.835640000000000327e-01 4.843170731950682123e-02 3.360981391787016409e-02 4.843170731950682123e-02 2.028639999999999888e-01 3.512644877370250940e-02 3.360981391787016409e-02 3.512644877370250940e-02 1.596640000000000281e-01
1.835640000000000327e-01 5.090213339724464214e-02 4.727238828020878525e-02 5.090213339724464214e-02 2.028639999999999888e-01 4.421985090575185351e-02 4.727238828020878525e-02 4.421985090575185351e-02 1.596640000000000281e-01
1.835640000000000327e-01 6.511747736377511420e-02 5.506616418768116306e-02 6.511747736377511420e-02 2.028639999999999888e-01 6.021998067820916178e-02 5.506616418768116306e-02 6.021998067820916178e-02 1.596640000000000281e-01
1.835640000000000327e-01 7.553194713505420599e-02 6.583089634789700273e-02 7.553194713505420599e-02 2.028639999999999888e-01 6.454592871127524945e-02 6.583089634789700273e-02 6.454592871127524945e-02 1.596640000000000281e-01
1.835640000000000327e-01 8.034187301976718210e-02 7.043989361590081988e-02 8.034187301976718210e-02 2.028639999999999888e-01 7.166014753519052427e-02 7.043989361590081988e-02 7.166014753519052427e-02 1.596640000000000281e-01
1.835640000000000327e-01 9.658123791371929501e-02 7.698032620098976819e-02 9.658123791371929501e-02 2.028639999999999888e-01 7.863445019526789370e-02 7.698032620098976819e-02 7.863445019526789370e-02 1.596640000000000281e-01
1.835640000000000327e-01 1.072456331857081224e-01 8.719717662866789676e-02 1.072456331857081224e-01 2.028639999999999888e-01 9.400846997039256914e-02 8.719717662866789676e-02 9.400846997039256914e-02 1.596640000000000281e-01
1.835640000000000327e-01 1.108563239243238463e-01 9.389534082908006229e-02 1.108563239243238463e-01 2.028639999999999888e-01 1.003147167921078775e-01 9.389534082908006229e-02 1.003147167921078775e-01 1.596640000000000281e-01
1.835640000000000327e-01 1.282437263599532640e-01 1.059558341749104737e-01 1.282437263599532640e-01 2.028639999999999888e-01 1.122301131712934719e-01 1.059558341749104737e-01 1.122301131712934719e-01 1.596640000000000281e-01
1.835640000000000327e-01 1.311920377068026000e-01 1.120617693899279704e-01 1.311920377068026000e-01 2.028639999999999888e-01 1.189601481382425441e-01 1.120617693899279704e-01 1.189601481382425441e-01 1.596640000000000281e-01
1.835640000000000327e-01 1.433419156890311796e-01 1.195456430020391814e-01 1.433419156890311796e-01 2.028639999999999888e-01 1.262523161032105545e-01 1.195456430020391814e-01 1.262523161032105545e-01 1.596640000000000281e-01
1.835640000000000327e-01 1.540964567875613977e-01 1.310905317442775386e-01 1.540964567875613977e-01 2.028639999999999888e-01 1.322487737057868595e-01 1.310905317442775386e-01 1.322487737057868595e-01 1.596640000000000281e-01
1.835640000000000327e-01 1.588019572512111288e-01 1.385063337790447269e-01 1.588019572512111288e-01 2.028639999999999888e-01 1.397728509527170204e-01 1.385063337790447269e-01 1.397728509527170204e-01 1.596640000000000281e-01
1.835640000000000327e-01 1.757604555938396818e-01 1.467541471155152377e-01 1.757604555938396818e-01 2.028639999999999888e-01 1.530100398869826406e-01 1.467541471155152377e-01 1.530100398869826406e-01 1.596640000000000281e-01
1.835640000000000327e-01 1.813417473529151669e-01 1.506764234571341121e-01 1.813417473529151669e-01 2.028639999999999888e-01 1.599292378741683784e-01 1.506764234571341121e-01 1.599292378741683784e-01 1.596640000000000281e-01
1.835640000000000327e-01 1.882640000000000424e-01 1.570640000000000369e-01 1.882640000000000424e-01 2.028639999999999888e-01 1.644639999999999991e-01 1.570640000000000369e-01 1.644639999999999991e-01 1.596640000000000281e-01
c: 
1.550999999999999934e+00
1.901000000000000023e+00
1.590999999999999970e+00
