CDF: 
2.500000000000000000e-01 2.800000000000000266e-01 3.200000000000000067e-01 1.000000000000000000e+00
3.800000000000000044e-01 4.099999999999999756e-01 7.600000000000000089e-01 1.000000000000000000e+00
4.199999999999999845e-01 4.799999999999999822e-01 8.199999999999999512e-01 1.000000000000000000e+00
sigma: 
1.947960000000000247e-01 3.391827353542108819e-03 4.562732678906868990e-03 3.391827353542108819e-03 1.482040000000000024e-01 2.337931568296080891e-03 4.562732678906868990e-03 2.337931568296080891e-03 1.292159999999999975e-01
1.947960000000000247e-01 9.849191952934171004e-03 6.985252445778830470e-03 9.849191952934171004e-03 1.482040000000000024e-01 1.053499639746365013e-02 6.985252445778830470e-03 1.053499639746365013e-02 1.292159999999999975e-01
1.947960000000000247e-01 1.292153155781990831e-02 1.277524790075936466e-02 1.292153155781990831e-02 1.482040000000000024e-01 1.812206356550836311e-02 1.277524790075936466e-02 1.812206356550836311e-02 1.292159999999999975e-01
1.947960000000000247e-01 1.884177848341410388e-02 1.607719539126745145e-02 1.884177848341410388e-02 1.482040000000000024e-01 2.071576397187066196e-02 1.607719539126745145e-02 2.071576397187066196e-02 1.292159999999999975e-01
1.947960000000000247e-01 2.745516770971504969e-02 2.196709178832616585e-02 2.745516770971504969e-02 1.482040000000000024e-01 3.089534980786620699e-02 2.196709178832616585e-02 3.089534980786620699e-02 1.292159999999999975e-01
1.947960000000000247e-01 3.363853679331986479e-02 2.849133291713797436e-02 3.363853679331986479e-02 1.482040000000000024e-01 3.676332145780149274e-02 2.849133291713797436e-02 3.676332145780149274e-02 1.292159999999999975e-01
1.947960000000000247e-01 3.704370079884039546e-02 3.214123389827511224e-02 3.704370079884039546e-02 1.482040000000000024e-01 4.035881981261412593e-02 3.214123389827511224e-02 4.035881981261412593e-02 1.292159999999999975e-01
1.947960000000000247e-01 4.529512532752504733e-02 3.885125579705067667e-02 4.529512532752504733e-02 1.482040000000000024e-01 5.254524780543274459e-02 3.885125579705067667e-02 5.254524780543274459e-02 1.292159999999999975e-01
1.947960000000000247e-01 5.025207811593527391e-02 4.303308622811410911e-02 5.025207811593527391e-02 1.482040000000000024e-01 5.953613168638201975e-02 4.303308622811410911e-02 5.953613168638201975e-02 1.292159999999999975e-01
1.947960000000000247e-01 5.815769234574887092e-02 4.882074835661644879e-02 5.815769234574887092e-02 1.482040000000000024e-01 6.272308830064782237e-02 4.882074835661644879e-02 6.272308830064782237e-02 1.292159999999999975e-01
1.947960000000000247e-01 6.379756876047183722e-02 5.166455902966715641e-02 6.379756876047183722e-02 1.482040000000000024e-01 7.132459337519632403e-02 5.166455902966715641e-02 7.132459337519632403e-02 1.292159999999999975e-01
1.947960000000000247e-01 6.692231689190158983e-02 5.957549539639806629e-02 6.692231689190158983e-02 1.482040000000000024e-01 7.596333607147257028e-02 5.957549539639806629e-02 7.596333607147257028e-02 1.292159999999999975e-01
1.947960000000000247e-01 7.867999223256688657e-02 6.181125862389643538e-02 7.867999223256688657e-02 1.482040000000000024e-01 8.317250591381669667e-02 6.181125862389643538e-02 8.317250591381669667e-02 1.292159999999999975e-01
1.947960000000000247e-01 7.895281534090979603e-02 6.842305065289620847e-02 7.895281534090979603e-02 1.482040000000000024e-01 8.890110341399154459e-02 6.842305065289620847e-02 8.890110341399154459e-02 1.292159999999999975e-01
1.947960000000000247e-01 8.750876198752312318e-02 7.453920747210683595e-02 8.750876198752312318e-02 1.482040000000000024e-01 9.682081483263180188e-02 7.453920747210683595e-02 9.682081483263180188e-02 1.292159999999999975e-01
1.947960000000000247e-01 9.394044574021249983e-02 7.908585052885216959e-02 9.394044574021249983e-02 1.482040000000000024e-01 1.007916709764935803e-01 7.908585052885216959e-02 1.007916709764935803e-01 1.292159999999999975e-01
1.947960000000000247e-01 9.964856636734213680e-02 8.705732477285194060e-02 9.964856636734213680e-02 1.482040000000000024e-01 1.096658951323223885e-01 8.705732477285194060e-02 1.096658951323223885e-01 1.292159999999999975e-01
1.947960000000000247e-01 1.072338741599962869e-01 9.155956755097019450e-02 1.072338741599962869e-01 1.482040000000000024e-01 1.138497957175194919e-01 9.155956755097019450e-02 1.138497957175194919e-01 1.292159999999999975e-01
1.947960000000000247e-01 1.106079442763088921e-01 9.552159720349993888e-02 1.106079442763088921e-01 1.482040000000000024e-01 1.226168154187827070e-01 9.552159720349993888e-02 1.226168154187827070e-01 1.292159999999999975e-01
1.947960000000000247e-01 1.150280000000000191e-01 9.774399999999999755e-02 1.150280000000000191e-01 1.482040000000000024e-01 1.269919999999999938e-01 9.774399999999999755e-02 1.269919999999999938e-01 1.292159999999999975e-01
c: 
2.998000000000000220e+00
1.899999999999999911e+00
1.243000000000000105e+00
