CDF: 
1.300000000000000044e-01 1.600000000000000033e-01 5.899999999999999689e-01 1.000000000000000000e+00
1.199999999999999956e-01 2.300000000000000100e-01 5.799999999999999600e-01 1.000000000000000000e+00
1.100000000000000006e-01 2.099999999999999922e-01 3.699999999999999956e-01 1.000000000000000000e+00
sigma: 
1.342559999999999865e-01 9.931654590497733005e-04 4.089339362773448429e-03 9.931654590497733005e-04 1.416759999999999686e-01 6.049059683944761796e-03 4.089339362773448429e-03 6.049059683944761796e-03 1.498040000000000205e-01
1.342559999999999865e-01 8.548107564641652112e-03 7.395529126916121354e-03 8.548107564641652112e-03 1.416759999999999686e-01 1.129676970367110393e-02 7.395529126916121354e-03 1.129676970367110393e-02 1.498040000000000205e-01
1.342559999999999865e-01 2.025312871970383691e-02 1.196709469010370785e-02 2.025312871970383691e-02 1.416759999999999686e-01 1.242080190416271386e-02 1.196709469010370785e-02 1.242080190416271386e-02 1.498040000000000205e-01
1.342559999999999865e-01 2.360453353090781817e-02 2.022178686424498661e-02 2.360453353090781817e-02 1.416759999999999686e-01 2.079498021560360552e-02 2.022178686424498661e-02 2.079498021560360552e-02 1.498040000000000205e-01
1.342559999999999865e-01 2.922049228320241360e-02 2.458459242272401785e-02 2.922049228320241360e-02 1.416759999999999686e-01 2.810748061221331889e-02 2.458459242272401785e-02 2.810748061221331889e-02 1.498040000000000205e-01
1.342559999999999865e-01 3.810736384361831930e-02 3.394819703878818040e-02 3.810736384361831930e-02 1.416759999999999686e-01 3.325272178440981385e-02 3.394819703878818040e-02 3.325272178440981385e-02 1.498040000000000205e-01
1.342559999999999865e-01 4.310275453996288697e-02 3.873724165315910878e-02 4.310275453996288697e-02 1.416759999999999686e-01 3.774666207086647962e-02 3.873724165315910878e-02 3.774666207086647962e-02 1.498040000000000205e-01
1.342559999999999865e-01 5.273788861168459546e-02 4.234602288517523572e-02 5.273788861168459546e-02 1.416759999999999686e-01 4.793441124187303864e-02 4.234602288517523572e-02 4.793441124187303864e-02 1.498040000000000205e-01
1.342559999999999865e-01 6.109921841870134124e-02 4.906912368573149164e-02 6.109921841870134124e-02 1.416759999999999686e-01 4.953359523168088946e-02 4.906912368573149164e-02 4.953359523168088946e-02 1.498040000000000205e-01
1.342559999999999865e-01 6.707878117848715960e-02 5.615897625946429661e-02 6.707878117848715960e-02 1.416759999999999686e-01 5.748744431759096607e-02 5.615897625946429661e-02 5.748744431759096607e-02 1.498040000000000205e-01
1.342559999999999865e-01 7.102176570907883790e-02 6.087088093914289066e-02 7.102176570907883790e-02 1.416759999999999686e-01 6.699339268113119195e-02 6.087088093914289066e-02 6.699339268113119195e-02 1.498040000000000205e-01
1.342559999999999865e-01 8.246964425981319347e-02 6.536586185440868002e-02 8.246964425981319347e-02 1.416759999999999686e-01 7.111534942384871438e-02 6.536586185440868002e-02 7.111534942384871438e-02 1.498040000000000205e-01
1.342559999999999865e-01 8.966164920011308881e-02 7.316735734805655811e-02 8.966164920011308881e-02 1.416759999999999686e-01 7.521096116628421535e-02 7.316735734805655811e-02 7.521096116628421535e-02 1.498040000000000205e-01
1.342559999999999865e-01 9.661095692626166243e-02 7.685381661759554950e-02 9.661095692626166243e-02 1.416759999999999686e-01 8.541744679907709026e-02 7.685381661759554950e-02 8.541744679907709026e-02 1.498040000000000205e-01
1.342559999999999865e-01 1.013624485280120863e-01 8.089897591358650997e-02 1.013624485280120863e-01 1.416759999999999686e-01 8.562311251290748160e-02 8.089897591358650997e-02 8.562311251290748160e-02 1.498040000000000205e-01
1.342559999999999865e-01 1.122557727090942037e-01 9.130373370689381929e-02 1.122557727090942037e-01 1.416759999999999686e-01 9.673342217476775529e-02 9.130373370689381929e-02 9.673342217476775529e-02 1.498040000000000205e-01
1.342559999999999865e-01 1.161458913103672469e-01 9.660625836721541126e-02 1.161458913103672469e-01 1.416759999999999686e-01 1.007227972015608264e-01 9.660625836721541126e-02 1.007227972015608264e-01 1.498040000000000205e-01
1.342559999999999865e-01 1.260730479542334359e-01 9.974009560247193429e-02 1.260730479542334359e-01 1.416759999999999686e-01 1.070980976433455745e-01 9.974009560247193429e-02 1.070980976433455745e-01 1.498040000000000205e-01
1.342559999999999865e-01 1.295568105566999861e-01 1.050613080683808764e-01 1.295568105566999861e-01 1.416759999999999686e-01 1.142483511527513512e-01 1.050613080683808764e-01 1.142483511527513512e-01 1.498040000000000205e-01
1.342559999999999865e-01 1.345839999999999814e-01 1.089680000000000093e-01 1.345839999999999814e-01 1.416759999999999686e-01 1.160520000000000024e-01 1.089680000000000093e-01 1.160520000000000024e-01 1.498040000000000205e-01
c: 
2.072999999999999954e+00
1.641000000000000014e+00
2.488999999999999879e+00
