CDF: 
1.400000000000000133e-01 4.199999999999999845e-01 7.199999999999999734e-01 1.000000000000000000e+00
1.300000000000000044e-01 3.800000000000000044e-01 3.900000000000000133e-01 1.000000000000000000e+00
2.099999999999999922e-01 3.699999999999999956e-01 4.500000000000000111e-01 1.000000000000000000e+00
sigma: 
1.513960000000000305e-01 3.357074429098838315e-03 2.824929385345922519e-05 3.357074429098838315e-03 2.063559999999999839e-01 1.597525060092073708e-03 2.824929385345922519e-05 1.597525060092073708e-03 2.106999999999999984e-01
1.513960000000000305e-01 1.142568615273649446e-02 1.326689556938375619e-02 1.142568615273649446e-02 2.063559999999999839e-01 1.968216096035026522e-02 1.326689556938375619e-02 1.968216096035026522e-02 2.106999999999999984e-01
1.513960000000000305e-01 1.410421587864656330e-02 1.548540548763961688e-02 1.410421587864656330e-02 2.063559999999999839e-01 2.846204764273654875e-02 1.548540548763961688e-02 2.846204764273654875e-02 2.106999999999999984e-01
1.513960000000000305e-01 2.281007465998520500e-02 2.673780092493837496e-02 2.281007465998520500e-02 2.063559999999999839e-01 3.966937843953144416e-02 2.673780092493837496e-02 3.966937843953144416e-02 2.106999999999999984e-01
1.513960000000000305e-01 2.642935818517916022e-02 3.309511600831438471e-02 2.642935818517916022e-02 2.063559999999999839e-01 4.452249861181972052e-02 3.309511600831438471e-02 4.452249861181972052e-02 2.106999999999999984e-01
1.513960000000000305e-01 3.328134316582333913e-02 3.687425048266055466e-02 3.328134316582333913e-02 2.063559999999999839e-01 6.020508107801614966e-02 3.687425048266055466e-02 6.020508107801614966e-02 2.106999999999999984e-01
1.513960000000000305e-01 4.112782392635247475e-02 4.361779650530923924e-02 4.112782392635247475e-02 2.063559999999999839e-01 6.572772091273097750e-02 4.361779650530923924e-02 6.572772091273097750e-02 2.106999999999999984e-01
1.513960000000000305e-01 4.609076344945819276e-02 5.020192499762726052e-02 4.609076344945819276e-02 2.063559999999999839e-01 7.459480819095930249e-02 5.020192499762726052e-02 7.459480819095930249e-02 2.106999999999999984e-01
1.513960000000000305e-01 5.725603017734613026e-02 5.588978314127430319e-02 5.725603017734613026e-02 2.063559999999999839e-01 8.209282349497974696e-02 5.588978314127430319e-02 8.209282349497974696e-02 2.106999999999999984e-01
1.513960000000000305e-01 6.277742989617990377e-02 6.610793252013524857e-02 6.277742989617990377e-02 2.063559999999999839e-01 9.748817163222880944e-02 6.610793252013524857e-02 9.748817163222880944e-02 2.106999999999999984e-01
1.513960000000000305e-01 6.820068671846114816e-02 7.470661553720281400e-02 6.820068671846114816e-02 2.063559999999999839e-01 1.114408805708306388e-01 7.470661553720281400e-02 1.114408805708306388e-01 2.106999999999999984e-01
1.513960000000000305e-01 7.389022435380362963e-02 7.836255319941125286e-02 7.389022435380362963e-02 2.063559999999999839e-01 1.192186825195141464e-01 7.836255319941125286e-02 1.192186825195141464e-01 2.106999999999999984e-01
1.513960000000000305e-01 7.928329188446894826e-02 8.356490867253708876e-02 7.928329188446894826e-02 2.063559999999999839e-01 1.287798896625626799e-01 8.356490867253708876e-02 1.287798896625626799e-01 2.106999999999999984e-01
1.513960000000000305e-01 8.520941535903456265e-02 9.314454441639703763e-02 8.520941535903456265e-02 2.063559999999999839e-01 1.386909516843028156e-01 9.314454441639703763e-02 1.386909516843028156e-01 2.106999999999999984e-01
1.513960000000000305e-01 9.203380993728223214e-02 9.936234060393391021e-02 9.203380993728223214e-02 2.063559999999999839e-01 1.444301178432846611e-01 9.936234060393391021e-02 1.444301178432846611e-01 2.106999999999999984e-01
1.513960000000000305e-01 9.727358788603755746e-02 1.064072245749448781e-01 9.727358788603755746e-02 2.063559999999999839e-01 1.627043000052004196e-01 1.064072245749448781e-01 1.627043000052004196e-01 2.106999999999999984e-01
1.513960000000000305e-01 1.055920108092338605e-01 1.138667148028642412e-01 1.055920108092338605e-01 2.063559999999999839e-01 1.655466820501507175e-01 1.138667148028642412e-01 1.655466820501507175e-01 2.106999999999999984e-01
1.513960000000000305e-01 1.099842852033755675e-01 1.211495105558225704e-01 1.099842852033755675e-01 2.063559999999999839e-01 1.746767388959800105e-01 1.211495105558225704e-01 1.746767388959800105e-01 2.106999999999999984e-01
1.513960000000000305e-01 1.185912356654521965e-01 1.310844947869495569e-01 1.185912356654521965e-01 2.063559999999999839e-01 1.919986595132568974e-01 1.310844947869495569e-01 1.919986595132568974e-01 2.106999999999999984e-01
1.513960000000000305e-01 1.217760000000000231e-01 1.319799999999999862e-01 1.217760000000000231e-01 2.063559999999999839e-01 1.943800000000000250e-01 1.319799999999999862e-01 1.943800000000000250e-01 2.106999999999999984e-01
c: 
2.737999999999999989e+00
1.213000000000000078e+00
1.620000000000000107e+00
