CDF: 
2.800000000000000266e-01 4.899999999999999911e-01 5.300000000000000266e-01 1.000000000000000000e+00
2.200000000000000011e-01 5.899999999999999689e-01 7.199999999999999734e-01 1.000000000000000000e+00
3.300000000000000155e-01 6.600000000000000311e-01 7.299999999999999822e-01 1.000000000000000000e+00
sigma: 
2.060159999999999769e-01 8.960164942110076429e-04 7.310412441250672792e-03 8.960164942110076429e-04 1.507640000000000091e-01 6.590851625132447544e-03 7.310412441250672792e-03 6.590851625132447544e-03 1.619039999999999924e-01
2.060159999999999769e-01 1.008796085539464225e-02 1.046371451366475379e-02 1.008796085539464225e-02 1.507640000000000091e-01 1.172642877926986446e-02 1.046371451366475379e-02 1.172642877926986446e-02 1.619039999999999924e-01
2.060159999999999769e-01 2.002806100126414829e-02 2.090721891591520651e-02 2.002806100126414829e-02 1.507640000000000091e-01 1.850041961223673065e-02 2.090721891591520651e-02 1.850041961223673065e-02 1.619039999999999924e-01
2.060159999999999769e-01 2.323000768473348215e-02 2.475795603381440724e-02 2.323000768473348215e-02 1.507640000000000091e-01 2.617512019017053868e-02 2.475795603381440724e-02 2.617512019017053868e-02 1.619039999999999924e-01
2.060159999999999769e-01 3.501947881731284906e-02 3.230544348973296565e-02 3.501947881731284906e-02 1.507640000000000091e-01 3.347403442520353184e-02 3.230544348973296565e-02 3.347403442520353184e-02 1.619039999999999924e-01
2.060159999999999769e-01 4.133355779068474678e-02 3.930173234233419466e-02 4.133355779068474678e-02 1.507640000000000091e-01 4.137929501318713538e-02 3.930173234233419466e-02 4.137929501318713538e-02 1.619039999999999924e-01
2.060159999999999769e-01 4.792779297898890761e-02 4.826593787621110548e-02 4.792779297898890761e-02 1.507640000000000091e-01 5.096554915321208079e-02 4.826593787621110548e-02 5.096554915321208079e-02 1.619039999999999924e-01
2.060159999999999769e-01 5.577792335725076378e-02 5.272051147732394194e-02 5.577792335725076378e-02 1.507640000000000091e-01 5.703376819681403587e-02 5.272051147732394194e-02 5.703376819681403587e-02 1.619039999999999924e-01
2.060159999999999769e-01 5.976907240250360631e-02 5.970733482750224808e-02 5.976907240250360631e-02 1.507640000000000091e-01 6.724845301915409468e-02 5.970733482750224808e-02 6.724845301915409468e-02 1.619039999999999924e-01
2.060159999999999769e-01 6.721805349223604342e-02 7.434964097069383937e-02 6.721805349223604342e-02 1.507640000000000091e-01 7.780623378031752135e-02 7.434964097069383937e-02 7.780623378031752135e-02 1.619039999999999924e-01
2.060159999999999769e-01 7.557300833593698364e-02 7.949829439840359890e-02 7.557300833593698364e-02 1.507640000000000091e-01 8.394686960226654948e-02 7.949829439840359890e-02 8.394686960226654948e-02 1.619039999999999924e-01
2.060159999999999769e-01 8.224938549241779528e-02 8.323939223225752804e-02 8.224938549241779528e-02 1.507640000000000091e-01 8.980132795844461557e-02 8.323939223225752804e-02 8.980132795844461557e-02 1.619039999999999924e-01
2.060159999999999769e-01 9.043915955687721608e-02 9.161381998182034636e-02 9.043915955687721608e-02 1.507640000000000091e-01 9.760630908537872019e-02 9.161381998182034636e-02 9.760630908537872019e-02 1.619039999999999924e-01
2.060159999999999769e-01 1.027574457655045376e-01 1.025885009041166834e-01 1.027574457655045376e-01 1.507640000000000091e-01 1.099027428028770681e-01 1.025885009041166834e-01 1.099027428028770681e-01 1.619039999999999924e-01
2.060159999999999769e-01 1.065153722445142254e-01 1.095333428272299015e-01 1.065153722445142254e-01 1.507640000000000091e-01 1.179132054839858446e-01 1.095333428272299015e-01 1.179132054839858446e-01 1.619039999999999924e-01
2.060159999999999769e-01 1.183911351332093131e-01 1.164835278941868946e-01 1.183911351332093131e-01 1.507640000000000091e-01 1.251335508701019450e-01 1.164835278941868946e-01 1.251335508701019450e-01 1.619039999999999924e-01
2.060159999999999769e-01 1.211997535211298133e-01 1.209135222816450639e-01 1.211997535211298133e-01 1.507640000000000091e-01 1.280804230804118982e-01 1.209135222816450639e-01 1.280804230804118982e-01 1.619039999999999924e-01
2.060159999999999769e-01 1.285330097901291602e-01 1.335898060014481525e-01 1.285330097901291602e-01 1.507640000000000091e-01 1.401753542825029675e-01 1.335898060014481525e-01 1.401753542825029675e-01 1.619039999999999924e-01
2.060159999999999769e-01 1.409519586907530819e-01 1.368154597109104420e-01 1.409519586907530819e-01 1.507640000000000091e-01 1.508548388150557085e-01 1.368154597109104420e-01 1.508548388150557085e-01 1.619039999999999924e-01
2.060159999999999769e-01 1.412319999999999687e-01 1.414079999999999782e-01 1.412319999999999687e-01 1.507640000000000091e-01 1.518160000000000065e-01 1.414079999999999782e-01 1.518160000000000065e-01 1.619039999999999924e-01
c: 
2.201999999999999957e+00
1.983999999999999986e+00
1.645999999999999908e+00
