CDF: 
2.999999999999999889e-01 4.500000000000000111e-01 4.600000000000000200e-01 1.000000000000000000e+00
1.799999999999999933e-01 6.400000000000000133e-01 7.900000000000000355e-01 1.000000000000000000e+00
1.900000000000000022e-01 8.299999999999999600e-01 8.800000000000000044e-01 1.000000000000000000e+00
sigma: 
2.181239999999999846e-01 5.317033847108037017e-03 6.907397180535550935e-04 5.317033847108037017e-03 1.213559999999999917e-01 2.219049296110656784e-04 6.907397180535550935e-04 2.219049296110656784e-04 8.177600000000000147e-02
2.181239999999999846e-01 8.102622628772551683e-03 5.239645148126925896e-03 8.102622628772551683e-03 1.213559999999999917e-01 6.074384159363539239e-03 5.239645148126925896e-03 6.074384159363539239e-03 8.177600000000000147e-02
2.181239999999999846e-01 1.288537346131227689e-02 8.211452431196412938e-03 1.288537346131227689e-02 1.213559999999999917e-01 9.901248028607248161e-03 8.211452431196412938e-03 9.901248028607248161e-03 8.177600000000000147e-02
2.181239999999999846e-01 1.815437759448551222e-02 1.236346103759133723e-02 1.815437759448551222e-02 1.213559999999999917e-01 1.289592294550149024e-02 1.236346103759133723e-02 1.289592294550149024e-02 8.177600000000000147e-02
2.181239999999999846e-01 2.644199956372747171e-02 1.639941853805615066e-02 2.644199956372747171e-02 1.213559999999999917e-01 1.921121692758526178e-02 1.639941853805615066e-02 1.921121692758526178e-02 8.177600000000000147e-02
2.181239999999999846e-01 3.216819561621927365e-02 1.783550871485467537e-02 3.216819561621927365e-02 1.213559999999999917e-01 2.487280052769932567e-02 1.783550871485467537e-02 2.487280052769932567e-02 8.177600000000000147e-02
2.181239999999999846e-01 3.522177514849203495e-02 2.455578885825571503e-02 3.522177514849203495e-02 1.213559999999999917e-01 2.688451974190132071e-02 2.455578885825571503e-02 2.688451974190132071e-02 8.177600000000000147e-02
2.181239999999999846e-01 4.215142060462832158e-02 2.595914725066233997e-02 4.215142060462832158e-02 1.213559999999999917e-01 3.307366599627474535e-02 2.595914725066233997e-02 3.307366599627474535e-02 8.177600000000000147e-02
2.181239999999999846e-01 4.568757040829918986e-02 2.915827602541020205e-02 4.568757040829918986e-02 1.213559999999999917e-01 3.721863539802370419e-02 2.915827602541020205e-02 3.721863539802370419e-02 8.177600000000000147e-02
2.181239999999999846e-01 5.400200015619542604e-02 3.369570112030154108e-02 5.400200015619542604e-02 1.213559999999999917e-01 3.900146050921816238e-02 3.369570112030154108e-02 3.900146050921816238e-02 8.177600000000000147e-02
2.181239999999999846e-01 5.615189941819606623e-02 3.596923139145309645e-02 5.615189941819606623e-02 1.213559999999999917e-01 4.514812678614882335e-02 3.596923139145309645e-02 4.514812678614882335e-02 8.177600000000000147e-02
2.181239999999999846e-01 6.620604466101304153e-02 3.916819453812118296e-02 6.620604466101304153e-02 1.213559999999999917e-01 4.948268175227599208e-02 3.916819453812118296e-02 4.948268175227599208e-02 8.177600000000000147e-02
2.181239999999999846e-01 6.688684303356162708e-02 4.403181713700513034e-02 6.688684303356162708e-02 1.213559999999999917e-01 5.457193868199953363e-02 4.403181713700513034e-02 5.457193868199953363e-02 8.177600000000000147e-02
2.181239999999999846e-01 7.571354052377304855e-02 4.601530652837352436e-02 7.571354052377304855e-02 1.213559999999999917e-01 5.658856449170516362e-02 4.601530652837352436e-02 5.658856449170516362e-02 8.177600000000000147e-02
2.181239999999999846e-01 7.815847578657987571e-02 5.118755992457730414e-02 7.815847578657987571e-02 1.213559999999999917e-01 6.331640262081664194e-02 5.118755992457730414e-02 6.331640262081664194e-02 8.177600000000000147e-02
2.181239999999999846e-01 8.544894070613917592e-02 5.401543754653420626e-02 8.544894070613917592e-02 1.213559999999999917e-01 6.814999304602679941e-02 5.401543754653420626e-02 6.814999304602679941e-02 8.177600000000000147e-02
2.181239999999999846e-01 9.024631464895381538e-02 5.796212545458957061e-02 9.024631464895381538e-02 1.213559999999999917e-01 7.042069110600671089e-02 5.796212545458957061e-02 7.042069110600671089e-02 8.177600000000000147e-02
2.181239999999999846e-01 9.747441175499517441e-02 6.242816851799096872e-02 9.747441175499517441e-02 1.213559999999999917e-01 7.451473737226074756e-02 6.242816851799096872e-02 7.451473737226074756e-02 8.177600000000000147e-02
2.181239999999999846e-01 1.014418586071437201e-01 6.588294445742719219e-02 1.014418586071437201e-01 1.213559999999999917e-01 7.696957140632013084e-02 6.588294445742719219e-02 7.696957140632013084e-02 8.177600000000000147e-02
2.181239999999999846e-01 1.050119999999999942e-01 6.696799999999999975e-02 1.050119999999999942e-01 1.213559999999999917e-01 8.098400000000000043e-02 6.696799999999999975e-02 8.098400000000000043e-02 8.177600000000000147e-02
c: 
2.642999999999999794e+00
2.262999999999999901e+00
2.250000000000000000e+00
