CDF: 
3.699999999999999956e-01 5.000000000000000000e-01 6.600000000000000311e-01 1.000000000000000000e+00
7.000000000000000666e-02 4.199999999999999845e-01 4.899999999999999911e-01 1.000000000000000000e+00
1.900000000000000022e-01 3.599999999999999867e-01 5.799999999999999600e-01 1.000000000000000000e+00
sigma: 
1.859000000000000097e-01 3.905114920252723745e-03 6.364481741436008033e-03 3.905114920252723745e-03 1.655360000000000165e-01 4.354658952576338955e-03 6.364481741436008033e-03 4.354658952576338955e-03 1.682359999999999967e-01
1.859000000000000097e-01 1.203956842084920840e-02 1.017105640190535051e-02 1.203956842084920840e-02 1.655360000000000165e-01 1.491592395661305546e-02 1.017105640190535051e-02 1.491592395661305546e-02 1.682359999999999967e-01
1.859000000000000097e-01 1.808303855047735040e-02 1.721983951508041302e-02 1.808303855047735040e-02 1.655360000000000165e-01 1.670859177587592434e-02 1.721983951508041302e-02 1.670859177587592434e-02 1.682359999999999967e-01
1.859000000000000097e-01 2.767995830426470474e-02 3.074820164850848234e-02 2.767995830426470474e-02 1.655360000000000165e-01 2.883537009775679477e-02 3.074820164850848234e-02 2.883537009775679477e-02 1.682359999999999967e-01
1.859000000000000097e-01 3.310700660681364232e-02 3.428335677078733768e-02 3.310700660681364232e-02 1.655360000000000165e-01 3.232032343101699096e-02 3.428335677078733768e-02 3.232032343101699096e-02 1.682359999999999967e-01
1.859000000000000097e-01 4.778480851001823404e-02 4.633091046090376253e-02 4.778480851001823404e-02 1.655360000000000165e-01 4.497343444677489449e-02 4.633091046090376253e-02 4.497343444677489449e-02 1.682359999999999967e-01
1.859000000000000097e-01 4.987334075734117106e-02 5.942653421318181556e-02 4.987334075734117106e-02 1.655360000000000165e-01 5.157027935556424830e-02 5.942653421318181556e-02 5.157027935556424830e-02 1.682359999999999967e-01
1.859000000000000097e-01 6.210975873194912039e-02 6.657808046197993823e-02 6.210975873194912039e-02 1.655360000000000165e-01 5.714221946550884779e-02 6.657808046197993823e-02 5.714221946550884779e-02 1.682359999999999967e-01
1.859000000000000097e-01 6.854992332364819030e-02 7.446714713612083425e-02 6.854992332364819030e-02 1.655360000000000165e-01 6.480048336185083302e-02 7.446714713612083425e-02 6.480048336185083302e-02 1.682359999999999967e-01
1.859000000000000097e-01 7.747273147032766871e-02 8.441868593231155460e-02 7.747273147032766871e-02 1.655360000000000165e-01 7.290493088392352439e-02 8.441868593231155460e-02 7.290493088392352439e-02 1.682359999999999967e-01
1.859000000000000097e-01 8.422135267921816715e-02 9.281594142831074701e-02 8.422135267921816715e-02 1.655360000000000165e-01 8.285574599138899321e-02 9.281594142831074701e-02 8.285574599138899321e-02 1.682359999999999967e-01
1.859000000000000097e-01 9.041132105855753665e-02 9.472431353107506335e-02 9.041132105855753665e-02 1.655360000000000165e-01 8.719431630057387916e-02 9.472431353107506335e-02 8.719431630057387916e-02 1.682359999999999967e-01
1.859000000000000097e-01 9.894377670788306878e-02 1.088508498893523552e-01 9.894377670788306878e-02 1.655360000000000165e-01 1.004080740545536254e-01 1.088508498893523552e-01 1.004080740545536254e-01 1.682359999999999967e-01
1.859000000000000097e-01 1.049010417398601042e-01 1.171068423931492936e-01 1.049010417398601042e-01 1.655360000000000165e-01 1.095506914453557995e-01 1.171068423931492936e-01 1.095506914453557995e-01 1.682359999999999967e-01
1.859000000000000097e-01 1.164407586991380167e-01 1.274354049739009065e-01 1.164407586991380167e-01 1.655360000000000165e-01 1.114046662623448675e-01 1.274354049739009065e-01 1.114046662623448675e-01 1.682359999999999967e-01
1.859000000000000097e-01 1.221938090368262370e-01 1.343341587811836824e-01 1.221938090368262370e-01 1.655360000000000165e-01 1.182481256718548590e-01 1.343341587811836824e-01 1.182481256718548590e-01 1.682359999999999967e-01
1.859000000000000097e-01 1.316245095973717916e-01 1.446930914418099734e-01 1.316245095973717916e-01 1.655360000000000165e-01 1.315481721909932122e-01 1.446930914418099734e-01 1.315481721909932122e-01 1.682359999999999967e-01
1.859000000000000097e-01 1.427767423789021162e-01 1.505103753149767687e-01 1.427767423789021162e-01 1.655360000000000165e-01 1.399142698648725425e-01 1.505103753149767687e-01 1.399142698648725425e-01 1.682359999999999967e-01
1.859000000000000097e-01 1.441663184893419158e-01 1.568535552443822978e-01 1.441663184893419158e-01 1.655360000000000165e-01 1.487006238150851145e-01 1.568535552443822978e-01 1.487006238150851145e-01 1.682359999999999967e-01
1.859000000000000097e-01 1.521599999999999897e-01 1.621400000000000063e-01 1.521599999999999897e-01 1.655360000000000165e-01 1.492640000000000078e-01 1.621400000000000063e-01 1.492640000000000078e-01 1.682359999999999967e-01
c: 
2.716000000000000192e+00
2.600000000000000089e+00
1.637000000000000011e+00
