CDF: 
2.800000000000000266e-01 5.200000000000000178e-01 5.899999999999999689e-01 1.000000000000000000e+00
7.000000000000000666e-02 4.899999999999999911e-01 5.400000000000000355e-01 1.000000000000000000e+00
3.400000000000000244e-01 4.099999999999999756e-01 5.799999999999999600e-01 1.000000000000000000e+00
sigma: 
2.116750000000000020e-01 3.332204304916473649e-03 6.772334115224736516e-03 3.332204304916473649e-03 2.014110000000000344e-01 4.869107854890624776e-04 6.772334115224736516e-03 4.869107854890624776e-04 2.075160000000000338e-01
2.116750000000000020e-01 1.710354871988381195e-02 1.838974584312770208e-02 1.710354871988381195e-02 2.014110000000000344e-01 1.199928844853092105e-02 1.838974584312770208e-02 1.199928844853092105e-02 2.075160000000000338e-01
2.116750000000000020e-01 2.653560062137559281e-02 2.761241907164552201e-02 2.653560062137559281e-02 2.014110000000000344e-01 2.543494316218512796e-02 2.761241907164552201e-02 2.543494316218512796e-02 2.075160000000000338e-01
2.116750000000000020e-01 3.453000287174031596e-02 4.173663572527809562e-02 3.453000287174031596e-02 2.014110000000000344e-01 3.737147575094766638e-02 4.173663572527809562e-02 3.737147575094766638e-02 2.075160000000000338e-01
2.116750000000000020e-01 4.919987568663516941e-02 4.836563406204826693e-02 4.919987568663516941e-02 2.014110000000000344e-01 4.759404385922216818e-02 4.836563406204826693e-02 4.759404385922216818e-02 2.075160000000000338e-01
2.116750000000000020e-01 6.057688137298729292e-02 5.819582609208769769e-02 6.057688137298729292e-02 2.014110000000000344e-01 5.669894919605795308e-02 5.819582609208769769e-02 5.669894919605795308e-02 2.075160000000000338e-01
2.116750000000000020e-01 7.037777734326129686e-02 7.199251999522705836e-02 7.037777734326129686e-02 2.014110000000000344e-01 6.774524732306308472e-02 7.199251999522705836e-02 6.774524732306308472e-02 2.075160000000000338e-01
2.116750000000000020e-01 8.136660722795553691e-02 8.593000170850748076e-02 8.136660722795553691e-02 2.014110000000000344e-01 7.874368862760899868e-02 8.593000170850748076e-02 7.874368862760899868e-02 2.075160000000000338e-01
2.116750000000000020e-01 9.107796777866747351e-02 9.504771585165830428e-02 9.107796777866747351e-02 2.014110000000000344e-01 8.605495997494644334e-02 9.504771585165830428e-02 8.605495997494644334e-02 2.075160000000000338e-01
2.116750000000000020e-01 9.226356157202844632e-02 1.013935203661506107e-01 9.226356157202844632e-02 2.014110000000000344e-01 1.004351474327511984e-01 1.013935203661506107e-01 1.004351474327511984e-01 2.075160000000000338e-01
2.116750000000000020e-01 1.093866608085402037e-01 1.116265877247669402e-01 1.093866608085402037e-01 2.014110000000000344e-01 1.103022345735022586e-01 1.116265877247669402e-01 1.103022345735022586e-01 2.075160000000000338e-01
2.116750000000000020e-01 1.206960652950113816e-01 1.217521456780134709e-01 1.206960652950113816e-01 2.014110000000000344e-01 1.147015512135709098e-01 1.217521456780134709e-01 1.147015512135709098e-01 2.075160000000000338e-01
2.116750000000000020e-01 1.291040272755226148e-01 1.385712935810355650e-01 1.291040272755226148e-01 2.014110000000000344e-01 1.297492021326598355e-01 1.385712935810355650e-01 1.297492021326598355e-01 2.075160000000000338e-01
2.116750000000000020e-01 1.386702175713125096e-01 1.426850335548183746e-01 1.386702175713125096e-01 2.014110000000000344e-01 1.324321003619625681e-01 1.426850335548183746e-01 1.324321003619625681e-01 2.075160000000000338e-01
2.116750000000000020e-01 1.492779015785468122e-01 1.517409222284969161e-01 1.492779015785468122e-01 2.014110000000000344e-01 1.506765579586762660e-01 1.517409222284969161e-01 1.506765579586762660e-01 2.075160000000000338e-01
2.116750000000000020e-01 1.628542598361476801e-01 1.720720133801933172e-01 1.628542598361476801e-01 2.014110000000000344e-01 1.569237985624945819e-01 1.720720133801933172e-01 1.569237985624945819e-01 2.075160000000000338e-01
2.116750000000000020e-01 1.677308529327460329e-01 1.791281138812574336e-01 1.677308529327460329e-01 2.014110000000000344e-01 1.693016921666844199e-01 1.791281138812574336e-01 1.693016921666844199e-01 2.075160000000000338e-01
2.116750000000000020e-01 1.750533013205042565e-01 1.923178671163713882e-01 1.750533013205042565e-01 2.014110000000000344e-01 1.783148287877860394e-01 1.923178671163713882e-01 1.783148287877860394e-01 2.075160000000000338e-01
2.116750000000000020e-01 1.933447318501273771e-01 2.047653109195965715e-01 1.933447318501273771e-01 2.014110000000000344e-01 1.867136313337239284e-01 2.047653109195965715e-01 1.867136313337239284e-01 2.075160000000000338e-01
2.116750000000000020e-01 1.945649999999999880e-01 2.049099999999999810e-01 1.945649999999999880e-01 2.014110000000000344e-01 1.924739999999999784e-01 2.049099999999999810e-01 1.924739999999999784e-01 2.075160000000000338e-01
c: 
2.365000000000000213e+00
1.058999999999999941e+00
1.592000000000000082e+00
