CDF: 
1.499999999999999944e-01 1.600000000000000033e-01 4.500000000000000111e-01 1.000000000000000000e+00
2.399999999999999911e-01 6.099999999999999867e-01 7.099999999999999645e-01 1.000000000000000000e+00
7.900000000000000355e-01 8.199999999999999512e-01 9.000000000000000222e-01 1.000000000000000000e+00
sigma: 
1.691559999999999453e-01 8.447227084342257865e-04 1.332805775843948605e-03 8.447227084342257865e-04 1.752510000000000179e-01 4.158928502604384431e-03 1.332805775843948605e-03 4.158928502604384431e-03 9.137100000000000777e-02
1.691559999999999453e-01 6.997110196042136479e-03 2.474301245455466647e-03 6.997110196042136479e-03 1.752510000000000179e-01 7.225955845022631781e-03 2.474301245455466647e-03 7.225955845022631781e-03 9.137100000000000777e-02
1.691559999999999453e-01 1.490598605670084321e-02 5.517692997509356621e-03 1.490598605670084321e-02 1.752510000000000179e-01 1.267239794359908446e-02 5.517692997509356621e-03 1.267239794359908446e-02 9.137100000000000777e-02
1.691559999999999453e-01 2.301469881744441781e-02 7.333928236127698966e-03 2.301469881744441781e-02 1.752510000000000179e-01 1.323496393607223078e-02 7.333928236127698966e-03 1.323496393607223078e-02 9.137100000000000777e-02
1.691559999999999453e-01 2.691629400642201950e-02 1.184469885223377733e-02 2.691629400642201950e-02 1.752510000000000179e-01 1.894770650917514121e-02 1.184469885223377733e-02 1.894770650917514121e-02 9.137100000000000777e-02
1.691559999999999453e-01 3.261036239473592141e-02 1.359247137396228308e-02 3.261036239473592141e-02 1.752510000000000179e-01 2.386309916301410441e-02 1.359247137396228308e-02 2.386309916301410441e-02 9.137100000000000777e-02
1.691559999999999453e-01 3.990840193728014546e-02 1.486467338431460283e-02 3.990840193728014546e-02 1.752510000000000179e-01 2.682175921599857030e-02 1.486467338431460283e-02 2.682175921599857030e-02 9.137100000000000777e-02
1.691559999999999453e-01 4.769917508474506851e-02 1.695824891962578046e-02 4.769917508474506851e-02 1.752510000000000179e-01 3.044580673982520691e-02 1.695824891962578046e-02 3.044580673982520691e-02 9.137100000000000777e-02
1.691559999999999453e-01 5.071478039284465361e-02 2.146605236813209361e-02 5.071478039284465361e-02 1.752510000000000179e-01 3.657086687308992723e-02 2.146605236813209361e-02 3.657086687308992723e-02 9.137100000000000777e-02
1.691559999999999453e-01 6.022133044751677017e-02 2.326963020008337296e-02 6.022133044751677017e-02 1.752510000000000179e-01 3.911743587312413450e-02 2.326963020008337296e-02 3.911743587312413450e-02 9.137100000000000777e-02
1.691559999999999453e-01 6.164435206379089566e-02 2.452309685791463287e-02 6.164435206379089566e-02 1.752510000000000179e-01 4.387330726475088816e-02 2.452309685791463287e-02 4.387330726475088816e-02 9.137100000000000777e-02
1.691559999999999453e-01 6.760863800931887768e-02 2.786170918913110153e-02 6.760863800931887768e-02 1.752510000000000179e-01 4.820010456481497313e-02 2.786170918913110153e-02 4.820010456481497313e-02 9.137100000000000777e-02
1.691559999999999453e-01 7.554848645210403280e-02 2.950138681936954888e-02 7.554848645210403280e-02 1.752510000000000179e-01 5.492503320107712528e-02 2.950138681936954888e-02 5.492503320107712528e-02 9.137100000000000777e-02
1.691559999999999453e-01 8.301421820317890499e-02 3.199054035055130113e-02 8.301421820317890499e-02 1.752510000000000179e-01 5.987622501558627353e-02 3.199054035055130113e-02 5.987622501558627353e-02 9.137100000000000777e-02
1.691559999999999453e-01 8.995067689406241462e-02 3.480188523222768615e-02 8.995067689406241462e-02 1.752510000000000179e-01 6.269078229372539168e-02 3.480188523222768615e-02 6.269078229372539168e-02 9.137100000000000777e-02
1.691559999999999453e-01 9.345406949536698427e-02 3.722708031675862894e-02 9.345406949536698427e-02 1.752510000000000179e-01 6.756610386719869021e-02 3.722708031675862894e-02 6.756610386719869021e-02 9.137100000000000777e-02
1.691559999999999453e-01 9.819486170797107893e-02 4.082376934219127812e-02 9.819486170797107893e-02 1.752510000000000179e-01 7.260526386891945350e-02 4.082376934219127812e-02 7.260526386891945350e-02 9.137100000000000777e-02
1.691559999999999453e-01 1.077063642335450849e-01 4.247565276519916361e-02 1.077063642335450849e-01 1.752510000000000179e-01 7.573338554375996790e-02 4.247565276519916361e-02 7.573338554375996790e-02 9.137100000000000777e-02
1.691559999999999453e-01 1.093803936199882199e-01 4.551381549388668069e-02 1.093803936199882199e-01 1.752510000000000179e-01 7.932603912997568396e-02 4.551381549388668069e-02 7.932603912997568396e-02 9.137100000000000777e-02
1.691559999999999453e-01 1.145339999999999969e-01 4.597400000000000098e-02 1.145339999999999969e-01 1.752510000000000179e-01 8.166099999999999748e-02 4.597400000000000098e-02 8.166099999999999748e-02 9.137100000000000777e-02
c: 
2.781000000000000139e+00
2.387999999999999901e+00
2.388999999999999790e+00
