CDF: 
1.499999999999999944e-01 2.899999999999999800e-01 3.300000000000000155e-01 1.000000000000000000e+00
2.399999999999999911e-01 3.900000000000000133e-01 4.600000000000000200e-01 1.000000000000000000e+00
1.799999999999999933e-01 4.899999999999999911e-01 5.500000000000000444e-01 1.000000000000000000e+00
sigma: 
1.722039999999999960e-01 2.062007084784440569e-03 9.310432338115387030e-04 2.062007084784440569e-03 1.995959999999999956e-01 1.868669602836562455e-03 9.310432338115387030e-04 1.868669602836562455e-03 1.847040000000000071e-01
1.722039999999999960e-01 1.382095478581623835e-02 1.177786093679363336e-02 1.382095478581623835e-02 1.995959999999999956e-01 9.543815596157662062e-03 1.177786093679363336e-02 9.543815596157662062e-03 1.847040000000000071e-01
1.722039999999999960e-01 1.915038044248474833e-02 1.816797406958564967e-02 1.915038044248474833e-02 1.995959999999999956e-01 2.293318506776149610e-02 1.816797406958564967e-02 2.293318506776149610e-02 1.847040000000000071e-01
1.722039999999999960e-01 2.903297164602355873e-02 2.545989110660283605e-02 2.903297164602355873e-02 1.995959999999999956e-01 3.057270599409344508e-02 2.545989110660283605e-02 3.057270599409344508e-02 1.847040000000000071e-01
1.722039999999999960e-01 3.388903864435447583e-02 3.158641645334443054e-02 3.388903864435447583e-02 1.995959999999999956e-01 4.037142373265262957e-02 3.158641645334443054e-02 4.037142373265262957e-02 1.847040000000000071e-01
1.722039999999999960e-01 4.825863585948855783e-02 4.001246316741707137e-02 4.825863585948855783e-02 1.995959999999999956e-01 5.205595270195694652e-02 4.001246316741707137e-02 5.205595270195694652e-02 1.847040000000000071e-01
1.722039999999999960e-01 5.488721207297680982e-02 4.598088514768750024e-02 5.488721207297680982e-02 1.995959999999999956e-01 6.072453160345063494e-02 4.598088514768750024e-02 6.072453160345063494e-02 1.847040000000000071e-01
1.722039999999999960e-01 6.292139095964352502e-02 4.825546965501333052e-02 6.292139095964352502e-02 1.995959999999999956e-01 7.147557369926942072e-02 4.825546965501333052e-02 7.147557369926942072e-02 1.847040000000000071e-01
1.722039999999999960e-01 7.214609967967450244e-02 5.890333085999971408e-02 7.214609967967450244e-02 1.995959999999999956e-01 7.573785314664736867e-02 5.890333085999971408e-02 7.573785314664736867e-02 1.847040000000000071e-01
1.722039999999999960e-01 8.071507509552597326e-02 6.636051398187861605e-02 8.071507509552597326e-02 1.995959999999999956e-01 8.704985696398366557e-02 6.636051398187861605e-02 8.704985696398366557e-02 1.847040000000000071e-01
1.722039999999999960e-01 9.020032958520669830e-02 7.355899575913975308e-02 9.020032958520669830e-02 1.995959999999999956e-01 9.680309744476245370e-02 7.355899575913975308e-02 9.680309744476245370e-02 1.847040000000000071e-01
1.722039999999999960e-01 9.341141092593256701e-02 8.142888075473188325e-02 9.341141092593256701e-02 1.995959999999999956e-01 1.047893251521434671e-01 8.142888075473188325e-02 1.047893251521434671e-01 1.847040000000000071e-01
1.722039999999999960e-01 1.058622662413485904e-01 8.869291483567758039e-02 1.058622662413485904e-01 1.995959999999999956e-01 1.131239613883600059e-01 8.869291483567758039e-02 1.131239613883600059e-01 1.847040000000000071e-01
1.722039999999999960e-01 1.101442306471816790e-01 9.341361721333273083e-02 1.101442306471816790e-01 1.995959999999999956e-01 1.223427851724711857e-01 9.341361721333273083e-02 1.223427851724711857e-01 1.847040000000000071e-01
1.722039999999999960e-01 1.218448750216442750e-01 1.007340629062379311e-01 1.218448750216442750e-01 1.995959999999999956e-01 1.344238154203979962e-01 1.007340629062379311e-01 1.344238154203979962e-01 1.847040000000000071e-01
1.722039999999999960e-01 1.260579554109988731e-01 1.077415190888988128e-01 1.260579554109988731e-01 1.995959999999999956e-01 1.428321554626285073e-01 1.077415190888988128e-01 1.428321554626285073e-01 1.847040000000000071e-01
1.722039999999999960e-01 1.350141524473545129e-01 1.154226666206652624e-01 1.350141524473545129e-01 1.995959999999999956e-01 1.522856990852050341e-01 1.154226666206652624e-01 1.522856990852050341e-01 1.847040000000000071e-01
1.722039999999999960e-01 1.430778861082138698e-01 1.235537784982237292e-01 1.430778861082138698e-01 1.995959999999999956e-01 1.556741184368153896e-01 1.235537784982237292e-01 1.556741184368153896e-01 1.847040000000000071e-01
1.722039999999999960e-01 1.532324358683961885e-01 1.272438811149302074e-01 1.532324358683961885e-01 1.995959999999999956e-01 1.691372937594115000e-01 1.272438811149302074e-01 1.691372937594115000e-01 1.847040000000000071e-01
1.722039999999999960e-01 1.582279999999999798e-01 1.308959999999999846e-01 1.582279999999999798e-01 1.995959999999999956e-01 1.710720000000000018e-01 1.308959999999999846e-01 1.710720000000000018e-01 1.847040000000000071e-01
c: 
1.352000000000000091e+00
1.796999999999999931e+00
1.971000000000000085e+00
