CDF: 
2.899999999999999800e-01 4.500000000000000111e-01 5.100000000000000089e-01 1.000000000000000000e+00
3.800000000000000044e-01 4.099999999999999756e-01 6.999999999999999556e-01 1.000000000000000000e+00
1.400000000000000133e-01 6.300000000000000044e-01 8.199999999999999512e-01 1.000000000000000000e+00
sigma: 
2.078839999999999577e-01 5.298911075226489867e-03 4.688196135794952916e-03 5.298911075226489867e-03 1.695160000000000000e-01 2.891055377500487914e-03 4.688196135794952916e-03 2.891055377500487914e-03 1.046839999999999993e-01
2.078839999999999577e-01 1.385697800948827024e-02 9.682858345752424004e-03 1.385697800948827024e-02 1.695160000000000000e-01 8.657079591724766224e-03 9.682858345752424004e-03 8.657079591724766224e-03 1.046839999999999993e-01
2.078839999999999577e-01 2.087048476752842441e-02 1.300876330147007244e-02 2.087048476752842441e-02 1.695160000000000000e-01 1.557671256474548946e-02 1.300876330147007244e-02 1.557671256474548946e-02 1.046839999999999993e-01
2.078839999999999577e-01 2.666235112445121402e-02 1.727047314426409172e-02 2.666235112445121402e-02 1.695160000000000000e-01 2.096793991400687854e-02 1.727047314426409172e-02 2.096793991400687854e-02 1.046839999999999993e-01
2.078839999999999577e-01 3.704037936483010884e-02 2.475682099141127829e-02 3.704037936483010884e-02 1.695160000000000000e-01 2.496138653023770998e-02 2.475682099141127829e-02 2.496138653023770998e-02 1.046839999999999993e-01
2.078839999999999577e-01 4.606535157555918802e-02 2.866479392121824496e-02 4.606535157555918802e-02 1.695160000000000000e-01 3.234148316796402883e-02 2.866479392121824496e-02 3.234148316796402883e-02 1.046839999999999993e-01
2.078839999999999577e-01 5.290215731141074962e-02 3.409194290088340268e-02 5.290215731141074962e-02 1.695160000000000000e-01 3.828022228315051956e-02 3.409194290088340268e-02 3.828022228315051956e-02 1.046839999999999993e-01
2.078839999999999577e-01 6.507815955461936086e-02 3.737826270512945026e-02 6.507815955461936086e-02 1.695160000000000000e-01 4.490838617760774948e-02 3.737826270512945026e-02 4.490838617760774948e-02 1.046839999999999993e-01
2.078839999999999577e-01 7.525931239665889505e-02 4.593061830593869049e-02 7.525931239665889505e-02 1.695160000000000000e-01 4.926058919318568319e-02 4.593061830593869049e-02 4.926058919318568319e-02 1.046839999999999993e-01
2.078839999999999577e-01 8.342211002975553902e-02 4.897892182767812214e-02 8.342211002975553902e-02 1.695160000000000000e-01 5.441277290602507949e-02 4.897892182767812214e-02 5.441277290602507949e-02 1.046839999999999993e-01
2.078839999999999577e-01 9.052175955603976309e-02 5.312398329927704027e-02 9.052175955603976309e-02 1.695160000000000000e-01 6.212355700608993697e-02 5.312398329927704027e-02 6.212355700608993697e-02 1.046839999999999993e-01
2.078839999999999577e-01 9.512224071761142541e-02 6.010801468439117001e-02 9.512224071761142541e-02 1.695160000000000000e-01 6.382736466724872604e-02 6.010801468439117001e-02 6.382736466724872604e-02 1.046839999999999993e-01
2.078839999999999577e-01 1.041175514971686283e-01 6.391851918295148038e-02 1.041175514971686283e-01 1.695160000000000000e-01 7.405636789553017574e-02 6.391851918295148038e-02 7.405636789553017574e-02 1.046839999999999993e-01
2.078839999999999577e-01 1.120025303446296611e-01 7.102535665338415016e-02 1.120025303446296611e-01 1.695160000000000000e-01 7.867999380343969340e-02 7.102535665338415016e-02 7.867999380343969340e-02 1.046839999999999993e-01
2.078839999999999577e-01 1.244313937184514662e-01 7.564761775741388194e-02 1.244313937184514662e-01 1.695160000000000000e-01 8.078491593536518689e-02 7.564761775741388194e-02 8.078491593536518689e-02 1.046839999999999993e-01
2.078839999999999577e-01 1.298892388353315441e-01 8.061810632486751671e-02 1.298892388353315441e-01 1.695160000000000000e-01 8.972388590193382252e-02 8.061810632486751671e-02 8.972388590193382252e-02 1.046839999999999993e-01
2.078839999999999577e-01 1.368672317369590274e-01 8.697978303173634074e-02 1.368672317369590274e-01 1.695160000000000000e-01 9.605710815459581053e-02 8.697978303173634074e-02 9.605710815459581053e-02 1.046839999999999993e-01
2.078839999999999577e-01 1.474755715173229065e-01 9.275646186182365249e-02 1.474755715173229065e-01 1.695160000000000000e-01 9.803609225651871428e-02 9.275646186182365249e-02 9.803609225651871428e-02 1.046839999999999993e-01
2.078839999999999577e-01 1.525767620958106974e-01 9.417270178200909392e-02 1.525767620958106974e-01 1.695160000000000000e-01 1.067018938756106317e-01 9.417270178200909392e-02 1.067018938756106317e-01 1.046839999999999993e-01
2.078839999999999577e-01 1.595879999999999799e-01 9.791600000000000303e-02 1.595879999999999799e-01 1.695160000000000000e-01 1.086120000000000141e-01 9.791600000000000303e-02 1.086120000000000141e-01 1.046839999999999993e-01
c: 
1.905000000000000027e+00
1.657000000000000028e+00
2.470000000000000195e+00
