CDF: 
4.199999999999999845e-01 4.600000000000000200e-01 7.099999999999999645e-01 1.000000000000000000e+00
2.700000000000000178e-01 5.500000000000000444e-01 6.999999999999999556e-01 1.000000000000000000e+00
2.899999999999999800e-01 2.999999999999999889e-01 5.899999999999999689e-01 1.000000000000000000e+00
sigma: 
1.731960000000000166e-01 1.841464262448056464e-03 2.970508242248811031e-03 1.841464262448056464e-03 1.621439999999999826e-01 7.751496766014821099e-03 2.970508242248811031e-03 7.751496766014821099e-03 1.780160000000000076e-01
1.731960000000000166e-01 1.456252710413323201e-02 8.880557488180066544e-03 1.456252710413323201e-02 1.621439999999999826e-01 1.197573749340182479e-02 8.880557488180066544e-03 1.197573749340182479e-02 1.780160000000000076e-01
1.731960000000000166e-01 2.035784091408893506e-02 1.673457571926277587e-02 2.035784091408893506e-02 1.621439999999999826e-01 1.919712843622347481e-02 1.673457571926277587e-02 1.919712843622347481e-02 1.780160000000000076e-01
1.731960000000000166e-01 2.751505254598794400e-02 2.398818124005474076e-02 2.751505254598794400e-02 1.621439999999999826e-01 2.802528780479239187e-02 2.398818124005474076e-02 2.802528780479239187e-02 1.780160000000000076e-01
1.731960000000000166e-01 4.151213331280556584e-02 3.596385095847626917e-02 4.151213331280556584e-02 1.621439999999999826e-01 3.430075764859596282e-02 3.596385095847626917e-02 3.430075764859596282e-02 1.780160000000000076e-01
1.731960000000000166e-01 4.918691865870220697e-02 4.082213425752621860e-02 4.918691865870220697e-02 1.621439999999999826e-01 4.511468901468843051e-02 4.082213425752621860e-02 4.511468901468843051e-02 1.780160000000000076e-01
1.731960000000000166e-01 5.434723342890625947e-02 4.962175509255016548e-02 5.434723342890625947e-02 1.621439999999999826e-01 4.790810525803083919e-02 4.962175509255016548e-02 4.790810525803083919e-02 1.780160000000000076e-01
1.731960000000000166e-01 6.536029140343910249e-02 5.859861405747724544e-02 6.536029140343910249e-02 1.621439999999999826e-01 6.079366453353893945e-02 5.859861405747724544e-02 6.079366453353893945e-02 1.780160000000000076e-01
1.731960000000000166e-01 7.577711045907341292e-02 6.725850811078874780e-02 7.577711045907341292e-02 1.621439999999999826e-01 6.580214999688074884e-02 6.725850811078874780e-02 6.580214999688074884e-02 1.780160000000000076e-01
1.731960000000000166e-01 7.810298607573758212e-02 7.553946078409037868e-02 7.810298607573758212e-02 1.621439999999999826e-01 7.700588042903135089e-02 7.553946078409037868e-02 7.700588042903135089e-02 1.780160000000000076e-01
1.731960000000000166e-01 9.070771934296729955e-02 8.175993579799227529e-02 9.070771934296729955e-02 1.621439999999999826e-01 8.322388220435600337e-02 8.175993579799227529e-02 8.322388220435600337e-02 1.780160000000000076e-01
1.731960000000000166e-01 9.459095787359828034e-02 9.179265859414106887e-02 9.459095787359828034e-02 1.621439999999999826e-01 9.395836576746043056e-02 9.179265859414106887e-02 9.395836576746043056e-02 1.780160000000000076e-01
1.731960000000000166e-01 1.080939148218559159e-01 1.033856707966952504e-01 1.080939148218559159e-01 1.621439999999999826e-01 1.032285789706011009e-01 1.033856707966952504e-01 1.032285789706011009e-01 1.780160000000000076e-01
1.731960000000000166e-01 1.123153015127009574e-01 1.080996967101031658e-01 1.123153015127009574e-01 1.621439999999999826e-01 1.047539979154872153e-01 1.080996967101031658e-01 1.047539979154872153e-01 1.780160000000000076e-01
1.731960000000000166e-01 1.234085330631918553e-01 1.183356700725510108e-01 1.234085330631918553e-01 1.621439999999999826e-01 1.147508648591812203e-01 1.183356700725510108e-01 1.147508648591812203e-01 1.780160000000000076e-01
1.731960000000000166e-01 1.275625532193751799e-01 1.260437684594768459e-01 1.275625532193751799e-01 1.621439999999999826e-01 1.236148112355464207e-01 1.260437684594768459e-01 1.236148112355464207e-01 1.780160000000000076e-01
1.731960000000000166e-01 1.422323379058485493e-01 1.312277868237000933e-01 1.422323379058485493e-01 1.621439999999999826e-01 1.295236945828613928e-01 1.312277868237000933e-01 1.295236945828613928e-01 1.780160000000000076e-01
1.731960000000000166e-01 1.444330207629799245e-01 1.381543792225356782e-01 1.444330207629799245e-01 1.621439999999999826e-01 1.370866065282547452e-01 1.381543792225356782e-01 1.370866065282547452e-01 1.780160000000000076e-01
1.731960000000000166e-01 1.562084497782976478e-01 1.492678520792551367e-01 1.562084497782976478e-01 1.621439999999999826e-01 1.477674879527979268e-01 1.492678520792551367e-01 1.477674879527979268e-01 1.780160000000000076e-01
1.731960000000000166e-01 1.612320000000000142e-01 1.518559999999999910e-01 1.612320000000000142e-01 1.621439999999999826e-01 1.511520000000000086e-01 1.518559999999999910e-01 1.511520000000000086e-01 1.780160000000000076e-01
c: 
2.246999999999999886e+00
1.745999999999999996e+00
2.520000000000000018e+00
