CDF: 
2.399999999999999911e-01 5.500000000000000444e-01 5.799999999999999600e-01 1.000000000000000000e+00
1.900000000000000022e-01 4.600000000000000200e-01 7.600000000000000089e-01 1.000000000000000000e+00
2.200000000000000011e-01 2.500000000000000000e-01 6.800000000000000488e-01 1.000000000000000000e+00
sigma: 
2.142000000000000015e-01 1.055477455077158443e-03 4.060464397432765257e-03 1.055477455077158443e-03 1.422509999999999886e-01 5.448261389664684450e-03 4.060464397432765257e-03 5.448261389664684450e-03 1.546960000000000002e-01
2.142000000000000015e-01 1.057793700305435097e-02 1.482376522071438343e-02 1.057793700305435097e-02 1.422509999999999886e-01 1.326861196141170852e-02 1.482376522071438343e-02 1.326861196141170852e-02 1.546960000000000002e-01
2.142000000000000015e-01 1.731388979810245810e-02 2.176728638989534198e-02 1.731388979810245810e-02 1.422509999999999886e-01 1.421704921981238774e-02 2.176728638989534198e-02 1.421704921981238774e-02 1.546960000000000002e-01
2.142000000000000015e-01 2.439171531991730577e-02 2.999837129973353250e-02 2.439171531991730577e-02 1.422509999999999886e-01 2.242958432331148416e-02 2.999837129973353250e-02 2.242958432331148416e-02 1.546960000000000002e-01
2.142000000000000015e-01 3.612513363876242861e-02 3.598182023657441747e-02 3.612513363876242861e-02 1.422509999999999886e-01 3.035153860924640762e-02 3.598182023657441747e-02 3.035153860924640762e-02 1.546960000000000002e-01
2.142000000000000015e-01 4.292246586888507492e-02 4.434567940908381439e-02 4.292246586888507492e-02 1.422509999999999886e-01 3.490610301200532811e-02 4.434567940908381439e-02 3.490610301200532811e-02 1.546960000000000002e-01
2.142000000000000015e-01 4.682946508819662429e-02 5.283900799435276019e-02 4.682946508819662429e-02 1.422509999999999886e-01 4.149255211264608195e-02 5.283900799435276019e-02 4.149255211264608195e-02 1.546960000000000002e-01
2.142000000000000015e-01 5.307128471216122911e-02 6.220394733498075396e-02 5.307128471216122911e-02 1.422509999999999886e-01 4.866625412743372237e-02 6.220394733498075396e-02 4.866625412743372237e-02 1.546960000000000002e-01
2.142000000000000015e-01 6.239231016242645367e-02 7.176737606931907210e-02 6.239231016242645367e-02 1.422509999999999886e-01 5.444892509133310993e-02 7.176737606931907210e-02 5.444892509133310993e-02 1.546960000000000002e-01
2.142000000000000015e-01 6.762660659906505334e-02 7.444057927606197167e-02 6.762660659906505334e-02 1.422509999999999886e-01 6.123019739762800007e-02 7.444057927606197167e-02 6.123019739762800007e-02 1.546960000000000002e-01
2.142000000000000015e-01 7.347661332676398704e-02 8.436991696672586916e-02 7.347661332676398704e-02 1.422509999999999886e-01 7.295037285966932128e-02 8.436991696672586916e-02 7.295037285966932128e-02 1.546960000000000002e-01
2.142000000000000015e-01 8.606709066915622930e-02 9.227057246230131737e-02 8.606709066915622930e-02 1.422509999999999886e-01 7.990361451295845130e-02 9.227057246230131737e-02 7.990361451295845130e-02 1.546960000000000002e-01
2.142000000000000015e-01 8.937147585694829588e-02 9.839929855025501826e-02 8.937147585694829588e-02 1.422509999999999886e-01 8.545568954404977879e-02 9.839929855025501826e-02 8.545568954404977879e-02 1.546960000000000002e-01
2.142000000000000015e-01 9.843824649761465095e-02 1.090301580930621572e-01 9.843824649761465095e-02 1.422509999999999886e-01 9.247072428568958724e-02 1.090301580930621572e-01 9.247072428568958724e-02 1.546960000000000002e-01
2.142000000000000015e-01 1.069941004093589859e-01 1.156974724532478238e-01 1.069941004093589859e-01 1.422509999999999886e-01 1.015614230968525239e-01 1.156974724532478238e-01 1.015614230968525239e-01 1.546960000000000002e-01
2.142000000000000015e-01 1.112736545432886082e-01 1.293934975113371355e-01 1.112736545432886082e-01 1.422509999999999886e-01 1.064959985687767424e-01 1.293934975113371355e-01 1.064959985687767424e-01 1.546960000000000002e-01
2.142000000000000015e-01 1.180754578461635507e-01 1.313287813998367248e-01 1.180754578461635507e-01 1.422509999999999886e-01 1.128642054573115311e-01 1.313287813998367248e-01 1.128642054573115311e-01 1.546960000000000002e-01
2.142000000000000015e-01 1.270914973259970604e-01 1.380320532076755313e-01 1.270914973259970604e-01 1.422509999999999886e-01 1.221886581597558252e-01 1.380320532076755313e-01 1.221886581597558252e-01 1.546960000000000002e-01
2.142000000000000015e-01 1.339563978173676784e-01 1.461082178986168323e-01 1.339563978173676784e-01 1.422509999999999886e-01 1.275367889006282229e-01 1.461082178986168323e-01 1.275367889006282229e-01 1.546960000000000002e-01
2.142000000000000015e-01 1.373800000000000021e-01 1.538799999999999890e-01 1.373800000000000021e-01 1.422509999999999886e-01 1.290359999999999840e-01 1.538799999999999890e-01 1.290359999999999840e-01 1.546960000000000002e-01
c: 
2.823999999999999844e+00
1.487000000000000099e+00
1.967000000000000082e+00
