CDF: 
2.399999999999999911e-01 3.800000000000000044e-01 6.600000000000000311e-01 1.000000000000000000e+00
1.300000000000000044e-01 2.200000000000000011e-01 2.500000000000000000e-01 1.000000000000000000e+00
7.000000000000000666e-02 3.499999999999999778e-01 3.900000000000000133e-01 1.000000000000000000e+00
sigma: 
1.747560000000000224e-01 3.548726304663721645e-03 3.659313405780380626e-03 3.548726304663721645e-03 1.637759999999999772e-01 4.475424347002394465e-04 3.659313405780380626e-03 4.475424347002394465e-04 1.939000000000000168e-01
1.747560000000000224e-01 9.260637978617128688e-03 1.263526848748513370e-02 9.260637978617128688e-03 1.637759999999999772e-01 8.321792632665386824e-03 1.263526848748513370e-02 8.321792632665386824e-03 1.939000000000000168e-01
1.747560000000000224e-01 1.300805298100154474e-02 2.182197800614961436e-02 1.300805298100154474e-02 1.637759999999999772e-01 2.084253853862047881e-02 2.182197800614961436e-02 2.084253853862047881e-02 1.939000000000000168e-01
1.747560000000000224e-01 1.788820643269890126e-02 2.813217422343912422e-02 1.788820643269890126e-02 1.637759999999999772e-01 2.794949366772127991e-02 2.813217422343912422e-02 2.794949366772127991e-02 1.939000000000000168e-01
1.747560000000000224e-01 2.528428517280583571e-02 3.596978819087633811e-02 2.528428517280583571e-02 1.637759999999999772e-01 3.155883296920367759e-02 3.596978819087633811e-02 3.155883296920367759e-02 1.939000000000000168e-01
1.747560000000000224e-01 2.778562360347911972e-02 3.915809241645764466e-02 2.778562360347911972e-02 1.637759999999999772e-01 3.750167963889102646e-02 3.915809241645764466e-02 3.750167963889102646e-02 1.939000000000000168e-01
1.747560000000000224e-01 3.226864457053302965e-02 4.876113322644743536e-02 3.226864457053302965e-02 1.637759999999999772e-01 4.268533965719306655e-02 4.876113322644743536e-02 4.268533965719306655e-02 1.939000000000000168e-01
1.747560000000000224e-01 4.231277154764893911e-02 5.705893783926031110e-02 4.231277154764893911e-02 1.637759999999999772e-01 5.438623748327352236e-02 5.705893783926031110e-02 5.438623748327352236e-02 1.939000000000000168e-01
1.747560000000000224e-01 4.444447436832645731e-02 5.918261720263760101e-02 4.444447436832645731e-02 1.637759999999999772e-01 5.730553250467744497e-02 5.918261720263760101e-02 5.730553250467744497e-02 1.939000000000000168e-01
1.747560000000000224e-01 5.188403460412807644e-02 6.921569690652322471e-02 5.188403460412807644e-02 1.637759999999999772e-01 6.617313499529345333e-02 6.921569690652322471e-02 6.617313499529345333e-02 1.939000000000000168e-01
1.747560000000000224e-01 5.313365071109806687e-02 7.971104037249646113e-02 5.313365071109806687e-02 1.637759999999999772e-01 7.336313487405603240e-02 7.971104037249646113e-02 7.336313487405603240e-02 1.939000000000000168e-01
1.747560000000000224e-01 6.144580836653833200e-02 8.191174477693076439e-02 6.144580836653833200e-02 1.637759999999999772e-01 8.254765959897654437e-02 8.191174477693076439e-02 8.254765959897654437e-02 1.939000000000000168e-01
1.747560000000000224e-01 6.665684679503937338e-02 9.441284983065068026e-02 6.665684679503937338e-02 1.637759999999999772e-01 9.091725388918688033e-02 9.441284983065068026e-02 9.091725388918688033e-02 1.939000000000000168e-01
1.747560000000000224e-01 7.190553171412135403e-02 9.636355855651673741e-02 7.190553171412135403e-02 1.637759999999999772e-01 9.904062443625637202e-02 9.636355855651673741e-02 9.904062443625637202e-02 1.939000000000000168e-01
1.747560000000000224e-01 7.808747204931906771e-02 1.040586807639764105e-01 7.808747204931906771e-02 1.637759999999999772e-01 1.048795844068693278e-01 1.040586807639764105e-01 1.048795844068693278e-01 1.939000000000000168e-01
1.747560000000000224e-01 8.112419896327303925e-02 1.100905380261698180e-01 8.112419896327303925e-02 1.637759999999999772e-01 1.065492281589835444e-01 1.100905380261698180e-01 1.065492281589835444e-01 1.939000000000000168e-01
1.747560000000000224e-01 8.615745643721893499e-02 1.183748269215631754e-01 8.615745643721893499e-02 1.637759999999999772e-01 1.197823462548906481e-01 1.183748269215631754e-01 1.197823462548906481e-01 1.939000000000000168e-01
1.747560000000000224e-01 9.045616828779681762e-02 1.258870657360270928e-01 9.045616828779681762e-02 1.637759999999999772e-01 1.206622510026473943e-01 1.258870657360270928e-01 1.206622510026473943e-01 1.939000000000000168e-01
1.747560000000000224e-01 9.731026681921634003e-02 1.357906405359823598e-01 9.731026681921634003e-02 1.637759999999999772e-01 1.321194183236645836e-01 1.357906405359823598e-01 1.321194183236645836e-01 1.939000000000000168e-01
1.747560000000000224e-01 1.009159999999999918e-01 1.391999999999999904e-01 1.009159999999999918e-01 1.637759999999999772e-01 1.346000000000000529e-01 1.391999999999999904e-01 1.346000000000000529e-01 1.939000000000000168e-01
c: 
1.977999999999999980e+00
1.431999999999999940e+00
2.319999999999999840e+00
