CDF: 
1.700000000000000122e-01 2.200000000000000011e-01 8.199999999999999512e-01 1.000000000000000000e+00
2.600000000000000089e-01 5.300000000000000266e-01 6.300000000000000044e-01 1.000000000000000000e+00
3.200000000000000067e-01 5.999999999999999778e-01 8.000000000000000444e-01 1.000000000000000000e+00
sigma: 
1.012750000000000039e-01 3.438411090767429321e-03 5.153910686630818437e-03 3.438411090767429321e-03 1.993709999999999927e-01 6.131854371709789635e-03 5.153910686630818437e-03 6.131854371709789635e-03 1.378559999999999786e-01
1.012750000000000039e-01 6.204150031580555301e-03 8.448722334058677078e-03 6.204150031580555301e-03 1.993709999999999927e-01 1.115805961497136865e-02 8.448722334058677078e-03 1.115805961497136865e-02 1.378559999999999786e-01
1.012750000000000039e-01 1.344688029602553701e-02 1.136123008902903582e-02 1.344688029602553701e-02 1.993709999999999927e-01 1.994172865507017056e-02 1.136123008902903582e-02 1.994172865507017056e-02 1.378559999999999786e-01
1.012750000000000039e-01 2.007447274353608632e-02 2.254104399455925806e-02 2.007447274353608632e-02 1.993709999999999927e-01 2.149216900184491852e-02 2.254104399455925806e-02 2.149216900184491852e-02 1.378559999999999786e-01
1.012750000000000039e-01 2.579268966744103705e-02 2.578805105682229967e-02 2.579268966744103705e-02 1.993709999999999927e-01 2.988719493637751259e-02 2.578805105682229967e-02 2.988719493637751259e-02 1.378559999999999786e-01
1.012750000000000039e-01 2.637858592273124164e-02 3.155709495887979582e-02 2.637858592273124164e-02 1.993709999999999927e-01 4.231982301681453534e-02 3.155709495887979582e-02 4.231982301681453534e-02 1.378559999999999786e-01
1.012750000000000039e-01 3.466710781321064722e-02 3.651683559913240784e-02 3.466710781321064722e-02 1.993709999999999927e-01 4.583537297203358479e-02 3.651683559913240784e-02 4.583537297203358479e-02 1.378559999999999786e-01
1.012750000000000039e-01 4.103451596883701119e-02 4.084624394413283177e-02 4.103451596883701119e-02 1.993709999999999927e-01 5.485030768769680320e-02 4.084624394413283177e-02 5.485030768769680320e-02 1.378559999999999786e-01
1.012750000000000039e-01 4.406427957157623559e-02 4.579282766588033127e-02 4.406427957157623559e-02 1.993709999999999927e-01 5.818348873709648650e-02 4.579282766588033127e-02 5.818348873709648650e-02 1.378559999999999786e-01
1.012750000000000039e-01 4.832361508878408457e-02 5.336755316410603939e-02 4.832361508878408457e-02 1.993709999999999927e-01 6.394282020173969183e-02 5.336755316410603939e-02 6.394282020173969183e-02 1.378559999999999786e-01
1.012750000000000039e-01 5.449796737261339286e-02 5.675974174417899865e-02 5.449796737261339286e-02 1.993709999999999927e-01 7.526043454533107302e-02 5.675974174417899865e-02 7.526043454533107302e-02 1.378559999999999786e-01
1.012750000000000039e-01 6.104419222680608492e-02 6.302694618989174158e-02 6.104419222680608492e-02 1.993709999999999927e-01 8.180947369175139983e-02 6.302694618989174158e-02 8.180947369175139983e-02 1.378559999999999786e-01
1.012750000000000039e-01 6.422279568236893832e-02 7.129888551698237986e-02 6.422279568236893832e-02 1.993709999999999927e-01 8.761115966614273221e-02 7.129888551698237986e-02 8.761115966614273221e-02 1.378559999999999786e-01
1.012750000000000039e-01 6.756709283881277839e-02 7.405263368679093627e-02 6.756709283881277839e-02 1.993709999999999927e-01 9.636420143652878190e-02 7.405263368679093627e-02 9.636420143652878190e-02 1.378559999999999786e-01
1.012750000000000039e-01 7.515872212379695605e-02 8.162480806947876311e-02 7.515872212379695605e-02 1.993709999999999927e-01 1.046856002270276642e-01 8.162480806947876311e-02 1.046856002270276642e-01 1.378559999999999786e-01
1.012750000000000039e-01 7.814197809861152255e-02 8.621591259767327764e-02 7.814197809861152255e-02 1.993709999999999927e-01 1.083711693849155194e-01 8.621591259767327764e-02 1.083711693849155194e-01 1.378559999999999786e-01
1.012750000000000039e-01 8.413371996833295119e-02 9.258866371842977561e-02 8.413371996833295119e-02 1.993709999999999927e-01 1.136244426661591478e-01 9.258866371842977561e-02 1.136244426661591478e-01 1.378559999999999786e-01
1.012750000000000039e-01 8.914166935756553944e-02 9.620657553980202503e-02 8.914166935756553944e-02 1.993709999999999927e-01 1.218488921826745425e-01 9.620657553980202503e-02 1.218488921826745425e-01 1.378559999999999786e-01
1.012750000000000039e-01 9.342200631840871794e-02 1.067051730835957002e-01 9.342200631840871794e-02 1.993709999999999927e-01 1.326855441022125603e-01 1.067051730835957002e-01 1.326855441022125603e-01 1.378559999999999786e-01
1.012750000000000039e-01 9.824499999999999900e-02 1.072799999999999865e-01 9.824499999999999900e-02 1.993709999999999927e-01 1.349239999999999884e-01 1.072799999999999865e-01 1.349239999999999884e-01 1.378559999999999786e-01
c: 
1.375999999999999890e+00
2.561999999999999833e+00
2.125999999999999890e+00
