CDF: 
2.099999999999999922e-01 6.899999999999999467e-01 7.199999999999999734e-01 1.000000000000000000e+00
4.000000000000000222e-01 5.200000000000000178e-01 6.500000000000000222e-01 1.000000000000000000e+00
5.300000000000000266e-01 5.999999999999999778e-01 7.399999999999999911e-01 1.000000000000000000e+00
sigma: 
1.534560000000000091e-01 1.085331491354931115e-04 1.357033239272477593e-03 1.085331491354931115e-04 1.941240000000000188e-01 3.384815172545582100e-04 1.357033239272477593e-03 3.384815172545582100e-04 1.763000000000000123e-01
1.534560000000000091e-01 1.004908359116913480e-02 8.992490933482618146e-03 1.004908359116913480e-02 1.941240000000000188e-01 1.195548708653117360e-02 8.992490933482618146e-03 1.195548708653117360e-02 1.763000000000000123e-01
1.534560000000000091e-01 1.732890966319028392e-02 2.347613452140384638e-02 1.732890966319028392e-02 1.941240000000000188e-01 2.619334176627634639e-02 2.347613452140384638e-02 2.619334176627634639e-02 1.763000000000000123e-01
1.534560000000000091e-01 3.137103169276041215e-02 3.241110668163082326e-02 3.137103169276041215e-02 1.941240000000000188e-01 3.407551047011896095e-02 3.241110668163082326e-02 3.407551047011896095e-02 1.763000000000000123e-01
1.534560000000000091e-01 3.716553979861823148e-02 3.274108523154197620e-02 3.716553979861823148e-02 1.941240000000000188e-01 4.072153003587976328e-02 3.274108523154197620e-02 4.072153003587976328e-02 1.763000000000000123e-01
1.534560000000000091e-01 4.686310585831914011e-02 4.286893204547067432e-02 4.686310585831914011e-02 1.941240000000000188e-01 4.603299958731225244e-02 4.286893204547067432e-02 4.603299958731225244e-02 1.763000000000000123e-01
1.534560000000000091e-01 5.293567351821899108e-02 5.338752680424317665e-02 5.293567351821899108e-02 1.941240000000000188e-01 6.159875242657657235e-02 5.338752680424317665e-02 6.159875242657657235e-02 1.763000000000000123e-01
1.534560000000000091e-01 5.938359252979776709e-02 6.232481390953351075e-02 5.938359252979776709e-02 1.941240000000000188e-01 6.346328490933016153e-02 6.232481390953351075e-02 6.346328490933016153e-02 1.763000000000000123e-01
1.534560000000000091e-01 6.987007896442928856e-02 7.038391984352462827e-02 6.987007896442928856e-02 1.941240000000000188e-01 7.511628270671430463e-02 7.038391984352462827e-02 7.511628270671430463e-02 1.763000000000000123e-01
1.534560000000000091e-01 7.543884597173095008e-02 7.606953208606656580e-02 7.543884597173095008e-02 1.941240000000000188e-01 8.599202884843469563e-02 7.606953208606656580e-02 8.599202884843469563e-02 1.763000000000000123e-01
1.534560000000000091e-01 8.201993806757638950e-02 8.589325585590167067e-02 8.201993806757638950e-02 1.941240000000000188e-01 9.459584489575668942e-02 8.589325585590167067e-02 9.459584489575668942e-02 1.763000000000000123e-01
1.534560000000000091e-01 9.058895511573651638e-02 9.370329534758291279e-02 9.058895511573651638e-02 1.941240000000000188e-01 9.932914771031536860e-02 9.370329534758291279e-02 9.932914771031536860e-02 1.763000000000000123e-01
1.534560000000000091e-01 1.003028107702028660e-01 1.019466107370371050e-01 1.003028107702028660e-01 1.941240000000000188e-01 1.085493560696972198e-01 1.019466107370371050e-01 1.085493560696972198e-01 1.763000000000000123e-01
1.534560000000000091e-01 1.088744771893658120e-01 1.111504631957197509e-01 1.088744771893658120e-01 1.941240000000000188e-01 1.193844485199597044e-01 1.111504631957197509e-01 1.193844485199597044e-01 1.763000000000000123e-01
1.534560000000000091e-01 1.160783640422949070e-01 1.160767810163070429e-01 1.160783640422949070e-01 1.941240000000000188e-01 1.266969938238692583e-01 1.160767810163070429e-01 1.266969938238692583e-01 1.763000000000000123e-01
1.534560000000000091e-01 1.245277466857416387e-01 1.285471974167944065e-01 1.245277466857416387e-01 1.941240000000000188e-01 1.336797793111514643e-01 1.285471974167944065e-01 1.336797793111514643e-01 1.763000000000000123e-01
1.534560000000000091e-01 1.326021586624059889e-01 1.319557230034930084e-01 1.326021586624059889e-01 1.941240000000000188e-01 1.437314264374308925e-01 1.319557230034930084e-01 1.437314264374308925e-01 1.763000000000000123e-01
1.534560000000000091e-01 1.355876633028113842e-01 1.397287846124621313e-01 1.355876633028113842e-01 1.941240000000000188e-01 1.597913020949033036e-01 1.397287846124621313e-01 1.597913020949033036e-01 1.763000000000000123e-01
1.534560000000000091e-01 1.459365056519308923e-01 1.474603076168322646e-01 1.459365056519308923e-01 1.941240000000000188e-01 1.677357198676184546e-01 1.474603076168322646e-01 1.677357198676184546e-01 1.763000000000000123e-01
1.534560000000000091e-01 1.499120000000000175e-01 1.547600000000000087e-01 1.499120000000000175e-01 1.941240000000000188e-01 1.690200000000000036e-01 1.547600000000000087e-01 1.690200000000000036e-01 1.763000000000000123e-01
c: 
2.924999999999999822e+00
2.866999999999999993e+00
2.040000000000000036e+00
