CDF: 
3.800000000000000044e-01 5.200000000000000178e-01 5.600000000000000533e-01 1.000000000000000000e+00
1.499999999999999944e-01 1.900000000000000022e-01 3.900000000000000133e-01 1.000000000000000000e+00
1.100000000000000006e-01 3.499999999999999778e-01 4.000000000000000222e-01 1.000000000000000000e+00
sigma: 
2.278440000000000465e-01 6.618815990269054589e-05 5.781755445186982298e-03 6.618815990269054589e-05 1.741240000000000010e-01 1.222924567757878922e-03 5.781755445186982298e-03 1.222924567757878922e-03 1.985790000000000055e-01
2.278440000000000465e-01 8.966447173215645605e-03 1.062818201344988694e-02 8.966447173215645605e-03 1.741240000000000010e-01 1.463264262691960430e-02 1.062818201344988694e-02 1.463264262691960430e-02 1.985790000000000055e-01
2.278440000000000465e-01 2.149747080579098718e-02 2.017699930893446236e-02 2.149747080579098718e-02 1.741240000000000010e-01 2.633345640982987998e-02 2.017699930893446236e-02 2.633345640982987998e-02 1.985790000000000055e-01
2.278440000000000465e-01 2.828128060899838189e-02 2.855558014276973755e-02 2.828128060899838189e-02 1.741240000000000010e-01 3.545927217084372807e-02 2.855558014276973755e-02 3.545927217084372807e-02 1.985790000000000055e-01
2.278440000000000465e-01 3.841234773349060105e-02 3.657506107172394522e-02 3.841234773349060105e-02 1.741240000000000010e-01 4.009386407116906359e-02 3.657506107172394522e-02 4.009386407116906359e-02 1.985790000000000055e-01
2.278440000000000465e-01 4.224574160043031990e-02 4.521682455491549124e-02 4.224574160043031990e-02 1.741240000000000010e-01 4.785645154294656395e-02 4.521682455491549124e-02 4.785645154294656395e-02 1.985790000000000055e-01
2.278440000000000465e-01 5.222598629522323677e-02 5.874630120904222180e-02 5.222598629522323677e-02 1.741240000000000010e-01 6.107943864395595085e-02 5.874630120904222180e-02 6.107943864395595085e-02 1.985790000000000055e-01
2.278440000000000465e-01 6.241937362661646033e-02 6.943418016160074480e-02 6.241937362661646033e-02 1.741240000000000010e-01 7.565137349467664085e-02 6.943418016160074480e-02 7.565137349467664085e-02 1.985790000000000055e-01
2.278440000000000465e-01 7.098304466056330753e-02 7.566221704529049741e-02 7.098304466056330753e-02 1.741240000000000010e-01 8.451947040855957438e-02 7.566221704529049741e-02 8.451947040855957438e-02 1.985790000000000055e-01
2.278440000000000465e-01 7.912713898926010403e-02 8.095857839667490452e-02 7.912713898926010403e-02 1.741240000000000010e-01 9.124730309787941473e-02 8.095857839667490452e-02 9.124730309787941473e-02 1.985790000000000055e-01
2.278440000000000465e-01 8.546350242773922967e-02 9.067978392532484444e-02 8.546350242773922967e-02 1.741240000000000010e-01 9.593946040728121294e-02 9.067978392532484444e-02 9.593946040728121294e-02 1.985790000000000055e-01
2.278440000000000465e-01 8.805221367449510284e-02 9.849159811124223729e-02 8.805221367449510284e-02 1.741240000000000010e-01 1.106523501765270673e-01 9.849159811124223729e-02 1.106523501765270673e-01 1.985790000000000055e-01
2.278440000000000465e-01 9.856283042355219737e-02 1.107430288712205058e-01 9.856283042355219737e-02 1.741240000000000010e-01 1.165798682307978285e-01 1.107430288712205058e-01 1.165798682307978285e-01 1.985790000000000055e-01
2.278440000000000465e-01 1.084305238399899257e-01 1.147204164097931495e-01 1.084305238399899257e-01 1.741240000000000010e-01 1.257328907272949325e-01 1.147204164097931495e-01 1.257328907272949325e-01 1.985790000000000055e-01
2.278440000000000465e-01 1.179668354587575102e-01 1.250164390931324254e-01 1.179668354587575102e-01 1.741240000000000010e-01 1.356147543461342087e-01 1.250164390931324254e-01 1.356147543461342087e-01 1.985790000000000055e-01
2.278440000000000465e-01 1.226446581148510212e-01 1.400109819544862744e-01 1.226446581148510212e-01 1.741240000000000010e-01 1.465022657637315984e-01 1.400109819544862744e-01 1.465022657637315984e-01 1.985790000000000055e-01
2.278440000000000465e-01 1.342645041907884751e-01 1.456700880418582700e-01 1.342645041907884751e-01 1.741240000000000010e-01 1.532544049825048105e-01 1.456700880418582700e-01 1.532544049825048105e-01 1.985790000000000055e-01
2.278440000000000465e-01 1.421260054218684843e-01 1.556957748546753950e-01 1.421260054218684843e-01 1.741240000000000010e-01 1.655069747757952070e-01 1.556957748546753950e-01 1.655069747757952070e-01 1.985790000000000055e-01
2.278440000000000465e-01 1.505461547671777256e-01 1.615536175517013617e-01 1.505461547671777256e-01 1.741240000000000010e-01 1.773403662756754817e-01 1.615536175517013617e-01 1.773403662756754817e-01 1.985790000000000055e-01
2.278440000000000465e-01 1.512160000000000171e-01 1.668260000000000298e-01 1.512160000000000171e-01 1.741240000000000010e-01 1.811139999999999972e-01 1.668260000000000298e-01 1.811139999999999972e-01 1.985790000000000055e-01
c: 
2.595000000000000195e+00
2.218999999999999861e+00
1.536000000000000032e+00
