CDF: 
3.800000000000000044e-01 4.799999999999999822e-01 5.799999999999999600e-01 1.000000000000000000e+00
4.199999999999999845e-01 5.200000000000000178e-01 8.399999999999999689e-01 1.000000000000000000e+00
2.800000000000000266e-01 6.500000000000000222e-01 7.500000000000000000e-01 1.000000000000000000e+00
sigma: 
2.183999999999999830e-01 8.908556293419760694e-04 1.592333491163873275e-03 8.908556293419760694e-04 1.190440000000000109e-01 4.550729119822292056e-04 1.592333491163873275e-03 4.550729119822292056e-04 1.622110000000000496e-01
2.183999999999999830e-01 8.447627234838883670e-03 1.521707070387169451e-02 8.447627234838883670e-03 1.190440000000000109e-01 9.119542037268399751e-03 1.521707070387169451e-02 9.119542037268399751e-03 1.622110000000000496e-01
2.183999999999999830e-01 1.933301586769851921e-02 1.574762368913414437e-02 1.933301586769851921e-02 1.190440000000000109e-01 1.298324255252099844e-02 1.574762368913414437e-02 1.298324255252099844e-02 1.622110000000000496e-01
2.183999999999999830e-01 2.154193697270253074e-02 2.327059710701105330e-02 2.154193697270253074e-02 1.190440000000000109e-01 2.373611929968470757e-02 2.327059710701105330e-02 2.373611929968470757e-02 1.622110000000000496e-01
2.183999999999999830e-01 3.022289335623187800e-02 3.267955641309340520e-02 3.022289335623187800e-02 1.190440000000000109e-01 2.495997838000462224e-02 3.267955641309340520e-02 2.495997838000462224e-02 1.622110000000000496e-01
2.183999999999999830e-01 3.657338302594491386e-02 3.930731271969917923e-02 3.657338302594491386e-02 1.190440000000000109e-01 3.431994852167843946e-02 3.930731271969917923e-02 3.431994852167843946e-02 1.622110000000000496e-01
2.183999999999999830e-01 4.035623876359117207e-02 4.817667998210876240e-02 4.035623876359117207e-02 1.190440000000000109e-01 4.155995253823986657e-02 4.817667998210876240e-02 4.155995253823986657e-02 1.622110000000000496e-01
2.183999999999999830e-01 5.006622280826374116e-02 5.652848460032159489e-02 5.006622280826374116e-02 1.190440000000000109e-01 4.728331180252327154e-02 5.652848460032159489e-02 4.728331180252327154e-02 1.622110000000000496e-01
2.183999999999999830e-01 5.520576936777550625e-02 6.503023023173068462e-02 5.520576936777550625e-02 1.190440000000000109e-01 5.319672767706200289e-02 6.503023023173068462e-02 5.319672767706200289e-02 1.622110000000000496e-01
2.183999999999999830e-01 6.314716076593815397e-02 7.105350777806808404e-02 6.314716076593815397e-02 1.190440000000000109e-01 6.051678915555209343e-02 7.105350777806808404e-02 6.051678915555209343e-02 1.622110000000000496e-01
2.183999999999999830e-01 6.515905551775581783e-02 8.240002617654869355e-02 6.515905551775581783e-02 1.190440000000000109e-01 6.672573674285889322e-02 8.240002617654869355e-02 6.672573674285889322e-02 1.622110000000000496e-01
2.183999999999999830e-01 7.680375670652074549e-02 9.074600298243791496e-02 7.680375670652074549e-02 1.190440000000000109e-01 6.877113697213932397e-02 9.074600298243791496e-02 6.877113697213932397e-02 1.622110000000000496e-01
2.183999999999999830e-01 8.090692636724500231e-02 9.786090800947629120e-02 8.090692636724500231e-02 1.190440000000000109e-01 7.663738429196211011e-02 9.786090800947629120e-02 7.663738429196211011e-02 1.622110000000000496e-01
2.183999999999999830e-01 8.721269340310446039e-02 1.008838764366906393e-01 8.721269340310446039e-02 1.190440000000000109e-01 8.348988464630510697e-02 1.008838764366906393e-01 8.348988464630510697e-02 1.622110000000000496e-01
2.183999999999999830e-01 9.413527166935573010e-02 1.091203543107732016e-01 9.413527166935573010e-02 1.190440000000000109e-01 8.700489395187332997e-02 1.091203543107732016e-01 8.700489395187332997e-02 1.622110000000000496e-01
2.183999999999999830e-01 1.026321196728068458e-01 1.160509445294423125e-01 1.026321196728068458e-01 1.190440000000000109e-01 9.673217443809346838e-02 1.160509445294423125e-01 9.673217443809346838e-02 1.622110000000000496e-01
2.183999999999999830e-01 1.067059391889160214e-01 1.293445306847088583e-01 1.067059391889160214e-01 1.190440000000000109e-01 9.871725719439598812e-02 1.293445306847088583e-01 9.871725719439598812e-02 1.622110000000000496e-01
2.183999999999999830e-01 1.115625076542487992e-01 1.300878335439957234e-01 1.115625076542487992e-01 1.190440000000000109e-01 1.102593341155593959e-01 1.300878335439957234e-01 1.102593341155593959e-01 1.622110000000000496e-01
2.183999999999999830e-01 1.210380176219296722e-01 1.417775534990716735e-01 1.210380176219296722e-01 1.190440000000000109e-01 1.127919932751505067e-01 1.417775534990716735e-01 1.127919932751505067e-01 1.622110000000000496e-01
2.183999999999999830e-01 1.228400000000000047e-01 1.451800000000000312e-01 1.228400000000000047e-01 1.190440000000000109e-01 1.165780000000000149e-01 1.451800000000000312e-01 1.165780000000000149e-01 1.622110000000000496e-01
c: 
2.716000000000000192e+00
2.956999999999999851e+00
2.013999999999999790e+00
