CDF: 
1.600000000000000033e-01 1.900000000000000022e-01 4.699999999999999734e-01 1.000000000000000000e+00
2.099999999999999922e-01 5.400000000000000355e-01 6.600000000000000311e-01 1.000000000000000000e+00
2.999999999999999889e-01 4.000000000000000222e-01 7.099999999999999645e-01 1.000000000000000000e+00
sigma: 
1.560960000000000125e-01 5.244152768173518907e-03 1.256590480064710561e-03 5.244152768173518907e-03 1.662839999999999874e-01 5.479447763590486117e-03 1.256590480064710561e-03 5.479447763590486117e-03 1.552439999999999931e-01
1.560960000000000125e-01 7.340231029308304928e-03 1.052767979813254255e-02 7.340231029308304928e-03 1.662839999999999874e-01 8.720198232876721564e-03 1.052767979813254255e-02 8.720198232876721564e-03 1.552439999999999931e-01
1.560960000000000125e-01 1.724148331127667647e-02 1.913536031069199006e-02 1.724148331127667647e-02 1.662839999999999874e-01 2.282670974499701258e-02 1.913536031069199006e-02 2.282670974499701258e-02 1.552439999999999931e-01
1.560960000000000125e-01 2.283745956790007858e-02 2.585885337742024892e-02 2.283745956790007858e-02 1.662839999999999874e-01 2.766036575074452483e-02 2.585885337742024892e-02 2.766036575074452483e-02 1.552439999999999931e-01
1.560960000000000125e-01 2.748655359666258083e-02 3.209695269389900574e-02 2.748655359666258083e-02 1.662839999999999874e-01 3.786493352070069429e-02 3.209695269389900574e-02 3.786493352070069429e-02 1.552439999999999931e-01
1.560960000000000125e-01 4.029116819865102839e-02 3.422769470611845832e-02 4.029116819865102839e-02 1.662839999999999874e-01 4.185856948448928722e-02 3.422769470611845832e-02 4.185856948448928722e-02 1.552439999999999931e-01
1.560960000000000125e-01 4.164007083372784496e-02 4.465287299882540750e-02 4.164007083372784496e-02 1.662839999999999874e-01 4.820426921786589991e-02 4.465287299882540750e-02 4.820426921786589991e-02 1.552439999999999931e-01
1.560960000000000125e-01 5.324289657097171224e-02 5.163507695155049315e-02 5.324289657097171224e-02 1.662839999999999874e-01 5.833961356139989729e-02 5.163507695155049315e-02 5.833961356139989729e-02 1.552439999999999931e-01
1.560960000000000125e-01 5.688182387864972045e-02 5.620058734066862155e-02 5.688182387864972045e-02 1.662839999999999874e-01 6.462966130494199324e-02 5.620058734066862155e-02 6.462966130494199324e-02 1.552439999999999931e-01
1.560960000000000125e-01 6.637542809595294024e-02 6.455553568969775446e-02 6.637542809595294024e-02 1.662839999999999874e-01 7.398355054341848591e-02 6.455553568969775446e-02 7.398355054341848591e-02 1.552439999999999931e-01
1.560960000000000125e-01 7.282872350353064572e-02 6.803717781123330699e-02 7.282872350353064572e-02 1.662839999999999874e-01 8.295240805821119112e-02 6.803717781123330699e-02 8.295240805821119112e-02 1.552439999999999931e-01
1.560960000000000125e-01 7.609476870217328492e-02 7.531119962603947948e-02 7.609476870217328492e-02 1.662839999999999874e-01 8.782014009775082619e-02 7.531119962603947948e-02 8.782014009775082619e-02 1.552439999999999931e-01
1.560960000000000125e-01 8.279860626607697671e-02 8.456841552445278076e-02 8.279860626607697671e-02 1.662839999999999874e-01 1.006906205250052005e-01 8.456841552445278076e-02 1.006906205250052005e-01 1.552439999999999931e-01
1.560960000000000125e-01 9.374913148706887078e-02 8.863975759776977770e-02 9.374913148706887078e-02 1.662839999999999874e-01 1.020791602436112860e-01 8.863975759776977770e-02 1.020791602436112860e-01 1.552439999999999931e-01
1.560960000000000125e-01 1.010270606702216994e-01 9.625639369439123461e-02 1.010270606702216994e-01 1.662839999999999874e-01 1.097813761693369611e-01 9.625639369439123461e-02 1.097813761693369611e-01 1.552439999999999931e-01
1.560960000000000125e-01 1.079676617963505336e-01 1.024274207861359254e-01 1.079676617963505336e-01 1.662839999999999874e-01 1.185895170711187274e-01 1.024274207861359254e-01 1.185895170711187274e-01 1.552439999999999931e-01
1.560960000000000125e-01 1.107042614900029254e-01 1.058145787159106149e-01 1.107042614900029254e-01 1.662839999999999874e-01 1.279486813349576813e-01 1.058145787159106149e-01 1.279486813349576813e-01 1.552439999999999931e-01
1.560960000000000125e-01 1.164811535736830217e-01 1.156442772700368993e-01 1.164811535736830217e-01 1.662839999999999874e-01 1.394330481721188231e-01 1.156442772700368993e-01 1.394330481721188231e-01 1.552439999999999931e-01
1.560960000000000125e-01 1.251142019488804269e-01 1.235688095951340271e-01 1.251142019488804269e-01 1.662839999999999874e-01 1.467515996070150319e-01 1.235688095951340271e-01 1.467515996070150319e-01 1.552439999999999931e-01
1.560960000000000125e-01 1.286080000000000001e-01 1.239680000000000087e-01 1.286080000000000001e-01 1.662839999999999874e-01 1.473639999999999950e-01 1.239680000000000087e-01 1.473639999999999950e-01 1.552439999999999931e-01
c: 
2.362000000000000099e+00
2.520999999999999908e+00
2.902000000000000135e+00
