CDF: 
1.700000000000000122e-01 4.099999999999999756e-01 4.400000000000000022e-01 1.000000000000000000e+00
3.800000000000000044e-01 6.700000000000000400e-01 7.500000000000000000e-01 1.000000000000000000e+00
3.699999999999999956e-01 5.600000000000000533e-01 6.999999999999999556e-01 1.000000000000000000e+00
sigma: 
1.900000000000000022e-01 6.081575194143990903e-04 1.843389841119769503e-05 6.081575194143990903e-04 1.587999999999999690e-01 7.689729361613180988e-04 1.843389841119769503e-05 7.689729361613180988e-04 1.747640000000000027e-01
1.900000000000000022e-01 7.983199373924897840e-03 1.080282510826541600e-02 7.983199373924897840e-03 1.587999999999999690e-01 1.066884687720515493e-02 1.080282510826541600e-02 1.066884687720515493e-02 1.747640000000000027e-01
1.900000000000000022e-01 1.732340782423774303e-02 2.195982905239721172e-02 1.732340782423774303e-02 1.587999999999999690e-01 1.749307498434540808e-02 2.195982905239721172e-02 1.749307498434540808e-02 1.747640000000000027e-01
1.900000000000000022e-01 2.322299731085499322e-02 2.929013328205723118e-02 2.322299731085499322e-02 1.587999999999999690e-01 2.662969220017612909e-02 2.929013328205723118e-02 2.662969220017612909e-02 1.747640000000000027e-01
1.900000000000000022e-01 3.146688741187604610e-02 3.455962255891718848e-02 3.146688741187604610e-02 1.587999999999999690e-01 4.007418709286098002e-02 3.455962255891718848e-02 4.007418709286098002e-02 1.747640000000000027e-01
1.900000000000000022e-01 3.460915517434576261e-02 4.147752977157451865e-02 3.460915517434576261e-02 1.587999999999999690e-01 4.424787187670504995e-02 4.147752977157451865e-02 4.424787187670504995e-02 1.747640000000000027e-01
1.900000000000000022e-01 4.270822827269684513e-02 4.931773536947885866e-02 4.270822827269684513e-02 1.587999999999999690e-01 5.148204261590796221e-02 4.931773536947885866e-02 5.148204261590796221e-02 1.747640000000000027e-01
1.900000000000000022e-01 4.911734313748578745e-02 5.691376206771426444e-02 4.911734313748578745e-02 1.587999999999999690e-01 6.070773128672565799e-02 5.691376206771426444e-02 6.070773128672565799e-02 1.747640000000000027e-01
1.900000000000000022e-01 5.587944410564672781e-02 6.484540793572803052e-02 5.587944410564672781e-02 1.587999999999999690e-01 7.130283903321311956e-02 6.484540793572803052e-02 7.130283903321311956e-02 1.747640000000000027e-01
1.900000000000000022e-01 5.828257515625169527e-02 7.184992105379339744e-02 5.828257515625169527e-02 1.587999999999999690e-01 7.733895780951972887e-02 7.184992105379339744e-02 7.733895780951972887e-02 1.747640000000000027e-01
1.900000000000000022e-01 6.467720164431980945e-02 7.628414367218094849e-02 6.467720164431980945e-02 1.587999999999999690e-01 8.812442774619637376e-02 7.628414367218094849e-02 8.812442774619637376e-02 1.747640000000000027e-01
1.900000000000000022e-01 7.541664120317106978e-02 8.634896031285509144e-02 7.541664120317106978e-02 1.587999999999999690e-01 9.658104385344631893e-02 8.634896031285509144e-02 9.658104385344631893e-02 1.747640000000000027e-01
1.900000000000000022e-01 8.004109425661777577e-02 8.934538981876244401e-02 8.004109425661777577e-02 1.587999999999999690e-01 1.047448690685159195e-01 8.934538981876244401e-02 1.047448690685159195e-01 1.747640000000000027e-01
1.900000000000000022e-01 8.530482606937758727e-02 1.008499323716800650e-01 8.530482606937758727e-02 1.587999999999999690e-01 1.144475068768104759e-01 1.008499323716800650e-01 1.144475068768104759e-01 1.747640000000000027e-01
1.900000000000000022e-01 9.028461003691079512e-02 1.102978176185151482e-01 9.028461003691079512e-02 1.587999999999999690e-01 1.189000204288770263e-01 1.102978176185151482e-01 1.189000204288770263e-01 1.747640000000000027e-01
1.900000000000000022e-01 9.954404546864863146e-02 1.122064431963525899e-01 9.954404546864863146e-02 1.587999999999999690e-01 1.258920489022232192e-01 1.122064431963525899e-01 1.258920489022232192e-01 1.747640000000000027e-01
1.900000000000000022e-01 1.062436093575548773e-01 1.217843703966869223e-01 1.062436093575548773e-01 1.587999999999999690e-01 1.397463855653241771e-01 1.217843703966869223e-01 1.397463855653241771e-01 1.747640000000000027e-01
1.900000000000000022e-01 1.081618539589846578e-01 1.272030695998055128e-01 1.081618539589846578e-01 1.587999999999999690e-01 1.418486794402158413e-01 1.272030695998055128e-01 1.418486794402158413e-01 1.747640000000000027e-01
1.900000000000000022e-01 1.190256855697460758e-01 1.337137683372308927e-01 1.190256855697460758e-01 1.587999999999999690e-01 1.530168141109862212e-01 1.337137683372308927e-01 1.530168141109862212e-01 1.747640000000000027e-01
1.900000000000000022e-01 1.207999999999999907e-01 1.397200000000000109e-01 1.207999999999999907e-01 1.587999999999999690e-01 1.568399999999999794e-01 1.397200000000000109e-01 1.568399999999999794e-01 1.747640000000000027e-01
c: 
2.591000000000000192e+00
2.923999999999999932e+00
1.316000000000000059e+00
