CDF: 
1.100000000000000006e-01 5.999999999999999778e-01 7.700000000000000178e-01 1.000000000000000000e+00
1.600000000000000033e-01 6.099999999999999867e-01 6.400000000000000133e-01 1.000000000000000000e+00
4.400000000000000022e-01 5.200000000000000178e-01 7.199999999999999734e-01 1.000000000000000000e+00
sigma: 
1.199839999999999796e-01 3.138569771513975443e-03 3.746288043038148094e-03 3.138569771513975877e-03 1.693560000000000065e-01 6.868407322741775130e-03 3.746288043038148094e-03 6.868407322741775130e-03 1.738240000000000340e-01
1.199839999999999796e-01 1.047394041793056098e-02 8.121444696212419545e-03 1.047394041793056271e-02 1.693560000000000065e-01 1.070212915103342134e-02 8.121444696212419545e-03 1.070212915103342134e-02 1.738240000000000340e-01
1.199839999999999796e-01 1.843605079096629837e-02 1.849524355954332636e-02 1.843605079096630184e-02 1.693560000000000065e-01 2.300504172332009517e-02 1.849524355954332636e-02 2.300504172332009517e-02 1.738240000000000340e-01
1.199839999999999796e-01 2.084486099274908064e-02 2.195153733112341007e-02 2.084486099274908064e-02 1.693560000000000065e-01 2.971110761534793629e-02 2.195153733112341007e-02 2.971110761534793629e-02 1.738240000000000340e-01
1.199839999999999796e-01 2.832293023746954019e-02 2.735687804322468886e-02 2.832293023746954366e-02 1.693560000000000065e-01 4.029110943668694905e-02 2.735687804322468886e-02 4.029110943668694905e-02 1.738240000000000340e-01
1.199839999999999796e-01 3.437644839130059304e-02 3.429321989954065009e-02 3.437644839130059304e-02 1.693560000000000065e-01 4.822188634608383373e-02 3.429321989954065009e-02 4.822188634608383373e-02 1.738240000000000340e-01
1.199839999999999796e-01 4.208696361672741026e-02 4.613276086764799000e-02 4.208696361672741026e-02 1.693560000000000065e-01 5.639658402328282666e-02 4.613276086764799000e-02 5.639658402328282666e-02 1.738240000000000340e-01
1.199839999999999796e-01 5.138453445522874613e-02 5.178948048058380771e-02 5.138453445522874613e-02 1.693560000000000065e-01 6.421593755756536959e-02 5.178948048058380771e-02 6.421593755756536959e-02 1.738240000000000340e-01
1.199839999999999796e-01 5.307541066507377725e-02 5.629046453036524317e-02 5.307541066507378419e-02 1.693560000000000065e-01 6.872903519415025919e-02 5.629046453036524317e-02 6.872903519415025919e-02 1.738240000000000340e-01
1.199839999999999796e-01 6.118737030793648668e-02 6.470284845130108708e-02 6.118737030793649362e-02 1.693560000000000065e-01 7.316999421370531942e-02 6.470284845130108708e-02 7.316999421370531942e-02 1.738240000000000340e-01
1.199839999999999796e-01 6.461090130260641051e-02 6.962819504213137167e-02 6.461090130260642439e-02 1.693560000000000065e-01 8.184794235497967752e-02 6.962819504213137167e-02 8.184794235497967752e-02 1.738240000000000340e-01
1.199839999999999796e-01 7.364409104783925519e-02 7.602528742090440550e-02 7.364409104783926907e-02 1.693560000000000065e-01 9.029153078124359244e-02 7.602528742090440550e-02 9.029153078124359244e-02 1.738240000000000340e-01
1.199839999999999796e-01 7.899939345173251359e-02 8.422652441014098768e-02 7.899939345173251359e-02 1.693560000000000065e-01 9.933032843646595611e-02 8.422652441014098768e-02 9.933032843646595611e-02 1.738240000000000340e-01
1.199839999999999796e-01 8.800995122373805879e-02 9.226286460576085813e-02 8.800995122373807267e-02 1.693560000000000065e-01 1.124693852841815861e-01 9.226286460576085813e-02 1.124693852841815861e-01 1.738240000000000340e-01
1.199839999999999796e-01 9.622137598455587915e-02 9.622190784608267156e-02 9.622137598455589302e-02 1.693560000000000065e-01 1.139990548146728871e-01 9.622190784608267156e-02 1.139990548146728871e-01 1.738240000000000340e-01
1.199839999999999796e-01 1.023001315396361161e-01 1.065983629192347876e-01 1.023001315396361299e-01 1.693560000000000065e-01 1.254947477821946045e-01 1.065983629192347876e-01 1.254947477821946045e-01 1.738240000000000340e-01
1.199839999999999796e-01 1.063843306189852650e-01 1.135221666272205471e-01 1.063843306189852789e-01 1.693560000000000065e-01 1.372053609652739981e-01 1.135221666272205471e-01 1.372053609652739981e-01 1.738240000000000340e-01
1.199839999999999796e-01 1.097487246339824418e-01 1.226736820023987679e-01 1.097487246339824557e-01 1.693560000000000065e-01 1.418581046137042945e-01 1.226736820023987679e-01 1.418581046137042945e-01 1.738240000000000340e-01
1.199839999999999796e-01 1.203051966215724355e-01 1.257165011198234372e-01 1.203051966215724494e-01 1.693560000000000065e-01 1.516167436615862285e-01 1.257165011198234372e-01 1.516167436615862285e-01 1.738240000000000340e-01
1.199839999999999796e-01 1.222479999999999817e-01 1.299040000000000195e-01 1.222479999999999956e-01 1.693560000000000065e-01 1.534879999999999856e-01 1.299040000000000195e-01 1.534879999999999856e-01 1.738240000000000340e-01
c: 
1.564999999999999947e+00
1.824999999999999956e+00
2.910000000000000142e+00
