CDF: 
1.199999999999999956e-01 4.000000000000000222e-01 7.700000000000000178e-01 1.000000000000000000e+00
3.300000000000000155e-01 7.500000000000000000e-01 7.900000000000000355e-01 1.000000000000000000e+00
1.000000000000000056e-01 3.400000000000000244e-01 3.800000000000000044e-01 1.000000000000000000e+00
sigma: 
1.299389999999999989e-01 1.027841689634756894e-03 2.526408045239961469e-03 1.027841689634756894e-03 1.481040000000000134e-01 1.723551902819105098e-03 2.526408045239961469e-03 1.723551902819105098e-03 1.956639999999999768e-01
1.299389999999999989e-01 1.118690169687246855e-02 9.532436971583306898e-03 1.118690169687246855e-02 1.481040000000000134e-01 5.117042256256412389e-03 9.532436971583306898e-03 5.117042256256412389e-03 1.956639999999999768e-01
1.299389999999999989e-01 1.480015242820772146e-02 1.346290738316244587e-02 1.480015242820772146e-02 1.481040000000000134e-01 1.325399470087726753e-02 1.346290738316244587e-02 1.325399470087726753e-02 1.956639999999999768e-01
1.299389999999999989e-01 2.583810729510619894e-02 1.807090720025358171e-02 2.583810729510619894e-02 1.481040000000000134e-01 1.428087359175304015e-02 1.807090720025358171e-02 1.428087359175304015e-02 1.956639999999999768e-01
1.299389999999999989e-01 2.984357047803223167e-02 2.435131852325349983e-02 2.984357047803223167e-02 1.481040000000000134e-01 1.845753402420124631e-02 2.435131852325349983e-02 1.845753402420124631e-02 1.956639999999999768e-01
1.299389999999999989e-01 3.701860704053815815e-02 2.806661403056302101e-02 3.701860704053815815e-02 1.481040000000000134e-01 2.358918620991717202e-02 2.806661403056302101e-02 2.358918620991717202e-02 1.956639999999999768e-01
1.299389999999999989e-01 4.833815109620533124e-02 3.796237474901289349e-02 4.833815109620533124e-02 1.481040000000000134e-01 2.828153651361269699e-02 3.796237474901289349e-02 2.828153651361269699e-02 1.956639999999999768e-01
1.299389999999999989e-01 4.975796230280545018e-02 4.236238745577439180e-02 4.975796230280545018e-02 1.481040000000000134e-01 3.375166042489333856e-02 4.236238745577439180e-02 3.375166042489333856e-02 1.956639999999999768e-01
1.299389999999999989e-01 6.023306760339165039e-02 4.723702470916830293e-02 6.023306760339165039e-02 1.481040000000000134e-01 4.021145981799083974e-02 4.723702470916830293e-02 4.021145981799083974e-02 1.956639999999999768e-01
1.299389999999999989e-01 6.419021516874312550e-02 5.324683005886326342e-02 6.419021516874312550e-02 1.481040000000000134e-01 4.547518322582388972e-02 5.324683005886326342e-02 4.547518322582388972e-02 1.956639999999999768e-01
1.299389999999999989e-01 7.173062431896072566e-02 5.498827037538469437e-02 7.173062431896072566e-02 1.481040000000000134e-01 4.617811684771637448e-02 5.498827037538469437e-02 4.617811684771637448e-02 1.956639999999999768e-01
1.299389999999999989e-01 8.187452195940464472e-02 6.489832882921880985e-02 8.187452195940464472e-02 1.481040000000000134e-01 5.092211945452592564e-02 6.489832882921880985e-02 5.092211945452592564e-02 1.956639999999999768e-01
1.299389999999999989e-01 8.418985503267613357e-02 6.946430331407336956e-02 8.418985503267613357e-02 1.481040000000000134e-01 5.859588819577126600e-02 6.946430331407336956e-02 5.859588819577126600e-02 1.956639999999999768e-01
1.299389999999999989e-01 9.056401794561801111e-02 7.642119872080829768e-02 9.056401794561801111e-02 1.481040000000000134e-01 6.228108545157128723e-02 7.642119872080829768e-02 6.228108545157128723e-02 1.956639999999999768e-01
1.299389999999999989e-01 1.003318780883050293e-01 7.957348230762208152e-02 1.003318780883050293e-01 1.481040000000000134e-01 6.725468543597459825e-02 7.957348230762208152e-02 6.725468543597459825e-02 1.956639999999999768e-01
1.299389999999999989e-01 1.090220099090047495e-01 8.600382062975177322e-02 1.090220099090047495e-01 1.481040000000000134e-01 7.033737696162388475e-02 8.600382062975177322e-02 7.033737696162388475e-02 1.956639999999999768e-01
1.299389999999999989e-01 1.116618204854078616e-01 9.207601959058586694e-02 1.116618204854078616e-01 1.481040000000000134e-01 7.697102621181688142e-02 9.207601959058586694e-02 7.697102621181688142e-02 1.956639999999999768e-01
1.299389999999999989e-01 1.192326244603663515e-01 9.359341014487035371e-02 1.192326244603663515e-01 1.481040000000000134e-01 8.094836549355849398e-02 9.359341014487035371e-02 8.094836549355849398e-02 1.956639999999999768e-01
1.299389999999999989e-01 1.292159840041462171e-01 1.031029327672099566e-01 1.292159840041462171e-01 1.481040000000000134e-01 8.579394333566260633e-02 1.031029327672099566e-01 8.579394333566260633e-02 1.956639999999999768e-01
1.299389999999999989e-01 1.315840000000000065e-01 1.043360000000000121e-01 1.315840000000000065e-01 1.481040000000000134e-01 8.711599999999999899e-02 1.043360000000000121e-01 8.711599999999999899e-02 1.956639999999999768e-01
c: 
2.818000000000000060e+00
2.923999999999999932e+00
1.068999999999999950e+00
