CDF: 
3.099999999999999978e-01 7.800000000000000266e-01 7.900000000000000355e-01 1.000000000000000000e+00
4.799999999999999822e-01 8.399999999999999689e-01 9.300000000000000488e-01 1.000000000000000000e+00
1.900000000000000022e-01 3.499999999999999778e-01 5.000000000000000000e-01 1.000000000000000000e+00
sigma: 
1.355359999999999898e-01 3.764741926390947294e-03 4.157348647756016306e-03 3.764741926390947294e-03 6.711600000000000898e-02 8.997296822732104129e-04 4.157348647756016306e-03 8.997296822732104129e-04 1.799359999999999848e-01
1.355359999999999898e-01 4.794786978902702487e-03 6.060294510790192185e-03 4.794786978902702487e-03 6.711600000000000898e-02 4.676290462690754247e-03 6.060294510790192185e-03 4.676290462690754247e-03 1.799359999999999848e-01
1.355359999999999898e-01 8.110579218539519519e-03 1.564220729890157535e-02 8.110579218539519519e-03 6.711600000000000898e-02 8.800402794359597769e-03 1.564220729890157535e-02 8.800402794359597769e-03 1.799359999999999848e-01
1.355359999999999898e-01 1.333427716418451002e-02 1.776109189469212216e-02 1.333427716418451002e-02 6.711600000000000898e-02 1.422300237351585388e-02 1.776109189469212216e-02 1.422300237351585388e-02 1.799359999999999848e-01
1.355359999999999898e-01 1.754915975478690826e-02 2.153476742896979698e-02 1.754915975478690826e-02 6.711600000000000898e-02 1.504349032785460595e-02 2.153476742896979698e-02 1.504349032785460595e-02 1.799359999999999848e-01
1.355359999999999898e-01 2.334552415346575691e-02 2.830798831269664556e-02 2.334552415346575691e-02 6.711600000000000898e-02 1.854038005337974374e-02 2.830798831269664556e-02 1.854038005337974374e-02 1.799359999999999848e-01
1.355359999999999898e-01 2.502292238308786304e-02 3.421121972731742955e-02 2.502292238308786304e-02 6.711600000000000898e-02 2.301691116281614352e-02 3.421121972731742955e-02 2.301691116281614352e-02 1.799359999999999848e-01
1.355359999999999898e-01 3.021827134339203150e-02 3.980265876986201906e-02 3.021827134339203150e-02 6.711600000000000898e-02 2.661702627742418975e-02 3.980265876986201906e-02 2.661702627742418975e-02 1.799359999999999848e-01
1.355359999999999898e-01 3.410987752083974311e-02 4.483411859091652324e-02 3.410987752083974311e-02 6.711600000000000898e-02 3.151739815011986995e-02 4.483411859091652324e-02 3.151739815011986995e-02 1.799359999999999848e-01
1.355359999999999898e-01 3.805817733322539725e-02 5.237760680197508373e-02 3.805817733322539725e-02 6.711600000000000898e-02 3.647771212534545865e-02 5.237760680197508373e-02 3.647771212534545865e-02 1.799359999999999848e-01
1.355359999999999898e-01 3.905031635528823097e-02 5.785131029103297851e-02 3.905031635528823097e-02 6.711600000000000898e-02 4.015855429382358260e-02 5.785131029103297851e-02 4.015855429382358260e-02 1.799359999999999848e-01
1.355359999999999898e-01 4.332293572022920952e-02 6.072787229319936281e-02 4.332293572022920952e-02 6.711600000000000898e-02 4.151603638323469320e-02 6.072787229319936281e-02 4.151603638323469320e-02 1.799359999999999848e-01
1.355359999999999898e-01 5.031882179105957864e-02 6.740393258325139136e-02 5.031882179105957864e-02 6.711600000000000898e-02 4.511892508950086922e-02 6.740393258325139136e-02 4.511892508950086922e-02 1.799359999999999848e-01
1.355359999999999898e-01 5.261838198964298441e-02 6.995253182131827563e-02 5.261838198964298441e-02 6.711600000000000898e-02 5.060051776395658313e-02 6.995253182131827563e-02 5.060051776395658313e-02 1.799359999999999848e-01
1.355359999999999898e-01 5.763826021829750179e-02 7.469434914038793061e-02 5.763826021829750179e-02 6.711600000000000898e-02 5.543868673140577019e-02 7.469434914038793061e-02 5.543868673140577019e-02 1.799359999999999848e-01
1.355359999999999898e-01 6.067439266626314248e-02 8.449019413646521870e-02 6.067439266626314248e-02 6.711600000000000898e-02 5.768822408600976503e-02 8.449019413646521870e-02 5.768822408600976503e-02 1.799359999999999848e-01
1.355359999999999898e-01 6.527986907984630049e-02 8.914823185801992733e-02 6.527986907984630049e-02 6.711600000000000898e-02 6.161607994987563369e-02 8.914823185801992733e-02 6.161607994987563369e-02 1.799359999999999848e-01
1.355359999999999898e-01 6.776679028238868918e-02 9.552830634901651741e-02 6.776679028238868918e-02 6.711600000000000898e-02 6.297487673445895107e-02 9.552830634901651741e-02 6.297487673445895107e-02 1.799359999999999848e-01
1.355359999999999898e-01 7.226286276215197757e-02 1.009345177650899233e-01 7.226286276215197757e-02 6.711600000000000898e-02 7.021243116175532317e-02 1.009345177650899233e-01 7.021243116175532317e-02 1.799359999999999848e-01
1.355359999999999898e-01 7.397600000000000009e-02 1.012639999999999929e-01 7.397600000000000009e-02 6.711600000000000898e-02 7.022400000000000864e-02 1.012639999999999929e-01 7.022400000000000864e-02 1.799359999999999848e-01
c: 
1.239999999999999991e+00
2.771999999999999797e+00
2.400999999999999801e+00
