CDF: 
2.800000000000000266e-01 4.099999999999999756e-01 4.899999999999999911e-01 1.000000000000000000e+00
8.000000000000000167e-02 8.999999999999999667e-02 4.799999999999999822e-01 1.000000000000000000e+00
1.300000000000000044e-01 5.400000000000000355e-01 7.299999999999999822e-01 1.000000000000000000e+00
sigma: 
2.192910000000000137e-01 4.776354407447687585e-03 7.132247915847105815e-04 4.776354407447687585e-03 1.481560000000000099e-01 3.608240626289443889e-03 7.132247915847105815e-04 3.608240626289443889e-03 1.557760000000000256e-01
2.192910000000000137e-01 1.082409549654361931e-02 1.018652956226577533e-02 1.082409549654361931e-02 1.481560000000000099e-01 5.997848204407811926e-03 1.018652956226577533e-02 5.997848204407811926e-03 1.557760000000000256e-01
2.192910000000000137e-01 2.731359319128206023e-02 1.986968609590920518e-02 2.731359319128206023e-02 1.481560000000000099e-01 1.491610940575986005e-02 1.986968609590920518e-02 1.491610940575986005e-02 1.557760000000000256e-01
2.192910000000000137e-01 3.476373927849848305e-02 2.749217630717062238e-02 3.476373927849848305e-02 1.481560000000000099e-01 1.719525996486575420e-02 2.749217630717062238e-02 1.719525996486575420e-02 1.557760000000000256e-01
2.192910000000000137e-01 4.133018914482293471e-02 2.872574623765234564e-02 4.133018914482293471e-02 1.481560000000000099e-01 2.379872462226332100e-02 2.872574623765234564e-02 2.379872462226332100e-02 1.557760000000000256e-01
2.192910000000000137e-01 5.321587822074718560e-02 3.994755748299835818e-02 5.321587822074718560e-02 1.481560000000000099e-01 3.264636539187591724e-02 3.994755748299835818e-02 3.264636539187591724e-02 1.557760000000000256e-01
2.192910000000000137e-01 5.548353401168792942e-02 4.494155047553811261e-02 5.548353401168792942e-02 1.481560000000000099e-01 3.992110834357581739e-02 4.494155047553811261e-02 3.992110834357581739e-02 1.557760000000000256e-01
2.192910000000000137e-01 6.614886402093919648e-02 5.539862160559805987e-02 6.614886402093919648e-02 1.481560000000000099e-01 4.047799672587021336e-02 5.539862160559805987e-02 4.047799672587021336e-02 1.557760000000000256e-01
2.192910000000000137e-01 7.417828735731947509e-02 5.993946408132494463e-02 7.417828735731947509e-02 1.481560000000000099e-01 5.139643981384881682e-02 5.993946408132494463e-02 5.139643981384881682e-02 1.557760000000000256e-01
2.192910000000000137e-01 8.792141648967893852e-02 6.955934380726966348e-02 8.792141648967893852e-02 1.481560000000000099e-01 5.384189405873018863e-02 6.955934380726966348e-02 5.384189405873018863e-02 1.557760000000000256e-01
2.192910000000000137e-01 9.262188801630373558e-02 7.317703815772669262e-02 9.262188801630373558e-02 1.481560000000000099e-01 6.240947076169691549e-02 7.317703815772669262e-02 6.240947076169691549e-02 1.557760000000000256e-01
2.192910000000000137e-01 1.055961890930716129e-01 8.112392240671092991e-02 1.055961890930716129e-01 1.481560000000000099e-01 6.762669584815607371e-02 8.112392240671092991e-02 6.762669584815607371e-02 1.557760000000000256e-01
2.192910000000000137e-01 1.161903205884036311e-01 8.688670847059379310e-02 1.161903205884036311e-01 1.481560000000000099e-01 6.873104873580408725e-02 8.688670847059379310e-02 6.873104873580408725e-02 1.557760000000000256e-01
2.192910000000000137e-01 1.232674528880410569e-01 9.749832894426747887e-02 1.232674528880410569e-01 1.481560000000000099e-01 7.468290134218592835e-02 9.749832894426747887e-02 7.468290134218592835e-02 1.557760000000000256e-01
2.192910000000000137e-01 1.334550242799269482e-01 1.007742347015400525e-01 1.334550242799269482e-01 1.481560000000000099e-01 8.549267793178723374e-02 1.007742347015400525e-01 8.549267793178723374e-02 1.557760000000000256e-01
2.192910000000000137e-01 1.464338015215805866e-01 1.102784164071994311e-01 1.464338015215805866e-01 1.481560000000000099e-01 8.875761469240074641e-02 1.102784164071994311e-01 8.875761469240074641e-02 1.557760000000000256e-01
2.192910000000000137e-01 1.550340278413698536e-01 1.172279081146789803e-01 1.550340278413698536e-01 1.481560000000000099e-01 9.464877754613297556e-02 1.172279081146789803e-01 9.464877754613297556e-02 1.557760000000000256e-01
2.192910000000000137e-01 1.630228654741875394e-01 1.246180618397749046e-01 1.630228654741875394e-01 1.481560000000000099e-01 9.981063480008410538e-02 1.246180618397749046e-01 9.981063480008410538e-02 1.557760000000000256e-01
2.192910000000000137e-01 1.741919387162754462e-01 1.277271497142614398e-01 1.741919387162754462e-01 1.481560000000000099e-01 1.031953444286794613e-01 1.277271497142614398e-01 1.031953444286794613e-01 1.557760000000000256e-01
2.192910000000000137e-01 1.742140000000000077e-01 1.344040000000000235e-01 1.742140000000000077e-01 1.481560000000000099e-01 1.087160000000000071e-01 1.344040000000000235e-01 1.087160000000000071e-01 1.557760000000000256e-01
c: 
1.905000000000000027e+00
1.094000000000000083e+00
1.572999999999999954e+00
