CDF: 
1.300000000000000044e-01 1.600000000000000033e-01 5.200000000000000178e-01 1.000000000000000000e+00
1.000000000000000056e-01 1.100000000000000006e-01 3.599999999999999867e-01 1.000000000000000000e+00
8.000000000000000167e-02 3.300000000000000155e-01 4.099999999999999756e-01 1.000000000000000000e+00
sigma: 
1.634189999999999809e-01 4.656079727344357086e-03 6.911788197993105507e-04 4.656079727344357086e-03 1.499440000000000217e-01 4.550476250427139442e-03 6.911788197993105507e-04 4.550476250427139442e-03 1.913790000000000213e-01
1.634189999999999809e-01 1.161985307254508569e-02 1.337905932486936275e-02 1.161985307254508569e-02 1.499440000000000217e-01 1.484973976418401710e-02 1.337905932486936275e-02 1.484973976418401710e-02 1.913790000000000213e-01
1.634189999999999809e-01 1.517578033915393219e-02 1.687312431052640643e-02 1.517578033915393219e-02 1.499440000000000217e-01 1.891287111621827235e-02 1.687312431052640643e-02 1.891287111621827235e-02 1.913790000000000213e-01
1.634189999999999809e-01 2.538172158564698869e-02 2.867869147042196448e-02 2.538172158564698869e-02 1.499440000000000217e-01 3.118757312906879353e-02 2.867869147042196448e-02 3.118757312906879353e-02 1.913790000000000213e-01
1.634189999999999809e-01 3.156344786845250577e-02 3.675312445645439324e-02 3.156344786845250577e-02 1.499440000000000217e-01 3.879256567159855562e-02 3.675312445645439324e-02 3.879256567159855562e-02 1.913790000000000213e-01
1.634189999999999809e-01 3.484445085033568285e-02 4.032658455512587448e-02 3.484445085033568285e-02 1.499440000000000217e-01 4.399532631600563959e-02 4.032658455512587448e-02 4.399532631600563959e-02 1.913790000000000213e-01
1.634189999999999809e-01 4.446290120944629276e-02 5.206545643596951350e-02 4.446290120944629276e-02 1.499440000000000217e-01 5.749889205037916895e-02 5.206545643596951350e-02 5.749889205037916895e-02 1.913790000000000213e-01
1.634189999999999809e-01 5.093174111626587452e-02 5.573439043686854999e-02 5.093174111626587452e-02 1.499440000000000217e-01 5.904787496990675233e-02 5.573439043686854999e-02 5.904787496990675233e-02 1.913790000000000213e-01
1.634189999999999809e-01 5.438190708615145419e-02 6.671603697856734461e-02 5.438190708615145419e-02 1.499440000000000217e-01 6.712990073846074324e-02 6.671603697856734461e-02 6.712990073846074324e-02 1.913790000000000213e-01
1.634189999999999809e-01 6.186319566604800424e-02 7.645470533553712367e-02 6.186319566604800424e-02 1.499440000000000217e-01 7.531510970699889507e-02 7.645470533553712367e-02 7.531510970699889507e-02 1.913790000000000213e-01
1.634189999999999809e-01 6.911093328335646269e-02 8.049905610183867577e-02 6.911093328335646269e-02 1.499440000000000217e-01 8.655847002517715050e-02 8.049905610183867577e-02 8.655847002517715050e-02 1.913790000000000213e-01
1.634189999999999809e-01 7.229068983693910655e-02 9.103172032698146621e-02 7.229068983693910655e-02 1.499440000000000217e-01 9.090047852115143434e-02 9.103172032698146621e-02 9.090047852115143434e-02 1.913790000000000213e-01
1.634189999999999809e-01 8.425201022058015354e-02 9.666718634317336689e-02 8.425201022058015354e-02 1.499440000000000217e-01 1.017579565543296344e-01 9.666718634317336689e-02 1.017579565543296344e-01 1.913790000000000213e-01
1.634189999999999809e-01 8.520406247581722992e-02 1.076403886651200875e-01 8.520406247581722992e-02 1.499440000000000217e-01 1.110800038430098807e-01 1.076403886651200875e-01 1.110800038430098807e-01 1.913790000000000213e-01
1.634189999999999809e-01 9.592497909386910049e-02 1.139634764107715637e-01 9.592497909386910049e-02 1.499440000000000217e-01 1.220223030971612638e-01 1.139634764107715637e-01 1.220223030971612638e-01 1.913790000000000213e-01
1.634189999999999809e-01 1.017637147826885025e-01 1.238709140270939507e-01 1.017637147826885025e-01 1.499440000000000217e-01 1.279201909185845309e-01 1.238709140270939507e-01 1.279201909185845309e-01 1.913790000000000213e-01
1.634189999999999809e-01 1.070148415716124513e-01 1.267625174361411977e-01 1.070148415716124513e-01 1.499440000000000217e-01 1.336565300962744840e-01 1.267625174361411977e-01 1.336565300962744840e-01 1.913790000000000213e-01
1.634189999999999809e-01 1.160787234812297036e-01 1.376173199602371555e-01 1.160787234812297036e-01 1.499440000000000217e-01 1.405123129215291311e-01 1.376173199602371555e-01 1.405123129215291311e-01 1.913790000000000213e-01
1.634189999999999809e-01 1.185737510589845306e-01 1.428504986256816656e-01 1.185737510589845306e-01 1.499440000000000217e-01 1.567323155857330563e-01 1.428504986256816656e-01 1.567323155857330563e-01 1.913790000000000213e-01
1.634189999999999809e-01 1.237439999999999929e-01 1.479509999999999992e-01 1.237439999999999929e-01 1.499440000000000217e-01 1.568760000000000154e-01 1.479509999999999992e-01 1.568760000000000154e-01 1.913790000000000213e-01
c: 
2.976999999999999869e+00
1.909999999999999920e+00
2.685000000000000053e+00
