CDF: 
3.699999999999999956e-01 5.899999999999999689e-01 7.099999999999999645e-01 1.000000000000000000e+00
1.700000000000000122e-01 2.399999999999999911e-01 4.600000000000000200e-01 1.000000000000000000e+00
7.000000000000000666e-02 4.299999999999999933e-01 7.299999999999999822e-01 1.000000000000000000e+00
sigma: 
1.818960000000000021e-01 6.315623540013194995e-03 7.819386326933573314e-03 6.315623540013194995e-03 1.847310000000000063e-01 3.151765717401635875e-03 7.819386326933573314e-03 3.151765717401635875e-03 1.437840000000000229e-01
1.818960000000000021e-01 1.014262992815515539e-02 1.000641436264664876e-02 1.014262992815515539e-02 1.847310000000000063e-01 6.272184985906562212e-03 1.000641436264664876e-02 6.272184985906562212e-03 1.437840000000000229e-01
1.818960000000000021e-01 1.965953004797010156e-02 1.671493204540688837e-02 1.965953004797010156e-02 1.847310000000000063e-01 1.527903090466165535e-02 1.671493204540688837e-02 1.527903090466165362e-02 1.437840000000000229e-01
1.818960000000000021e-01 2.526637002200113682e-02 3.033333156363836672e-02 2.526637002200113682e-02 1.847310000000000063e-01 2.275329230887454882e-02 3.033333156363836672e-02 2.275329230887454535e-02 1.437840000000000229e-01
1.818960000000000021e-01 2.777925610534028728e-02 3.824545658999036618e-02 2.777925610534028728e-02 1.847310000000000063e-01 2.626709336895639499e-02 3.824545658999036618e-02 2.626709336895639152e-02 1.437840000000000229e-01
1.818960000000000021e-01 3.693226812873365295e-02 4.548783208813443613e-02 3.693226812873365295e-02 1.847310000000000063e-01 3.130224638689289157e-02 4.548783208813443613e-02 3.130224638689289157e-02 1.437840000000000229e-01
1.818960000000000021e-01 4.615414675585383097e-02 4.898272788672898559e-02 4.615414675585383097e-02 1.847310000000000063e-01 4.086991875545713249e-02 4.898272788672898559e-02 4.086991875545713249e-02 1.437840000000000229e-01
1.818960000000000021e-01 5.054745500757320403e-02 5.990126329108420161e-02 5.054745500757320403e-02 1.847310000000000063e-01 4.873979331048823582e-02 5.990126329108420161e-02 4.873979331048822888e-02 1.437840000000000229e-01
1.818960000000000021e-01 5.645723981222651455e-02 6.840209208197298163e-02 5.645723981222651455e-02 1.847310000000000063e-01 5.171698726077956360e-02 6.840209208197298163e-02 5.171698726077955666e-02 1.437840000000000229e-01
1.818960000000000021e-01 6.668239385578053624e-02 7.942538851495314911e-02 6.668239385578053624e-02 1.847310000000000063e-01 5.631052538681582259e-02 7.942538851495314911e-02 5.631052538681581565e-02 1.437840000000000229e-01
1.818960000000000021e-01 7.415498901399643350e-02 8.716379717298625152e-02 7.415498901399643350e-02 1.847310000000000063e-01 6.307542314288062946e-02 8.716379717298625152e-02 6.307542314288061558e-02 1.437840000000000229e-01
1.818960000000000021e-01 7.955510636958269821e-02 9.078523359289653039e-02 7.955510636958269821e-02 1.847310000000000063e-01 7.054171553558721830e-02 9.078523359289653039e-02 7.054171553558720442e-02 1.437840000000000229e-01
1.818960000000000021e-01 8.685307879267738229e-02 1.006948333881760166e-01 8.685307879267738229e-02 1.847310000000000063e-01 7.655219747774129335e-02 1.006948333881760166e-01 7.655219747774127947e-02 1.437840000000000229e-01
1.818960000000000021e-01 8.982305279718033608e-02 1.116618137776428377e-01 8.982305279718033608e-02 1.847310000000000063e-01 8.570848073301820524e-02 1.116618137776428377e-01 8.570848073301820524e-02 1.437840000000000229e-01
1.818960000000000021e-01 9.478091269587146650e-02 1.175599735987595262e-01 9.478091269587146650e-02 1.847310000000000063e-01 9.132367237657415537e-02 1.175599735987595262e-01 9.132367237657414150e-02 1.437840000000000229e-01
1.818960000000000021e-01 1.052444060115099028e-01 1.239631192545243427e-01 1.052444060115099028e-01 1.847310000000000063e-01 9.549446986917539681e-02 1.239631192545243427e-01 9.549446986917539681e-02 1.437840000000000229e-01
1.818960000000000021e-01 1.138249991954460028e-01 1.335914632387402434e-01 1.138249991954460028e-01 1.847310000000000063e-01 9.897120486335668488e-02 1.335914632387402434e-01 9.897120486335667100e-02 1.437840000000000229e-01
1.818960000000000021e-01 1.149870918547307858e-01 1.446728243927878632e-01 1.149870918547307858e-01 1.847310000000000063e-01 1.083536066795255243e-01 1.446728243927878632e-01 1.083536066795255104e-01 1.437840000000000229e-01
1.818960000000000021e-01 1.248859525728716613e-01 1.522516737605318915e-01 1.248859525728716613e-01 1.847310000000000063e-01 1.143641111562561236e-01 1.522516737605318915e-01 1.143641111562561097e-01 1.437840000000000229e-01
1.818960000000000021e-01 1.283760000000000179e-01 1.543920000000000292e-01 1.283760000000000179e-01 1.847310000000000063e-01 1.173520000000000257e-01 1.543920000000000292e-01 1.173520000000000119e-01 1.437840000000000229e-01
c: 
1.338000000000000078e+00
2.870000000000000107e+00
1.641000000000000014e+00
