CDF: 
1.600000000000000033e-01 3.499999999999999778e-01 4.600000000000000200e-01 1.000000000000000000e+00
2.000000000000000111e-01 3.400000000000000244e-01 8.000000000000000444e-01 1.000000000000000000e+00
3.099999999999999978e-01 3.300000000000000155e-01 8.199999999999999512e-01 1.000000000000000000e+00
sigma: 
1.783160000000000300e-01 1.389601830748940199e-03 5.309515930365321136e-03 1.389601830748940199e-03 1.094559999999999977e-01 1.937422797908031156e-03 5.309515930365321136e-03 1.937422797908031156e-03 1.147999999999999854e-01
1.783160000000000300e-01 9.850297026103132722e-03 1.125752818696135020e-02 9.850297026103132722e-03 1.094559999999999977e-01 9.772114943419139832e-03 1.125752818696135020e-02 9.772114943419139832e-03 1.147999999999999854e-01
1.783160000000000300e-01 1.616759688938541537e-02 1.587945738337744744e-02 1.616759688938541537e-02 1.094559999999999977e-01 1.628135421269731598e-02 1.587945738337744744e-02 1.628135421269731598e-02 1.147999999999999854e-01
1.783160000000000300e-01 1.796710709337367984e-02 1.812392803456964671e-02 1.796710709337367984e-02 1.094559999999999977e-01 1.972168441670637748e-02 1.812392803456964671e-02 1.972168441670637748e-02 1.147999999999999854e-01
1.783160000000000300e-01 2.721525649313542849e-02 2.501843147029752384e-02 2.721525649313542849e-02 1.094559999999999977e-01 2.318887261743305186e-02 2.501843147029752384e-02 2.318887261743305186e-02 1.147999999999999854e-01
1.783160000000000300e-01 3.198463441557707759e-02 2.878870644726839664e-02 3.198463441557707759e-02 1.094559999999999977e-01 2.875164436583093133e-02 2.878870644726839664e-02 2.875164436583093133e-02 1.147999999999999854e-01
1.783160000000000300e-01 3.708581466813962862e-02 3.529730766336505038e-02 3.708581466813962862e-02 1.094559999999999977e-01 3.652524507108013962e-02 3.529730766336505038e-02 3.652524507108013962e-02 1.147999999999999854e-01
1.783160000000000300e-01 3.990061464149875087e-02 4.190897270432476091e-02 3.990061464149875087e-02 1.094559999999999977e-01 4.134906051142260563e-02 4.190897270432476091e-02 4.134906051142260563e-02 1.147999999999999854e-01
1.783160000000000300e-01 4.445974141900763815e-02 4.973498281901540113e-02 4.445974141900763815e-02 1.094559999999999977e-01 4.711878774929061098e-02 4.973498281901540113e-02 4.711878774929061098e-02 1.147999999999999854e-01
1.783160000000000300e-01 4.947058813039027780e-02 5.292486254741612245e-02 4.947058813039027780e-02 1.094559999999999977e-01 5.430875104729257496e-02 5.292486254741612245e-02 5.430875104729257496e-02 1.147999999999999854e-01
1.783160000000000300e-01 5.578157845538368048e-02 6.032625117224417466e-02 5.578157845538368048e-02 1.094559999999999977e-01 6.140541807135072722e-02 6.032625117224417466e-02 6.140541807135072722e-02 1.147999999999999854e-01
1.783160000000000300e-01 6.252985337976757485e-02 6.761671499708324373e-02 6.252985337976757485e-02 1.094559999999999977e-01 6.662298276222243520e-02 6.761671499708324373e-02 6.662298276222243520e-02 1.147999999999999854e-01
1.783160000000000300e-01 6.796442260713446426e-02 6.953591543910228601e-02 6.796442260713446426e-02 1.094559999999999977e-01 6.855509424721685507e-02 6.953591543910228601e-02 6.855509424721685507e-02 1.147999999999999854e-01
1.783160000000000300e-01 7.629103750349980340e-02 7.470485135673486654e-02 7.629103750349980340e-02 1.094559999999999977e-01 7.816646086328582488e-02 7.470485135673486654e-02 7.816646086328582488e-02 1.147999999999999854e-01
1.783160000000000300e-01 7.738596882877916971e-02 8.125853059090930308e-02 7.738596882877916971e-02 1.094559999999999977e-01 8.175939541021362555e-02 8.125853059090930308e-02 8.175939541021362555e-02 1.147999999999999854e-01
1.783160000000000300e-01 8.629593986916635207e-02 8.841653261198995084e-02 8.629593986916635207e-02 1.094559999999999977e-01 8.535443199429566807e-02 8.841653261198995084e-02 8.535443199429566807e-02 1.147999999999999854e-01
1.783160000000000300e-01 9.032706533184578501e-02 9.594289905236758065e-02 9.032706533184578501e-02 1.094559999999999977e-01 9.327857128254439523e-02 9.594289905236758065e-02 9.327857128254439523e-02 1.147999999999999854e-01
1.783160000000000300e-01 9.536922221552050771e-02 9.943867741093190271e-02 9.536922221552050771e-02 1.094559999999999977e-01 1.004000747270751281e-01 9.943867741093190271e-02 1.004000747270751281e-01 1.147999999999999854e-01
1.783160000000000300e-01 1.022902719464174048e-01 1.045611523281687327e-01 1.022902719464174048e-01 1.094559999999999977e-01 1.061147398690795579e-01 1.045611523281687327e-01 1.061147398690795579e-01 1.147999999999999854e-01
1.783160000000000300e-01 1.037359999999999949e-01 1.076400000000000134e-01 1.037359999999999949e-01 1.094559999999999977e-01 1.066399999999999848e-01 1.076400000000000134e-01 1.066399999999999848e-01 1.147999999999999854e-01
c: 
1.727999999999999980e+00
2.306000000000000050e+00
2.935000000000000053e+00
