CDF: 
1.799999999999999933e-01 3.599999999999999867e-01 5.699999999999999512e-01 1.000000000000000000e+00
1.400000000000000133e-01 2.600000000000000089e-01 7.099999999999999645e-01 1.000000000000000000e+00
2.500000000000000000e-01 6.099999999999999867e-01 7.700000000000000178e-01 1.000000000000000000e+00
sigma: 
1.683000000000000052e-01 1.916763344572319176e-03 5.357277202793900295e-03 1.916763344572319176e-03 1.227639999999999842e-01 5.206292850059046108e-03 5.357277202793900295e-03 5.206292850059046108e-03 1.360439999999999983e-01
1.683000000000000052e-01 1.008478582553191082e-02 7.621859135804800491e-03 1.008478582553191082e-02 1.227639999999999842e-01 1.204722699990497248e-02 7.621859135804800491e-03 1.204722699990497248e-02 1.360439999999999983e-01
1.683000000000000052e-01 1.577419409844773787e-02 1.792173724459130563e-02 1.577419409844773787e-02 1.227639999999999842e-01 1.396364081685305680e-02 1.792173724459130563e-02 1.396364081685305680e-02 1.360439999999999983e-01
1.683000000000000052e-01 2.405683895782284240e-02 2.463919061571020336e-02 2.405683895782284240e-02 1.227639999999999842e-01 2.062299204558579874e-02 2.463919061571020336e-02 2.062299204558579874e-02 1.360439999999999983e-01
1.683000000000000052e-01 2.706567244198538474e-02 2.941450434056502514e-02 2.706567244198538474e-02 1.227639999999999842e-01 2.648413093977671981e-02 2.941450434056502514e-02 2.648413093977671981e-02 1.360439999999999983e-01
1.683000000000000052e-01 3.595592084035131863e-02 3.538339947275025155e-02 3.595592084035131863e-02 1.227639999999999842e-01 3.251224955959670232e-02 3.538339947275025155e-02 3.251224955959670232e-02 1.360439999999999983e-01
1.683000000000000052e-01 3.889249210712894533e-02 4.343656157491733449e-02 3.889249210712894533e-02 1.227639999999999842e-01 3.994549167715699678e-02 4.343656157491733449e-02 3.994549167715699678e-02 1.360439999999999983e-01
1.683000000000000052e-01 4.778333745231647112e-02 4.811022485934839110e-02 4.778333745231647112e-02 1.227639999999999842e-01 4.737516612882450989e-02 4.811022485934839110e-02 4.737516612882450989e-02 1.360439999999999983e-01
1.683000000000000052e-01 5.362872110339830800e-02 5.644185046599219102e-02 5.362872110339830800e-02 1.227639999999999842e-01 5.000702197030638257e-02 5.644185046599219102e-02 5.000702197030638257e-02 1.360439999999999983e-01
1.683000000000000052e-01 6.215496476100461354e-02 6.177180392826008698e-02 6.215496476100461354e-02 1.227639999999999842e-01 6.135607121606849457e-02 6.177180392826008698e-02 6.135607121606849457e-02 1.360439999999999983e-01
1.683000000000000052e-01 6.418687925953990570e-02 6.504009543761674061e-02 6.418687925953990570e-02 1.227639999999999842e-01 6.381679668086992496e-02 6.504009543761674061e-02 6.381679668086992496e-02 1.360439999999999983e-01
1.683000000000000052e-01 7.154105087764237036e-02 7.378714910037346975e-02 7.154105087764237036e-02 1.227639999999999842e-01 7.212226202687602172e-02 7.378714910037346975e-02 7.212226202687602172e-02 1.360439999999999983e-01
1.683000000000000052e-01 7.697387943468703142e-02 8.068020582457746670e-02 7.697387943468703142e-02 1.227639999999999842e-01 7.503272276768384319e-02 8.068020582457746670e-02 7.503272276768384319e-02 1.360439999999999983e-01
1.683000000000000052e-01 8.344857188870929976e-02 8.474334338028223501e-02 8.344857188870929976e-02 1.227639999999999842e-01 8.445959304501238218e-02 8.474334338028223501e-02 8.445959304501238218e-02 1.360439999999999983e-01
1.683000000000000052e-01 8.981867995300203689e-02 9.380396619439221317e-02 8.981867995300203689e-02 1.227639999999999842e-01 9.007627616974098195e-02 9.380396619439221317e-02 9.007627616974098195e-02 1.360439999999999983e-01
1.683000000000000052e-01 9.826586818088235697e-02 9.673018590759964452e-02 9.826586818088235697e-02 1.227639999999999842e-01 9.536872456611654447e-02 9.673018590759964452e-02 9.536872456611654447e-02 1.360439999999999983e-01
1.683000000000000052e-01 1.027330136696402718e-01 1.062069293654111651e-01 1.027330136696402718e-01 1.227639999999999842e-01 1.045580512172112758e-01 1.062069293654111651e-01 1.045580512172112758e-01 1.360439999999999983e-01
1.683000000000000052e-01 1.123821485976445600e-01 1.112497296783377110e-01 1.123821485976445600e-01 1.227639999999999842e-01 1.067937719530796525e-01 1.112497296783377110e-01 1.067937719530796525e-01 1.360439999999999983e-01
1.683000000000000052e-01 1.181841585037933656e-01 1.207691394361231629e-01 1.181841585037933656e-01 1.227639999999999842e-01 1.131270441674728511e-01 1.207691394361231629e-01 1.131270441674728511e-01 1.360439999999999983e-01
1.683000000000000052e-01 1.190999999999999975e-01 1.219000000000000083e-01 1.190999999999999975e-01 1.227639999999999842e-01 1.175959999999999922e-01 1.219000000000000083e-01 1.175959999999999922e-01 1.360439999999999983e-01
c: 
1.881999999999999895e+00
2.818000000000000060e+00
1.000999999999999890e+00
