CDF: 
3.300000000000000155e-01 6.899999999999999467e-01 8.100000000000000533e-01 1.000000000000000000e+00
2.600000000000000089e-01 6.099999999999999867e-01 8.199999999999999512e-01 1.000000000000000000e+00
1.600000000000000033e-01 1.799999999999999933e-01 6.700000000000000400e-01 1.000000000000000000e+00
sigma: 
1.275000000000000022e-01 2.090361560965686878e-03 2.669815751293147348e-03 2.090361560965686878e-03 1.160440000000000083e-01 5.042131134369864237e-03 2.669815751293147348e-03 5.042131134369864237e-03 1.282999999999999974e-01
1.275000000000000022e-01 1.188874218126442089e-02 7.376927389313166043e-03 1.188874218126442089e-02 1.160440000000000083e-01 6.460724698898553768e-03 7.376927389313166043e-03 6.460724698898553768e-03 1.282999999999999974e-01
1.275000000000000022e-01 1.378954869580435380e-02 1.225097688222931067e-02 1.378954869580435380e-02 1.160440000000000083e-01 1.129170176806227818e-02 1.225097688222931067e-02 1.129170176806227818e-02 1.282999999999999974e-01
1.275000000000000022e-01 2.198366602512207349e-02 1.874121819383706491e-02 2.198366602512207349e-02 1.160440000000000083e-01 1.863800758321649750e-02 1.874121819383706491e-02 1.863800758321649750e-02 1.282999999999999974e-01
1.275000000000000022e-01 2.916996792392444887e-02 2.314922966354298131e-02 2.916996792392444887e-02 1.160440000000000083e-01 2.371299408163043618e-02 2.314922966354298131e-02 2.371299408163043618e-02 1.282999999999999974e-01
1.275000000000000022e-01 3.527205153329503184e-02 2.801842044010968355e-02 3.527205153329503184e-02 1.160440000000000083e-01 3.007008181715467923e-02 2.801842044010968355e-02 3.007008181715467923e-02 1.282999999999999974e-01
1.275000000000000022e-01 4.086923878205044741e-02 3.833667293159422756e-02 4.086923878205044741e-02 1.160440000000000083e-01 3.611802504493624028e-02 3.833667293159422756e-02 3.611802504493624028e-02 1.282999999999999974e-01
1.275000000000000022e-01 4.660588634399063374e-02 4.381847378748382482e-02 4.660588634399063374e-02 1.160440000000000083e-01 3.760638235830287418e-02 4.381847378748382482e-02 3.760638235830287418e-02 1.282999999999999974e-01
1.275000000000000022e-01 5.117519081039870882e-02 4.728739660636254588e-02 5.117519081039870882e-02 1.160440000000000083e-01 4.313632069155970417e-02 4.728739660636254588e-02 4.313632069155970417e-02 1.282999999999999974e-01
1.275000000000000022e-01 5.884755850498068347e-02 5.340211678859368982e-02 5.884755850498068347e-02 1.160440000000000083e-01 4.865519324497563636e-02 5.340211678859368982e-02 4.865519324497563636e-02 1.282999999999999974e-01
1.275000000000000022e-01 6.287161750618597278e-02 6.055779825486442419e-02 6.287161750618597278e-02 1.160440000000000083e-01 5.655307649315718249e-02 6.055779825486442419e-02 5.655307649315718249e-02 1.282999999999999974e-01
1.275000000000000022e-01 7.112298984724758910e-02 6.135593987856326204e-02 7.112298984724758910e-02 1.160440000000000083e-01 5.928529428163677173e-02 6.135593987856326204e-02 5.928529428163677173e-02 1.282999999999999974e-01
1.275000000000000022e-01 7.569267123467651737e-02 7.015167913227599028e-02 7.569267123467651737e-02 1.160440000000000083e-01 6.770732299078317806e-02 7.015167913227599028e-02 6.770732299078317806e-02 1.282999999999999974e-01
1.275000000000000022e-01 8.398637975428469016e-02 7.389454890631695638e-02 8.398637975428469016e-02 1.160440000000000083e-01 7.205836419194470988e-02 7.389454890631695638e-02 7.205836419194470988e-02 1.282999999999999974e-01
1.275000000000000022e-01 8.852206977808101118e-02 7.852554323991817187e-02 8.852206977808101118e-02 1.160440000000000083e-01 7.845501106197513841e-02 7.852554323991817187e-02 7.845501106197513841e-02 1.282999999999999974e-01
1.275000000000000022e-01 9.719255179163029112e-02 8.657883449540022813e-02 9.719255179163029112e-02 1.160440000000000083e-01 8.167633386007863705e-02 8.657883449540022813e-02 8.167633386007863705e-02 1.282999999999999974e-01
1.275000000000000022e-01 1.000539371092056817e-01 8.995594448072054272e-02 1.000539371092056817e-01 1.160440000000000083e-01 8.972559001157079384e-02 8.995594448072054272e-02 8.972559001157079384e-02 1.282999999999999974e-01
1.275000000000000022e-01 1.056801950746451002e-01 9.774995021656313066e-02 1.056801950746451002e-01 1.160440000000000083e-01 9.333501916176030477e-02 9.774995021656313066e-02 9.333501916176030477e-02 1.282999999999999974e-01
1.275000000000000022e-01 1.120200931588967719e-01 1.033902546911953102e-01 1.120200931588967719e-01 1.160440000000000083e-01 9.602598978948539976e-02 1.033902546911953102e-01 9.602598978948539976e-02 1.282999999999999974e-01
1.275000000000000022e-01 1.172599999999999892e-01 1.048999999999999932e-01 1.172599999999999892e-01 1.160440000000000083e-01 1.005800000000000027e-01 1.048999999999999932e-01 1.005800000000000027e-01 1.282999999999999974e-01
c: 
1.098000000000000087e+00
2.850999999999999979e+00
1.558000000000000052e+00
