CDF: 
1.199999999999999956e-01 4.000000000000000222e-01 4.299999999999999933e-01 1.000000000000000000e+00
3.099999999999999978e-01 4.099999999999999756e-01 5.699999999999999512e-01 1.000000000000000000e+00
1.900000000000000022e-01 3.400000000000000244e-01 3.900000000000000133e-01 1.000000000000000000e+00
sigma: 
1.789560000000000040e-01 7.548106670686874700e-03 5.239571613666603803e-03 7.548106670686874700e-03 1.954039999999999666e-01 1.295505112005712178e-03 5.239571613666603803e-03 1.295505112005712178e-03 1.884000000000000119e-01
1.789560000000000040e-01 1.019374318203321132e-02 1.065360910754157078e-02 1.019374318203321132e-02 1.954039999999999666e-01 1.062674610305905896e-02 1.065360910754157078e-02 1.062674610305905896e-02 1.884000000000000119e-01
1.789560000000000040e-01 2.473577136058138781e-02 2.630425832795377228e-02 2.473577136058138781e-02 1.954039999999999666e-01 1.918306825656818787e-02 2.630425832795377228e-02 1.918306825656818787e-02 1.884000000000000119e-01
1.789560000000000040e-01 3.472601389935964927e-02 3.024559727480087210e-02 3.472601389935964927e-02 1.954039999999999666e-01 2.832661916445902359e-02 3.024559727480087210e-02 2.832661916445902359e-02 1.884000000000000119e-01
1.789560000000000040e-01 3.870139182930994182e-02 3.863176812523461123e-02 3.870139182930994182e-02 1.954039999999999666e-01 4.237554711148697195e-02 3.863176812523461123e-02 4.237554711148697195e-02 1.884000000000000119e-01
1.789560000000000040e-01 4.367813147346985558e-02 5.024592907815846748e-02 4.367813147346985558e-02 1.954039999999999666e-01 4.539517572689444336e-02 5.024592907815846748e-02 4.539517572689444336e-02 1.884000000000000119e-01
1.789560000000000040e-01 6.063411349031942732e-02 6.188302138226711019e-02 6.063411349031942732e-02 1.954039999999999666e-01 5.700061342509192552e-02 6.188302138226711019e-02 5.700061342509192552e-02 1.884000000000000119e-01
1.789560000000000040e-01 6.129173307302204776e-02 7.108487594432395806e-02 6.129173307302204776e-02 1.954039999999999666e-01 6.656456534409585513e-02 7.108487594432395806e-02 6.656456534409585513e-02 1.884000000000000119e-01
1.789560000000000040e-01 7.286208103852057083e-02 7.298213188276780894e-02 7.286208103852057083e-02 1.954039999999999666e-01 7.026810665533117506e-02 7.298213188276780894e-02 7.026810665533117506e-02 1.884000000000000119e-01
1.789560000000000040e-01 8.704590025206013215e-02 8.490046185958419200e-02 8.704590025206013215e-02 1.954039999999999666e-01 8.550180571090799930e-02 8.490046185958419200e-02 8.550180571090799930e-02 1.884000000000000119e-01
1.789560000000000040e-01 9.347980718549701862e-02 9.463006165984229334e-02 9.347980718549701862e-02 1.954039999999999666e-01 9.002262727442374157e-02 9.463006165984229334e-02 9.002262727442374157e-02 1.884000000000000119e-01
1.789560000000000040e-01 9.930421572841924283e-02 1.032479524424456258e-01 9.930421572841924283e-02 1.954039999999999666e-01 1.002549311481887445e-01 1.032479524424456258e-01 1.002549311481887445e-01 1.884000000000000119e-01
1.789560000000000040e-01 1.125486134132397398e-01 1.123241219572998911e-01 1.125486134132397398e-01 1.954039999999999666e-01 1.041389188651775655e-01 1.123241219572998911e-01 1.041389188651775655e-01 1.884000000000000119e-01
1.789560000000000040e-01 1.179277170525173668e-01 1.197787918656405270e-01 1.179277170525173668e-01 1.954039999999999666e-01 1.205467853322842176e-01 1.197787918656405270e-01 1.205467853322842176e-01 1.884000000000000119e-01
1.789560000000000040e-01 1.251604787276041630e-01 1.316258332843953660e-01 1.251604787276041630e-01 1.954039999999999666e-01 1.257115481239885202e-01 1.316258332843953660e-01 1.257115481239885202e-01 1.884000000000000119e-01
1.789560000000000040e-01 1.356279802061765571e-01 1.444841039258324411e-01 1.356279802061765571e-01 1.954039999999999666e-01 1.360046651040549559e-01 1.444841039258324411e-01 1.360046651040549559e-01 1.884000000000000119e-01
1.789560000000000040e-01 1.482043671067163060e-01 1.475220105142687477e-01 1.482043671067163060e-01 1.954039999999999666e-01 1.382504968265012013e-01 1.475220105142687477e-01 1.382504968265012013e-01 1.884000000000000119e-01
1.789560000000000040e-01 1.531101972317642224e-01 1.583038204499177537e-01 1.531101972317642224e-01 1.954039999999999666e-01 1.529114888076326118e-01 1.583038204499177537e-01 1.529114888076326118e-01 1.884000000000000119e-01
1.789560000000000040e-01 1.593020168062524444e-01 1.694704184874150366e-01 1.593020168062524444e-01 1.954039999999999666e-01 1.624157809405329111e-01 1.694704184874150366e-01 1.624157809405329111e-01 1.884000000000000119e-01
1.789560000000000040e-01 1.656679999999999819e-01 1.729199999999999904e-01 1.656679999999999819e-01 1.954039999999999666e-01 1.639599999999999946e-01 1.729199999999999904e-01 1.639599999999999946e-01 1.884000000000000119e-01
c: 
2.216000000000000192e+00
2.625000000000000000e+00
1.735000000000000098e+00
