CDF: 
2.899999999999999800e-01 3.699999999999999956e-01 7.299999999999999822e-01 1.000000000000000000e+00
4.099999999999999756e-01 4.699999999999999734e-01 7.199999999999999734e-01 1.000000000000000000e+00
3.300000000000000155e-01 4.000000000000000222e-01 5.200000000000000178e-01 1.000000000000000000e+00
sigma: 
1.542040000000000077e-01 5.338060357082533621e-04 6.685951875081960760e-03 5.338060357082533621e-04 1.727790000000000437e-01 4.297661624597147803e-03 6.685951875081960760e-03 4.297661624597147803e-03 2.179710000000000258e-01
1.542040000000000077e-01 1.314132558669947777e-02 8.194698967276895993e-03 1.314132558669947777e-02 1.727790000000000437e-01 1.378130524002722443e-02 8.194698967276895993e-03 1.378130524002722443e-02 2.179710000000000258e-01
1.542040000000000077e-01 2.035586005865736708e-02 2.094333780986797414e-02 2.035586005865736708e-02 1.727790000000000437e-01 2.344853997294414974e-02 2.094333780986797414e-02 2.344853997294414974e-02 2.179710000000000258e-01
1.542040000000000077e-01 2.961079355298964350e-02 2.671125785726369620e-02 2.961079355298964350e-02 1.727790000000000437e-01 2.627245972928697951e-02 2.671125785726369620e-02 2.627245972928697951e-02 2.179710000000000258e-01
1.542040000000000077e-01 3.994564311129980561e-02 3.175467413549345336e-02 3.994564311129980561e-02 1.727790000000000437e-01 3.431191538036031108e-02 3.175467413549345336e-02 3.431191538036031108e-02 2.179710000000000258e-01
1.542040000000000077e-01 4.302301889559462245e-02 4.044065606169629234e-02 4.302301889559462245e-02 1.727790000000000437e-01 4.621378653977345485e-02 4.044065606169629234e-02 4.621378653977345485e-02 2.179710000000000258e-01
1.542040000000000077e-01 5.132796180090555549e-02 4.787029337891404029e-02 5.132796180090555549e-02 1.727790000000000437e-01 5.789509653968308300e-02 4.787029337891404029e-02 5.789509653968308300e-02 2.179710000000000258e-01
1.542040000000000077e-01 5.924248562317051964e-02 5.958994223044219302e-02 5.924248562317051964e-02 1.727790000000000437e-01 5.929275026230349660e-02 5.958994223044219302e-02 5.929275026230349660e-02 2.179710000000000258e-01
1.542040000000000077e-01 6.736340205642490919e-02 6.346479340520363999e-02 6.736340205642490919e-02 1.727790000000000437e-01 6.689144112656912611e-02 6.346479340520363999e-02 6.689144112656912611e-02 2.179710000000000258e-01
1.542040000000000077e-01 8.300987764341788422e-02 7.015815785437712337e-02 8.300987764341788422e-02 1.727790000000000437e-01 7.982241832874385767e-02 7.015815785437712337e-02 7.982241832874385767e-02 2.179710000000000258e-01
1.542040000000000077e-01 8.384681528628452896e-02 7.712562514652326895e-02 8.384681528628452896e-02 1.727790000000000437e-01 8.985737998637528812e-02 7.712562514652326895e-02 8.985737998637528812e-02 2.179710000000000258e-01
1.542040000000000077e-01 9.879890334857517609e-02 8.964067259058239312e-02 9.879890334857517609e-02 1.727790000000000437e-01 9.167992590451942703e-02 8.964067259058239312e-02 9.167992590451942703e-02 2.179710000000000258e-01
1.542040000000000077e-01 1.075212576700317335e-01 9.196992956832300559e-02 1.075212576700317335e-01 1.727790000000000437e-01 1.026935646532457364e-01 9.196992956832300559e-02 1.026935646532457364e-01 2.179710000000000258e-01
1.542040000000000077e-01 1.122011986260366551e-01 1.042676557944915844e-01 1.122011986260366551e-01 1.727790000000000437e-01 1.092274906357423442e-01 1.042676557944915844e-01 1.092274906357423442e-01 2.179710000000000258e-01
1.542040000000000077e-01 1.204327405562119896e-01 1.068026119729827833e-01 1.204327405562119896e-01 1.727790000000000437e-01 1.231133099977709811e-01 1.068026119729827833e-01 1.231133099977709811e-01 2.179710000000000258e-01
1.542040000000000077e-01 1.290744717491785487e-01 1.142832426444584520e-01 1.290744717491785487e-01 1.727790000000000437e-01 1.294301005138074612e-01 1.142832426444584520e-01 1.294301005138074612e-01 2.179710000000000258e-01
1.542040000000000077e-01 1.405265134748337752e-01 1.230617076284576533e-01 1.405265134748337752e-01 1.727790000000000437e-01 1.343402599444723788e-01 1.230617076284576533e-01 1.343402599444723788e-01 2.179710000000000258e-01
1.542040000000000077e-01 1.466496177812961488e-01 1.353201671583303956e-01 1.466496177812961488e-01 1.727790000000000437e-01 1.476631390554085377e-01 1.353201671583303956e-01 1.476631390554085377e-01 2.179710000000000258e-01
1.542040000000000077e-01 1.498714504138743964e-01 1.359179673765983087e-01 1.498714504138743964e-01 1.727790000000000437e-01 1.518503791199983521e-01 1.359179673765983087e-01 1.518503791199983521e-01 2.179710000000000258e-01
1.542040000000000077e-01 1.579540000000000388e-01 1.432220000000000160e-01 1.579540000000000388e-01 1.727790000000000437e-01 1.574970000000000259e-01 1.432220000000000160e-01 1.574970000000000259e-01 2.179710000000000258e-01
c: 
1.685999999999999943e+00
2.782000000000000028e+00
2.730999999999999872e+00
