CDF: 
2.000000000000000111e-01 2.399999999999999911e-01 3.599999999999999867e-01 1.000000000000000000e+00
3.200000000000000067e-01 6.300000000000000044e-01 7.299999999999999822e-01 1.000000000000000000e+00
1.300000000000000044e-01 2.800000000000000266e-01 7.099999999999999645e-01 1.000000000000000000e+00
sigma: 
1.763840000000000130e-01 4.544243696269232376e-04 1.622515650204027059e-03 4.544243696269232376e-04 1.600160000000000193e-01 4.047891048499932336e-04 1.622515650204027059e-03 4.047891048499932336e-04 1.227360000000000118e-01
1.763840000000000130e-01 9.788385075686606429e-03 1.105955278229973741e-02 9.788385075686606429e-03 1.600160000000000193e-01 8.486366228513576512e-03 1.105955278229973741e-02 8.486366228513576512e-03 1.227360000000000118e-01
1.763840000000000130e-01 1.471980211369622663e-02 1.578210926464031563e-02 1.471980211369622663e-02 1.600160000000000193e-01 1.436932405594146256e-02 1.578210926464031563e-02 1.436932405594146256e-02 1.227360000000000118e-01
1.763840000000000130e-01 1.831983951162489618e-02 1.925549430205612811e-02 1.831983951162489618e-02 1.600160000000000193e-01 2.149421960242270391e-02 1.925549430205612811e-02 2.149421960242270391e-02 1.227360000000000118e-01
1.763840000000000130e-01 2.309884711531198440e-02 2.692439487235240292e-02 2.309884711531198440e-02 1.600160000000000193e-01 3.053519629420432119e-02 2.692439487235240292e-02 3.053519629420432119e-02 1.227360000000000118e-01
1.763840000000000130e-01 3.367637356031780854e-02 2.769824409335022372e-02 3.367637356031780854e-02 1.600160000000000193e-01 3.854547309104444652e-02 2.769824409335022372e-02 3.854547309104444652e-02 1.227360000000000118e-01
1.763840000000000130e-01 3.810828415861476637e-02 3.483673605495830883e-02 3.810828415861476637e-02 1.600160000000000193e-01 4.551227167579340732e-02 3.483673605495830883e-02 4.551227167579340732e-02 1.227360000000000118e-01
1.763840000000000130e-01 4.521298972035262681e-02 4.139562252903915968e-02 4.521298972035262681e-02 1.600160000000000193e-01 5.265727576386674408e-02 4.139562252903915968e-02 5.265727576386674408e-02 1.227360000000000118e-01
1.763840000000000130e-01 4.721913964251500673e-02 4.598708972369513343e-02 4.721913964251500673e-02 1.600160000000000193e-01 6.005089776856827738e-02 4.598708972369513343e-02 6.005089776856827738e-02 1.227360000000000118e-01
1.763840000000000130e-01 5.489593426822211852e-02 5.013736857723179868e-02 5.489593426822211852e-02 1.600160000000000193e-01 6.781434432624612596e-02 5.013736857723179868e-02 6.781434432624612596e-02 1.227360000000000118e-01
1.763840000000000130e-01 6.223225069244044810e-02 5.536016897257205888e-02 6.223225069244044810e-02 1.600160000000000193e-01 7.088977034495630436e-02 5.536016897257205888e-02 7.088977034495630436e-02 1.227360000000000118e-01
1.763840000000000130e-01 6.675306129141857225e-02 6.110420837010389211e-02 6.675306129141857225e-02 1.600160000000000193e-01 8.189586537833072610e-02 6.110420837010389211e-02 8.189586537833072610e-02 1.227360000000000118e-01
1.763840000000000130e-01 7.318333871372748045e-02 6.811550378406912298e-02 7.318333871372748045e-02 1.600160000000000193e-01 8.658263806778383753e-02 6.811550378406912298e-02 8.658263806778383753e-02 1.227360000000000118e-01
1.763840000000000130e-01 7.744400263917332328e-02 7.241832303789698388e-02 7.744400263917332328e-02 1.600160000000000193e-01 9.670690557617411809e-02 7.241832303789698388e-02 9.670690557617411809e-02 1.227360000000000118e-01
1.763840000000000130e-01 8.168610875444232144e-02 7.880430022503878695e-02 8.168610875444232144e-02 1.600160000000000193e-01 1.030105735648250836e-01 7.880430022503878695e-02 1.030105735648250836e-01 1.227360000000000118e-01
1.763840000000000130e-01 9.088703542267695390e-02 8.426468440615814126e-02 9.088703542267695390e-02 1.600160000000000193e-01 1.079864835177900134e-01 8.426468440615814126e-02 1.079864835177900134e-01 1.227360000000000118e-01
1.763840000000000130e-01 9.466657816024501293e-02 9.125056547750831637e-02 9.466657816024501293e-02 1.600160000000000193e-01 1.126901442362482908e-01 9.125056547750831637e-02 1.126901442362482908e-01 1.227360000000000118e-01
1.763840000000000130e-01 1.018609918991539576e-01 9.652757644012784077e-02 1.018609918991539576e-01 1.600160000000000193e-01 1.225771136063429495e-01 9.652757644012784077e-02 1.225771136063429495e-01 1.227360000000000118e-01
1.763840000000000130e-01 1.047627380332359220e-01 1.025428667365618912e-01 1.047627380332359220e-01 1.600160000000000193e-01 1.260780787907510303e-01 1.025428667365618912e-01 1.260780787907510303e-01 1.227360000000000118e-01
1.763840000000000130e-01 1.082879999999999954e-01 1.051679999999999976e-01 1.082879999999999954e-01 1.600160000000000193e-01 1.325760000000000272e-01 1.051679999999999976e-01 1.325760000000000272e-01 1.227360000000000118e-01
c: 
1.256000000000000005e+00
2.362999999999999989e+00
1.054000000000000048e+00
